

TREE # 1

  0  0.0000   3016.776345  x:  0.00003   0.00000   0.11027   0.26357   0.09221   0.08158   0.02682   0.02220   0.01533   0.33460   0.07058   0.01565   0.01968   0.83275   1.12308  
  1 99.0000   3015.268674  x:  0.00753   0.00461   0.11006   0.26398   0.09249   0.08122   0.02645   0.02108   0.01224   0.33551   0.07118   0.01533   0.01627   0.83597   1.12152  
  2 525.3527   3011.319435  x:  0.00671   0.00433   0.10869   0.26544   0.09314   0.07944   0.02521   0.01733   0.00000   0.33922   0.07311   0.01457   0.00423   0.84891   1.11526  
  3 395.9699   3011.319435  x:  0.00671   0.00433   0.10869   0.26544   0.09314   0.07944   0.02521   0.01733   0.00000   0.33922   0.07311   0.01457   0.00423   0.84891   1.11526  
  4 454.7135   3009.615959  x:  0.00287   0.00293   0.10817   0.26588   0.09332   0.07932   0.02529   0.01775   0.00054   0.34033   0.07380   0.01512   0.01366   0.85289   1.11330  
  5 437.0503   3008.254366  x:  0.00000   0.00210   0.10729   0.26674   0.09375   0.07914   0.02539   0.01827   0.00133   0.34242   0.07508   0.01543   0.01283   0.86056   1.10948  
  6 235.1745   3003.134459  x:  0.00050   0.00000   0.10440   0.26966   0.09529   0.07863   0.02571   0.01986   0.00365   0.34958   0.07945   0.01642   0.01254   0.88699   1.09629  
  7 1708.0748   2963.370714  x:  0.00100   0.04422   0.05346   0.32620   0.12367   0.06772   0.02970   0.04047   0.02513   0.48715   0.15646   0.02749   0.01406   1.40385   0.83671  
  8 8038.4960   2936.734415  x:  0.00041   0.03876   0.06968   0.33751   0.12235   0.06840   0.02379   0.02424   0.00000   0.51922   0.15885   0.01244   0.01434   1.56099   0.75125  
  9 1488.7897   2916.300466  x:  0.00000   0.03136   0.08429   0.34337   0.11255   0.07770   0.03104   0.00862   0.00000   0.54644   0.13986   0.03845   0.01303   1.76096   0.63258  
 10 2030.9219   2881.935043  x:  0.00000   0.01099   0.11684   0.34828   0.08061   0.10120   0.04264   0.05985   0.00000   0.60115   0.06588   0.06244   0.01030   2.29527   0.30152  
 11 3909.3952   2870.886403  x:  0.00000   0.00000   0.08572   0.33631   0.08922   0.09809   0.03048   0.05261   0.00000   0.58942   0.05946   0.05756   0.00982   2.44658   0.19423  
 12 783.0182   2865.778702  x:  0.00000   0.00000   0.09492   0.30449   0.09055   0.10146   0.05590   0.05355   0.00000   0.51271   0.08717   0.05223   0.01001   2.53254   0.16730  
 13 152.7096   2857.736648  x:  0.00000   0.00000   0.09450   0.26072   0.09021   0.10008   0.04585   0.05189   0.00000   0.37783   0.07161   0.05238   0.01056   2.61415   0.20136  
 14 275.6451   2857.051402  x:  0.00000   0.00000   0.09352   0.28228   0.08619   0.10007   0.03725   0.05419   0.00000   0.36346   0.08021   0.05619   0.01022   2.65860   0.20223  
 15 49.4272   2856.544478  x:  0.00000   0.00000   0.08793   0.29908   0.09499   0.09787   0.04541   0.05347   0.00000   0.35725   0.07803   0.05325   0.01006   2.70646   0.20703  
 16 83.8829   2855.872765  x:  0.00000   0.00000   0.07782   0.28704   0.09305   0.09396   0.04542   0.05403   0.00000   0.37091   0.08613   0.05268   0.00951   2.79955   0.22260  
 17 46.5109   2855.792292  x:  0.00000   0.00000   0.07963   0.28476   0.09854   0.09377   0.04292   0.05526   0.00000   0.37282   0.08775   0.05451   0.00939   2.81141   0.22390  
 18 40.5924   2855.455960  x:  0.00000   0.00000   0.07685   0.28507   0.10008   0.11016   0.04127   0.05349   0.00000   0.37376   0.08765   0.05084   0.00951   2.81370   0.22563  
 19  0.3709   2843.512740  x:  0.00000   0.00000   0.07569   0.29514   0.10281   0.09760   0.02241   0.02399   0.00000   0.38601   0.07601   0.01302   0.01016   2.87111   0.23261  
 20  7.3253   2839.627764  x:  0.00000   0.00000   0.10383   0.30550   0.10272   0.07130   0.02869   0.02017   0.00000   0.40392   0.08667   0.01402   0.00881   3.17864   0.25690  
 21  0.2356   2838.266552  x:  0.00000   0.00000   0.11097   0.30192   0.10397   0.08377   0.02023   0.01994   0.00000   0.39673   0.08823   0.01832   0.00832   3.46416   0.26048  
 22  0.2826   2837.513950  x:  0.00000   0.00000   0.11324   0.29973   0.10299   0.09228   0.02618   0.01698   0.00000   0.39192   0.08695   0.01364   0.00857   3.67614   0.26126  
 23  0.4285   2836.971737  x:  0.00000   0.00000   0.11062   0.30066   0.10168   0.08640   0.02823   0.01923   0.00000   0.39324   0.08180   0.01734   0.00917   3.96440   0.25620  
 24  0.2666   2836.847972  x:  0.00000   0.00000   0.10922   0.30204   0.10109   0.08370   0.02610   0.01766   0.00000   0.39753   0.08092   0.01548   0.00948   4.06419   0.25581  
 25  0.1528   2836.827893  x:  0.00000   0.00000   0.10862   0.30305   0.10073   0.08518   0.02604   0.01849   0.00000   0.40073   0.08214   0.01505   0.00955   4.09884   0.25710  
 26  0.0406   2836.826048  x:  0.00000   0.00000   0.10810   0.30277   0.10072   0.08540   0.02608   0.01828   0.00000   0.40022   0.08249   0.01525   0.00958   4.11128   0.25756  
 27  0.0101   2836.825991  x:  0.00000   0.00000   0.10797   0.30286   0.10076   0.08535   0.02607   0.01829   0.00000   0.40016   0.08242   0.01523   0.00958   4.11183   0.25771  
 28  0.0005   2836.825988  x:  0.00000   0.00000   0.10797   0.30286   0.10076   0.08537   0.02608   0.01829   0.00000   0.40018   0.08241   0.01523   0.00958   4.11130   0.25776  
 29  0.0005   2836.825988  x:  0.00000   0.00000   0.10797   0.30285   0.10075   0.08536   0.02608   0.01829   0.00000   0.40018   0.08241   0.01523   0.00958   4.11130   0.25776  
 30  0.0000   2836.825988  x:  0.00000   0.00000   0.10797   0.30285   0.10075   0.08536   0.02608   0.01829   0.00000   0.40018   0.08241   0.01523   0.00958   4.11131   0.25776  