Chelonia_mydas Chelonoidis_abingdonii Chrysemys_picta Dermochelys_coriacea Gopherus_evgoodei Mauremys_reevesii Pelodiscus_sinensis Terrapene_carolina Trachemys_scripta
0.0088635 0.00036522 0.0022546 1.8704e-07 5.0841e-05 3.247e-05 6.0549e-08 0.0052729 4.3954e-05
0.0088635 0.00036279 0.0022517 1.1598e-07 5.1028e-05 3.2173e-05 5.6631e-08 0.0052625 4.3948e-05
0.0088634 0.00036032 0.0022488 1.1007e-07 5.1204e-05 3.1865e-05 5.0067e-08 0.0052521 4.3936e-05
0.0088635 0.0003579 0.0022459 7.8171e-08 5.1392e-05 3.157e-05 4.4612e-08 0.0052417 4.3926e-05
0.0088638 0.00035553 0.002243 5.5305e-08 5.1592e-05 3.1288e-05 4.0075e-08 0.0052314 4.3919e-05
0.0088643 0.00035321 0.0022402 3.8878e-08 5.1805e-05 3.1017e-05 3.6301e-08 0.0052211 4.3915e-05
0.008865 0.00035093 0.0022373 2.7027e-08 5.2031e-05 3.0757e-05 3.3162e-08 0.0052109 4.3904e-05
0.0088656 0.00034862 0.0022344 1.1345e-08 5.2246e-05 3.0488e-05 2.7714e-08 0.0052007 4.3887e-05
0.008866 0.00034626 0.0022314 1.0635e-08 5.245e-05 3.0209e-05 3.9829e-08 0.0051905 4.3863e-05
0.0088663 0.00034387 0.0022285 2.1521e-08 5.2642e-05 2.992e-05 4.9117e-08 0.0051802 4.3834e-05
0.0088668 0.00034152 0.0022256 2.2162e-08 5.2847e-05 2.9642e-05 5.994e-08 0.00517 4.3807e-05
0.0088676 0.00033922 0.0022226 1.3385e-08 5.3064e-05 2.9376e-05 7.2675e-08 0.0051598 4.3783e-05
0.0088598 0.00033696 0.0022197 1.2095e-08 5.3295e-05 2.9121e-05 8.8152e-08 0.0051497 4.3762e-05
0.0088519 0.00033467 0.0022168 8.8512e-09 5.3515e-05 2.8857e-05 1.0026e-07 0.0051396 4.3734e-05
0.0088439 0.00033234 0.0022139 3.5414e-09 5.3723e-05 2.8583e-05 1.0913e-07 0.0051294 4.3701e-05
0.0088357 0.00032996 0.002211 4.0383e-09 5.392e-05 2.8299e-05 1.1486e-07 0.0051193 4.3661e-05
0.0088274 0.00032755 0.002208 3.2982e-09 5.4106e-05 2.8005e-05 1.1745e-07 0.0051091 4.3615e-05
0.0088193 0.00032518 0.0022051 2.4831e-09 5.4305e-05 2.7723e-05 1.2207e-07 0.0050989 4.3572e-05
0.0088111 0.00032278 0.0022021 5.967e-09 5.4492e-05 2.7431e-05 1.2358e-07 0.0050887 4.3523e-05
0.008803 0.00032042 0.0021992 1.0361e-08 5.4691e-05 2.7149e-05 1.2688e-07 0.0050786 4.3477e-05
0.0087953 0.0003181 0.0021962 1.6047e-08 5.4904e-05 2.6879e-05 1.3235e-07 0.0050685 4.3433e-05
0.0087877 0.00031582 0.0021933 2.3931e-08 5.5128e-05 2.6618e-05 1.3989e-07 0.0050585 4.3391e-05
0.00878 0.00031351 0.0021904 8.1821e-08 5.5341e-05 2.6348e-05 1.4413e-07 0.0050485 4.3343e-05
0.0087721 0.00031116 0.0021874 1.289e-07 5.5542e-05 2.6069e-05 1.4512e-07 0.0050384 4.3289e-05
0.0087645 0.00030885 0.0021845 1.9611e-07 5.5756e-05 2.5799e-05 1.4813e-07 0.0050284 4.3237e-05
0.008757 0.00030658 0.0021815 2.8702e-07 5.5981e-05 2.554e-05 1.5324e-07 0.0050184 4.3188e-05
0.0087498 0.00030435 0.0021786 4.1011e-07 5.6219e-05 2.5289e-05 1.6057e-07 0.0050085 4.314e-05
0.0081381 0.00014793 0.0019281 4.7957e-08 6.441e-05 1.1589e-05 6.8449e-08 0.0042188 3.6301e-05
0.0081311 0.00014628 0.0019253 4.44e-08 6.4067e-05 1.1451e-05 5.4116e-08 0.0042105 3.6162e-05
0.0081243 0.00014466 0.0019224 4.3058e-08 6.374e-05 1.1318e-05 4.1761e-08 0.0042022 3.6025e-05
0.0081176 0.00014307 0.0019196 2.6999e-08 6.3428e-05 1.1191e-05 3.0984e-08 0.004194 3.589e-05
0.0081112 0.00014151 0.0019167 1.5148e-08 6.3131e-05 1.107e-05 2.1423e-08 0.0041858 3.5758e-05
0.0081051 0.00013997 0.0019139 6.2034e-09 6.2848e-05 1.0953e-05 1.2761e-08 0.0041777 3.5628e-05
0.0080987 0.0001384 0.0019111 6.3555e-09 6.2554e-05 1.083e-05 1.5824e-08 0.0041695 3.5491e-05
0.0080922 0.00013681 0.0019082 4.8671e-09 6.2246e-05 1.0701e-05 1.692e-08 0.0041613 3.5349e-05
0.0080859 0.00013524 0.0019054 3.5471e-09 6.1954e-05 1.0577e-05 1.7987e-08 0.0041532 3.521e-05
0.0080798 0.00013369 0.0019026 2.3177e-09 6.1676e-05 1.0458e-05 1.9065e-08 0.0041451 3.5072e-05
0.0080739 0.00013217 0.0018998 1.0163e-09 6.1413e-05 1.0344e-05 2.0192e-08 0.004137 3.4937e-05
0.0080679 0.00013063 0.0018969 1.8593e-09 6.1138e-05 1.0224e-05 1.9296e-08 0.0041289 3.4795e-05
0.0080618 0.00012905 0.0018941 1.374e-09 6.085e-05 1.0097e-05 3.6478e-08 0.0041208 3.4648e-05
0.0080558 0.00012749 0.0018913 4.7081e-10 6.0576e-05 9.9745e-06 5.5937e-08 0.0041128 3.4503e-05
0.0080497 0.00012591 0.0018884 7.5499e-10 6.0289e-05 9.8456e-06 7.1862e-08 0.0041047 3.4352e-05
0.0080435 0.00012429 0.0018855 3.6295e-09 5.999e-05 9.7101e-06 8.4435e-08 0.0040966 3.4195e-05
0.0080375 0.0001227 0.0018827 2.4002e-09 5.9705e-05 9.5798e-06 9.949e-08 0.0040885 3.404e-05
0.0080318 0.00012114 0.0018799 1.0495e-09 5.9435e-05 9.4546e-06 1.1755e-07 0.0040805 3.3887e-05
0.0080258 0.00011955 0.001877 1.8909e-09 5.9153e-05 9.323e-06 1.319e-07 0.0040725 3.3728e-05
0.0080198 0.00011792 0.0018741 9.0714e-09 5.8859e-05 9.1848e-06 1.4262e-07 0.0040644 3.3564e-05
0.0080136 0.00011627 0.0018713 1.3902e-08 5.8552e-05 9.0401e-06 1.4985e-07 0.0040563 3.3393e-05
0.0080076 0.00011464 0.0018684 2.0559e-08 5.8259e-05 8.8999e-06 1.5944e-07 0.0040483 3.3225e-05
0.0080018 0.00011304 0.0018655 2.9624e-08 5.798e-05 8.7648e-06 1.7205e-07 0.0040403 3.3058e-05
0.0079962 0.00011146 0.0018627 4.213e-08 5.7715e-05 8.6345e-06 1.881e-07 0.0040323 3.2894e-05
0.0079905 0.00010985 0.0018598 1.3287e-07 5.7438e-05 8.4979e-06 2.0013e-07 0.0040244 3.2724e-05
0.007985 0.00010827 0.001857 2.592e-07 5.7175e-05 8.3661e-06 2.1581e-07 0.0040164 3.2556e-05
0.0079794 0.00010665 0.0018541 3.728e-07 5.69e-05 8.2281e-06 2.2743e-07 0.0040085 3.2383e-05
0.0079736 0.00010501 0.0018512 1.1405e-06 5.6614e-05 8.0837e-06 2.3511e-07 0.0040005 3.2203e-05
0.0079678 0.00010334 0.0018483 1.7777e-06 5.6315e-05 7.933e-06 2.3893e-07 0.0039925 3.2018e-05
0.0079618 0.00010164 0.0018454 2.3039e-06 5.6005e-05 7.7758e-06 2.3887e-07 0.0039845 3.1826e-05
0.0079559 9.9963e-05 0.0018426 3.06e-06 5.5707e-05 7.623e-06 2.4176e-07 0.0039765 3.1637e-05
0.0079503 9.831e-05 0.0018397 4.1463e-06 5.5424e-05 7.4751e-06 2.4808e-07 0.0039686 3.145e-05
0.0079449 9.668e-05 0.0018368 4.5028e-06 5.5153e-05 7.3314e-06 2.5765e-07 0.0039607 3.1264e-05
0.0079397 9.5073e-05 0.0018339 4.6071e-06 5.4896e-05 7.1924e-06 2.7117e-07 0.0039528 3.1081e-05
0.0079347 9.3491e-05 0.0018311 4.5938e-06 5.4652e-05 7.0578e-06 2.8911e-07 0.003945 3.0899e-05
0.0079296 9.188e-05 0.0018282 4.5613e-06 5.4397e-05 6.9171e-06 3.0248e-07 0.0039372 3.0712e-05
0.0077624 9.5763e-05 0.0017299 4.0235e-06 4.5858e-05 4.1147e-06 8.4577e-07 0.0036748 2.3278e-05
0.0077577 9.687e-05 0.001727 4.0222e-06 4.5659e-05 4.2183e-06 8.3898e-07 0.0036674 2.3035e-05
0.0077529 9.7951e-05 0.0017241 4.0039e-06 4.545e-05 4.3168e-06 8.2616e-07 0.0036598 2.2786e-05
0.0077483 9.9051e-05 0.0017212 3.851e-06 4.5253e-05 4.418e-06 8.2064e-07 0.0036524 2.2539e-05
0.0077436 0.00010014 0.0017183 3.6973e-06 4.5053e-05 4.517e-06 8.1392e-07 0.0036449 2.2289e-05
0.007739 0.00010122 0.0017154 3.5428e-06 4.485e-05 4.6137e-06 8.0597e-07 0.0036374 2.2036e-05
0.0077344 0.00010229 0.0017125 3.3875e-06 4.4646e-05 4.7082e-06 7.9681e-07 0.0036299 2.178e-05
0.0077297 0.00010335 0.0017096 3.2314e-06 4.4439e-05 4.8003e-06 7.8643e-07 0.0036225 2.1521e-05
0.0077251 0.0001044 0.0017066 3.0746e-06 4.4229e-05 4.8902e-06 7.7484e-07 0.003615 2.1259e-05
0.0077205 0.00010545 0.0017037 2.9169e-06 4.4017e-05 4.9778e-06 7.6203e-07 0.0036075 2.0995e-05
0.0077158 0.00010648 0.0017008 2.7585e-06 4.3803e-05 5.0631e-06 7.4801e-07 0.0036001 2.0727e-05
0.0077112 0.0001075 0.0016978 2.5992e-06 4.3586e-05 5.1462e-06 7.3277e-07 0.0035926 2.0456e-05
0.0077066 0.00010851 0.0016949 2.4392e-06 4.3367e-05 5.227e-06 7.1631e-07 0.0035852 2.0183e-05
0.0077019 0.00010952 0.001692 2.2784e-06 4.3146e-05 5.3055e-06 6.9864e-07 0.0035777 1.9907e-05
0.0076973 0.00011051 0.001689 2.1167e-06 4.2922e-05 5.3817e-06 6.7975e-07 0.0035702 1.9627e-05
0.0076926 0.00011149 0.0016861 1.9543e-06 4.2696e-05 5.4557e-06 6.5965e-07 0.0035628 1.9345e-05
0.007688 0.00011247 0.0016831 1.7911e-06 4.2467e-05 5.5274e-06 6.3833e-07 0.0035553 1.906e-05
0.0076834 0.00011343 0.0016801 1.6271e-06 4.2236e-05 5.5968e-06 6.1579e-07 0.0035479 1.8772e-05
0.0076787 0.00011439 0.0016772 1.4623e-06 4.2002e-05 5.6639e-06 5.9204e-07 0.0035404 1.8481e-05
0.0076741 0.00011533 0.0016742 1.2968e-06 4.1766e-05 5.7288e-06 5.6707e-07 0.003533 1.8187e-05
0.0076695 0.00011627 0.0016712 1.1304e-06 4.1528e-05 5.7914e-06 5.4089e-07 0.0035255 1.789e-05
0.0076648 0.0001172 0.0016682 9.6322e-07 4.1288e-05 5.8517e-06 5.1349e-07 0.0035181 1.759e-05
0.0076602 0.00011811 0.0016653 7.9526e-07 4.1044e-05 5.9097e-06 4.8488e-07 0.0035106 1.7287e-05
0.0076555 0.00011902 0.0016623 6.265e-07 4.0799e-05 5.9655e-06 4.5504e-07 0.0035032 1.6982e-05
0.0076509 0.00011992 0.0016593 4.5695e-07 4.0551e-05 6.019e-06 4.24e-07 0.0034958 1.6673e-05
0.0076464 0.00012083 0.0016563 3.3093e-07 4.0313e-05 6.0748e-06 3.988e-07 0.0034884 1.6366e-05
0.0076421 0.00012176 0.0016533 2.3715e-07 4.0085e-05 6.1331e-06 3.7876e-07 0.003481 1.606e-05
0.007638 0.00012271 0.0016503 1.6726e-07 3.9867e-05 6.1939e-06 3.6335e-07 0.0034737 1.5754e-05
0.0076341 0.00012367 0.0016474 1.1512e-07 3.9658e-05 6.2571e-06 3.5215e-07 0.0034664 1.545e-05
0.0076303 0.00012466 0.0016444 7.7245e-08 3.946e-05 6.3234e-06 3.4533e-07 0.0034591 1.5148e-05
0.0076268 0.00012566 0.0016415 5.0448e-08 3.9273e-05 6.3928e-06 3.4272e-07 0.0034519 1.4847e-05
0.0076234 0.00012668 0.0016385 3.0306e-08 3.9095e-05 6.465e-06 3.4382e-07 0.0034447 1.4547e-05
0.0076202 0.00012772 0.0016356 1.545e-08 3.8927e-05 6.5404e-06 3.4913e-07 0.0034375 1.4248e-05
0.0076172 0.00012878 0.0016326 4.6012e-09 3.8769e-05 6.6188e-06 3.584e-07 0.0034304 1.3951e-05
0.0076141 0.00012981 0.0016297 3.7244e-09 3.8601e-05 6.6915e-06 3.6312e-07 0.0034232 1.3648e-05
0.0076108 0.00013082 0.0016268 1.5839e-09 3.8423e-05 6.7588e-06 3.6343e-07 0.0034161 1.3339e-05
0.0076074 0.0001318 0.0016238 2.4441e-09 3.8235e-05 6.8206e-06 3.5933e-07 0.0034089 1.3025e-05
0.0076039 0.00013275 0.0016208 2.1259e-09 3.8037e-05 6.8768e-06 3.5076e-07 0.0034017 1.2706e-05
0.0076003 0.00013367 0.0016178 6.2623e-10 3.7829e-05 6.9277e-06 3.3765e-07 0.0033945 1.2381e-05
0.0075966 0.00013457 0.0016148 7.9011e-10 3.7611e-05 6.9729e-06 3.1975e-07 0.0033872 1.205e-05
0.0075927 0.00013544 0.0016118 3.421e-09 3.7382e-05 7.0127e-06 2.9686e-07 0.00338 1.1714e-05
0.007589 0.00013633 0.0016088 2.0768e-09 3.7165e-05 7.0557e-06 2.7906e-07 0.0033728 1.1379e-05
0.0075852 0.00013719 0.0016058 4.2162e-09 3.6937e-05 7.0932e-06 2.5654e-07 0.0033655 1.1039e-05
0.0075816 0.00013808 0.0016028 6.6151e-09 3.672e-05 7.134e-06 2.3881e-07 0.0033583 1.07e-05
0.0075782 0.00013898 0.0015998 3.9295e-09 3.6512e-05 7.1777e-06 2.2482e-07 0.0033512 1.0362e-05
0.0075746 0.00013985 0.0015968 6.3831e-09 3.6294e-05 7.2158e-06 2.065e-07 0.003344 1.059e-05
0.0075713 0.00014075 0.0015937 3.8176e-09 3.6086e-05 7.2567e-06 1.9176e-07 0.0033368 1.0818e-05
0.0075678 0.00014161 0.0015907 6.2797e-09 3.5868e-05 7.2921e-06 1.7279e-07 0.0033296 1.1041e-05
0.0075645 0.0001425 0.0015877 9.2616e-09 3.566e-05 7.3308e-06 1.576e-07 0.0033225 1.1264e-05
0.0075614 0.00014341 0.0015847 6.438e-09 3.5462e-05 7.3729e-06 1.4563e-07 0.0033154 1.1488e-05
0.0075585 0.00014434 0.0015817 4.2193e-09 3.5275e-05 7.4183e-06 1.3649e-07 0.0033083 1.1713e-05
0.0075554 0.00014524 0.0015787 7.4349e-09 3.5078e-05 7.4583e-06 1.2385e-07 0.0033012 1.1932e-05
0.0075526 0.00014616 0.0015757 1.1282e-08 3.489e-05 7.5011e-06 1.1357e-07 0.0032942 1.2152e-05
0.0075499 0.0001471 0.0015727 1.6129e-08 3.4711e-05 7.547e-06 1.0532e-07 0.0032872 1.2372e-05
0.0075474 0.00014807 0.0015697 2.2686e-08 3.4542e-05 7.5963e-06 9.9133e-08 0.0032802 1.2593e-05
0.0075448 0.000149 0.0015667 2.7436e-08 3.4363e-05 7.64e-06 8.9808e-08 0.0032732 1.2808e-05
0.0075424 0.00014996 0.0015637 3.4628e-08 3.4194e-05 7.6872e-06 8.2429e-08 0.0032662 1.3024e-05
0.0075399 0.00015089 0.0015607 3.9003e-08 3.4016e-05 7.7288e-06 7.2034e-08 0.0032593 1.3235e-05
0.0075374 0.00015184 0.0015577 4.2421e-08 3.3847e-05 7.7739e-06 6.3448e-08 0.0032523 1.3447e-05
0.0075349 0.00015281 0.0015547 4.4882e-08 3.3687e-05 7.8221e-06 5.6159e-08 0.0032454 1.3659e-05
0.0075323 0.00015376 0.0015517 4.6385e-08 3.3517e-05 7.8646e-06 7.48e-08 0.0032385 1.3866e-05
0.00753 0.00015472 0.0015486 3.4917e-08 3.3356e-05 7.9103e-06 9.6349e-08 0.0032316 1.4074e-05
0.0075275 0.00015565 0.0015456 2.1024e-08 3.3185e-05 7.9501e-06 1.1397e-07 0.0032246 1.4276e-05
0.0075253 0.00015661 0.0015426 1.1037e-08 3.3024e-05 7.9936e-06 1.3563e-07 0.0032178 1.4479e-05
0.0075232 0.00015759 0.0015396 3.4078e-09 3.2872e-05 8.0408e-06 1.6166e-07 0.0032109 1.4682e-05
0.007521 0.00015855 0.0015366 3.0337e-09 3.2711e-05 8.0821e-06 1.8309e-07 0.003204 1.4881e-05
0.007519 0.00015952 0.0015336 2.4586e-09 3.2558e-05 8.1267e-06 2.0873e-07 0.0031972 1.508e-05
0.0075171 0.00016051 0.0015306 1.7439e-09 3.2413e-05 8.1744e-06 2.3932e-07 0.0031904 1.5279e-05
0.0075154 0.00016153 0.0015276 7.453e-10 3.2278e-05 8.2259e-06 2.7642e-07 0.0031836 1.5479e-05
0.0075136 0.00016252 0.0015246 1.4331e-09 3.2133e-05 8.2717e-06 3.0778e-07 0.0031769 1.5674e-05
0.007512 0.00016354 0.0015216 1.7404e-09 3.1998e-05 8.3213e-06 3.0262e-07 0.0031701 1.587e-05
0.0075106 0.00016457 0.0015187 1.7019e-09 3.1872e-05 8.3746e-06 3.0138e-07 0.0031634 1.6067e-05
0.0075094 0.00016563 0.0015157 1.2639e-09 3.1753e-05 8.4313e-06 3.036e-07 0.0031567 1.6264e-05
0.0075083 0.00016671 0.0015127 3.8441e-10 3.1643e-05 8.4913e-06 3.0936e-07 0.0031501 1.6462e-05
0.0075071 0.00016777 0.0015097 5.1855e-10 3.1524e-05 8.5455e-06 3.1085e-07 0.0031434 1.6655e-05
0.0075095 0.00016879 0.0015067 2.531e-10 3.1395e-05 8.5939e-06 3.0061e-07 0.0031367 1.6842e-05
0.0075118 0.00016978 0.0015037 5.7022e-10 3.1257e-05 8.6364e-06 2.8588e-07 0.00313 1.7024e-05
0.0075143 0.0001708 0.0015007 2.7531e-10 3.1128e-05 8.6828e-06 2.7542e-07 0.0031233 1.7207e-05
0.0075166 0.00017179 0.0014977 6.2989e-10 3.099e-05 8.7234e-06 2.6058e-07 0.0031166 1.7384e-05
0.0075191 0.0001728 0.0014947 3.6036e-10 3.0859e-05 8.7673e-06 2.4941e-07 0.00311 1.7562e-05
0.0075215 0.00017378 0.0014917 9.8419e-10 3.072e-05 8.8053e-06 2.3395e-07 0.0031033 1.7735e-05
0.0075241 0.00017479 0.0014887 1.164e-09 3.0589e-05 8.8472e-06 2.2241e-07 0.0030967 1.7909e-05
0.0075269 0.00017582 0.0014857 9.2363e-10 3.0467e-05 8.8931e-06 2.1438e-07 0.0030901 1.8084e-05
0.0075295 0.00017682 0.0014826 2.9424e-09 3.0336e-05 8.9331e-06 2.0248e-07 0.0030834 1.8253e-05
0.0075324 0.00017785 0.0014796 5.1403e-09 3.0214e-05 8.9771e-06 1.9392e-07 0.0030768 1.8423e-05
0.0075354 0.0001789 0.0014766 7.5655e-09 3.0099e-05 9.0245e-06 1.8805e-07 0.0030703 1.8594e-05
0.0075386 0.00017998 0.0014736 1.0576e-08 2.9993e-05 9.0758e-06 1.8502e-07 0.0030637 1.8766e-05
0.007542 0.00018107 0.0014706 1.4334e-08 2.9895e-05 9.1307e-06 1.8438e-07 0.0030572 1.8939e-05
0.0075453 0.00018219 0.0014677 1.7131e-08 2.9804e-05 9.189e-06 1.861e-07 0.0030508 1.9112e-05
0.0075487 0.00018329 0.0014647 1.8967e-08 2.9704e-05 9.2414e-06 1.8433e-07 0.0030443 1.928e-05
0.0075521 0.0001844 0.0014617 1.9842e-08 2.9612e-05 9.2979e-06 1.8524e-07 0.0030378 1.9449e-05
0.0075557 0.00018554 0.0014587 2.1674e-08 2.9527e-05 9.3579e-06 1.8854e-07 0.0030314 1.9619e-05
0.0075594 0.00018671 0.0014557 2.4833e-08 2.9451e-05 9.4221e-06 1.9466e-07 0.003025 1.9789e-05
0.0075633 0.0001879 0.0014528 2.9674e-08 2.9383e-05 9.4904e-06 2.0383e-07 0.0030187 1.9961e-05
0.0075673 0.00018907 0.0014498 3.3556e-08 2.9306e-05 9.5528e-06 2.0931e-07 0.0030123 2.0128e-05
0.0075712 0.00019026 0.0014468 3.6481e-08 2.9236e-05 9.619e-06 2.1761e-07 0.003006 2.0295e-05
0.0075751 0.00019141 0.0014438 3.8447e-08 2.9158e-05 9.679e-06 2.2329e-07 0.0029996 2.0457e-05
0.0075793 0.0001926 0.0014408 2.8763e-08 2.9087e-05 9.7429e-06 2.3197e-07 0.0029933 2.0619e-05
0.0075832 0.00019375 0.0014378 3.476e-08 2.9007e-05 9.8007e-06 2.3677e-07 0.0029869 2.0776e-05
0.0075883 0.00019487 0.0014348 4.374e-08 2.8918e-05 9.8526e-06 2.3702e-07 0.0029806 2.0928e-05
0.0075935 0.00019602 0.0014318 5.6957e-08 2.8838e-05 9.9087e-06 2.4058e-07 0.0029742 2.1081e-05
0.0075989 0.00019719 0.0014289 5.5866e-08 2.8766e-05 9.9693e-06 2.4759e-07 0.0029679 2.1235e-05
0.0076045 0.0001984 0.0014259 3.9057e-08 2.8702e-05 1.0034e-05 2.5828e-07 0.0029617 2.1391e-05
0.0076103 0.00019963 0.0014229 2.6527e-08 2.8645e-05 1.0103e-05 2.7258e-07 0.0029554 2.1547e-05
0.0076163 0.00020089 0.0014199 1.7378e-08 2.8596e-05 1.0177e-05 2.9141e-07 0.0029492 2.1704e-05
0.0076225 0.00020218 0.001417 1.079e-08 2.8555e-05 1.0255e-05 2.7712e-07 0.002943 2.1863e-05
0.0076286 0.00020344 0.001414 1.366e-08 2.8506e-05 1.0327e-05 2.5834e-07 0.0029369 2.2016e-05
0.0076346 0.00020466 0.001411 1.4527e-08 2.8448e-05 1.0392e-05 2.3476e-07 0.0029306 2.2164e-05
0.0076408 0.00020592 0.001408 1.6422e-08 2.8397e-05 1.0463e-05 2.1593e-07 0.0029245 2.2313e-05
0.0076471 0.0002072 0.0014051 1.0554e-08 2.8354e-05 1.0537e-05 2.0079e-07 0.0029183 2.2463e-05
0.0076537 0.00020851 0.0014021 6.1865e-09 2.8319e-05 1.0616e-05 1.8926e-07 0.0029122 2.2614e-05
0.0076605 0.00020985 0.0013991 2.7373e-09 2.8292e-05 1.07e-05 1.8096e-07 0.0029061 2.2767e-05
0.0076671 0.00021116 0.0013962 3.7075e-09 2.8256e-05 1.0778e-05 1.6893e-07 0.0029 2.2914e-05
0.0076736 0.00021244 0.0013932 3.2009e-09 2.8211e-05 1.0849e-05 2.0352e-07 0.0028939 2.3056e-05
0.00768 0.00021369 0.0013902 1.1993e-09 2.8158e-05 1.0914e-05 2.3268e-07 0.0028878 2.3192e-05
0.0076863 0.0002149 0.0013872 1.7567e-09 2.8096e-05 1.0973e-05 2.5673e-07 0.0028816 2.3322e-05
0.0076928 0.00021614 0.0013842 2.0355e-09 2.8041e-05 1.1036e-05 2.8584e-07 0.0028755 2.3454e-05
0.0076994 0.00021741 0.0013812 2.0726e-09 2.7993e-05 1.1103e-05 3.2084e-07 0.0028694 2.3586e-05
0.007706 0.00021865 0.0013782 7.5418e-10 2.7937e-05 1.1163e-05 3.5013e-07 0.0028633 2.3713e-05
0.0077124 0.00021985 0.0013752 1.2182e-09 2.7871e-05 1.1218e-05 3.7392e-07 0.0028571 2.3835e-05
0.0077186 0.00022102 0.0013721 5.7154e-09 2.7797e-05 1.1266e-05 3.9248e-07 0.002851 2.3951e-05
0.0077249 0.00022222 0.0013691 9.2508e-09 2.773e-05 1.1318e-05 4.1625e-07 0.0028449 2.4068e-05
0.0077312 0.00022339 0.0013661 1.1824e-08 2.7655e-05 1.1364e-05 4.3467e-07 0.0028387 2.418e-05
0.0077374 0.00022458 0.001363 1.3436e-08 2.7586e-05 1.1414e-05 4.1247e-07 0.0028326 2.4292e-05
0.0077439 0.0002258 0.00136 1.576e-08 2.7524e-05 1.1469e-05 3.954e-07 0.0028265 2.4405e-05
0.0077505 0.00022705 0.001357 1.9013e-08 2.7469e-05 1.1527e-05 3.8298e-07 0.0028205 2.452e-05
0.0077574 0.00022833 0.001354 2.3504e-08 2.7421e-05 1.159e-05 3.7484e-07 0.0028145 2.4635e-05
0.0077641 0.00022957 0.0013509 2.5661e-08 2.7365e-05 1.1646e-05 3.6214e-07 0.0028084 2.4745e-05
0.0077707 0.00023078 0.0013479 2.5523e-08 2.73e-05 1.1697e-05 3.4465e-07 0.0028024 2.4849e-05
0.0077771 0.00023196 0.0013449 2.3084e-08 2.7227e-05 1.174e-05 3.2217e-07 0.0027963 2.4948e-05
0.0077835 0.00023311 0.0013418 3.6594e-08 2.7145e-05 1.1778e-05 2.9444e-07 0.0027902 2.5041e-05
0.00779 0.00023428 0.0013387 5.4598e-08 2.7069e-05 1.182e-05 2.7175e-07 0.0027841 2.5136e-05
0.0077964 0.00023542 0.0013357 1.8168e-07 2.6985e-05 1.1855e-05 3.053e-07 0.002778 2.5225e-05
0.0078027 0.00023656 0.0013326 3.0793e-07 2.6899e-05 1.1888e-05 3.3763e-07 0.0027719 2.5311e-05
0.007809 0.00023768 0.0013295 4.3334e-07 2.681e-05 1.1919e-05 3.6874e-07 0.0027658 2.5394e-05
0.0078154 0.0002388 0.0013264 5.5791e-07 2.6719e-05 1.1948e-05 3.9863e-07 0.0027598 2.5474e-05
0.0078217 0.0002399 0.0013234 6.8164e-07 2.6625e-05 1.1974e-05 4.2731e-07 0.0027537 2.5551e-05
0.0078281 0.000241 0.0013203 8.0453e-07 2.6528e-05 1.1999e-05 4.5476e-07 0.0027476 2.5625e-05
0.0078344 0.00024209 0.0013172 9.2658e-07 2.6429e-05 1.2021e-05 4.81e-07 0.0027415 2.5696e-05
0.0078408 0.00024317 0.0013141 1.0478e-06 2.6327e-05 1.2041e-05 5.0602e-07 0.0027354 2.5764e-05
0.0078471 0.00024424 0.0013109 1.1682e-06 2.6223e-05 1.2059e-05 5.2982e-07 0.0027293 2.5829e-05
0.0078535 0.0002453 0.0013078 1.2877e-06 2.6116e-05 1.2074e-05 5.524e-07 0.0027232 2.5891e-05
0.0078598 0.00024636 0.0013047 1.4064e-06 2.6007e-05 1.2087e-05 5.7376e-07 0.0027171 2.5951e-05
0.0078662 0.0002474 0.0013016 1.5243e-06 2.5895e-05 1.2098e-05 5.9391e-07 0.0027111 2.6007e-05
0.0078725 0.00024844 0.0012985 1.6413e-06 2.5781e-05 1.2107e-05 6.1283e-07 0.002705 2.606e-05
0.0078789 0.00024946 0.0012953 1.7575e-06 2.5664e-05 1.2114e-05 6.3054e-07 0.0026989 2.611e-05
0.0078852 0.00025048 0.0012922 1.8728e-06 2.5544e-05 1.2118e-05 6.4703e-07 0.0026928 2.6158e-05
0.0078916 0.00025149 0.0012891 1.9874e-06 2.5422e-05 1.2121e-05 6.623e-07 0.0026867 2.6202e-05
0.0078979 0.00025249 0.0012859 2.101e-06 2.5298e-05 1.2121e-05 6.7636e-07 0.0026806 2.6244e-05
0.0079043 0.00025348 0.0012827 2.2139e-06 2.517e-05 1.2118e-05 6.8919e-07 0.0026745 2.6282e-05
0.0079106 0.00025446 0.0012796 2.3259e-06 2.5041e-05 1.2114e-05 7.0081e-07 0.0026685 2.6318e-05
0.007917 0.00025543 0.0012764 2.437e-06 2.4909e-05 1.2107e-05 7.1121e-07 0.0026624 2.635e-05
0.0079233 0.0002564 0.0012733 2.5474e-06 2.4774e-05 1.2099e-05 7.2039e-07 0.0026563 2.638e-05
0.0079297 0.00025735 0.0012701 2.6569e-06 2.4637e-05 1.2088e-05 7.2835e-07 0.0026502 2.6407e-05
0.007936 0.0002583 0.0012669 2.7655e-06 2.4497e-05 1.2074e-05 7.3509e-07 0.0026441 2.643e-05
0.0079424 0.00025924 0.0012637 2.8733e-06 2.4354e-05 1.2059e-05 7.4062e-07 0.002638 2.6451e-05
0.0079487 0.00026017 0.0012605 2.9803e-06 2.4209e-05 1.2041e-05 7.4493e-07 0.0026319 2.6469e-05
0.0079551 0.00026109 0.0012573 3.0865e-06 2.4062e-05 1.2021e-05 7.4802e-07 0.0026258 2.6483e-05
0.0079614 0.000262 0.0012541 3.1918e-06 2.3912e-05 1.1999e-05 7.4989e-07 0.0026198 2.6495e-05
0.0079678 0.0002629 0.0012509 3.2962e-06 2.3759e-05 1.1975e-05 7.5054e-07 0.0026137 2.6504e-05
0.0079741 0.00026379 0.0012477 3.3999e-06 2.3604e-05 1.1949e-05 7.4998e-07 0.0026076 2.651e-05
0.0079805 0.00026468 0.0012445 3.5027e-06 2.3446e-05 1.192e-05 7.4819e-07 0.0026015 2.6513e-05
0.0079868 0.00026555 0.0012413 3.6047e-06 2.3286e-05 1.1889e-05 7.4519e-07 0.0025954 2.6513e-05
0.0079932 0.00026642 0.0012381 3.7058e-06 2.3123e-05 1.1856e-05 7.4097e-07 0.0025893 2.651e-05
0.0079995 0.00026728 0.0012348 3.8061e-06 2.2958e-05 1.1821e-05 7.3553e-07 0.0025832 2.6504e-05
0.0080059 0.00026813 0.0012316 3.9055e-06 2.279e-05 1.1783e-05 7.2888e-07 0.0025772 2.6495e-05
0.0080123 0.00026897 0.0012284 4.0042e-06 2.262e-05 1.1743e-05 7.21e-07 0.0025711 2.6483e-05
0.0080186 0.0002698 0.0012251 4.102e-06 2.2447e-05 1.1701e-05 7.1191e-07 0.002565 2.6468e-05
0.008025 0.00027062 0.0012219 4.1989e-06 2.2271e-05 1.1657e-05 7.016e-07 0.0025589 2.6451e-05
0.0080313 0.00027143 0.0012186 4.295e-06 2.2093e-05 1.1611e-05 6.9007e-07 0.0025528 2.643e-05
0.0080377 0.00027224 0.0012153 4.3903e-06 2.1913e-05 1.1562e-05 6.7732e-07 0.0025467 2.6406e-05
0.008044 0.00027303 0.0012121 4.4848e-06 2.173e-05 1.1512e-05 6.6336e-07 0.0025406 2.6379e-05
0.0080504 0.00027382 0.0012088 4.5784e-06 2.1544e-05 1.1459e-05 6.4818e-07 0.0025345 2.635e-05
0.0080568 0.0002746 0.0012055 4.6712e-06 2.1356e-05 1.1403e-05 6.3177e-07 0.0025284 2.6317e-05
0.0080631 0.00027537 0.0012022 4.7631e-06 2.1165e-05 1.1346e-05 6.1415e-07 0.0025224 2.6282e-05
0.0080697 0.00027617 0.001199 4.8998e-06 2.0981e-05 1.1293e-05 5.2254e-07 0.0025163 2.6247e-05
0.0080764 0.00027699 0.0011957 5.1003e-06 2.0804e-05 1.1244e-05 4.4653e-07 0.0025103 2.6214e-05
0.0080831 0.00027779 0.0011924 5.2619e-06 2.062e-05 1.119e-05 3.6022e-07 0.0025042 2.6175e-05
0.0080899 0.00027862 0.0011891 5.2781e-06 2.0442e-05 1.114e-05 2.8979e-07 0.0024982 2.6138e-05
0.0080967 0.00027942 0.0011859 5.2834e-06 2.0256e-05 1.1083e-05 2.942e-07 0.0024922 2.6095e-05
0.0081036 0.00028024 0.0011826 5.3226e-06 2.0078e-05 1.1032e-05 3.0255e-07 0.0024862 2.6053e-05
0.0081104 0.00028104 0.0011793 5.3507e-06 1.9891e-05 1.0974e-05 3.0663e-07 0.0024801 2.6006e-05
0.0081174 0.00028186 0.001176 5.4117e-06 1.9711e-05 1.0921e-05 3.143e-07 0.0024741 2.596e-05
0.0081246 0.00028271 0.0011727 5.5115e-06 1.9537e-05 1.0871e-05 3.2578e-07 0.0024682 2.5915e-05
0.0081318 0.00028353 0.0011694 5.6104e-06 1.9355e-05 1.0815e-05 3.3291e-07 0.0024622 2.5864e-05
0.008139 0.00028432 0.0011661 5.7085e-06 1.9165e-05 1.0753e-05 3.3568e-07 0.0024562 2.5808e-05
0.0081462 0.00028507 0.0011628 5.8057e-06 1.8966e-05 1.0685e-05 3.3413e-07 0.0024502 2.5747e-05
0.0081536 0.00028586 0.0011595 5.7744e-06 1.8774e-05 1.0621e-05 3.3626e-07 0.0024442 2.5686e-05
0.0081613 0.00028667 0.0011562 5.5712e-06 1.8588e-05 1.0561e-05 3.4213e-07 0.0024382 2.5627e-05
0.0084038 0.00031396 0.0010527 1.0271e-06 1.2988e-05 8.6483e-06 1.2769e-07 0.0022576 2.296e-05
0.0084118 0.00031493 0.0010493 9.0745e-07 1.2811e-05 8.585e-06 1.3352e-07 0.002252 2.2843e-05
0.00842 0.00031592 0.001046 8.1679e-07 1.2638e-05 8.5246e-06 1.4095e-07 0.0022463 2.2726e-05
0.0084284 0.00031693 0.0010426 7.465e-07 1.2468e-05 8.4665e-06 1.4987e-07 0.0022407 2.261e-05
0.0084367 0.00031792 0.0010392 6.6539e-07 1.2293e-05 8.4038e-06 1.5614e-07 0.002235 2.2488e-05
0.0084452 0.00031894 0.0010358 6.0375e-07 1.2122e-05 8.3437e-06 1.6418e-07 0.0022294 2.2368e-05
0.0084538 0.00031998 0.0010325 5.5726e-07 1.1954e-05 8.2862e-06 1.7415e-07 0.0022238 2.2247e-05
0.0084626 0.00032105 0.0010291 5.2286e-07 1.179e-05 8.2313e-06 1.8629e-07 0.0022182 2.2127e-05
0.0084714 0.0003221 0.0010257 4.8199e-07 1.1621e-05 8.1718e-06 1.9555e-07 0.0022126 2.2002e-05
0.00848 0.00032312 0.0010223 4.3393e-07 1.1446e-05 8.1077e-06 2.0197e-07 0.002207 2.1872e-05
0.0084886 0.00032411 0.0010189 3.7765e-07 1.1264e-05 8.0389e-06 2.0555e-07 0.0022014 2.1738e-05
0.0084973 0.00032513 0.0010155 3.354e-07 1.1087e-05 7.9729e-06 2.1132e-07 0.0021958 2.1605e-05
0.008506 0.00032612 0.0010121 2.853e-07 1.0904e-05 7.902e-06 2.1414e-07 0.0021902 2.1466e-05
0.0085148 0.00032708 0.0010087 2.4718e-07 1.0714e-05 7.8261e-06 2.1906e-07 0.0021846 2.1328e-05
0.0085239 0.00032807 0.0010053 2.1923e-07 1.0529e-05 7.7533e-06 2.265e-07 0.0021791 2.1191e-05
0.0085331 0.0003291 0.0010019 1.9924e-07 1.0348e-05 7.6835e-06 1.9821e-07 0.0021735 2.1054e-05
0.0085426 0.00033015 0.00099848 1.856e-07 1.0171e-05 7.6168e-06 1.7405e-07 0.002168 2.0917e-05
0.0085519 0.00033118 0.00099508 1.6741e-07 9.9882e-06 7.545e-06 1.4593e-07 0.0021625 2.0776e-05
0.0085614 0.00033223 0.00099167 1.5458e-07 9.8089e-06 7.4758e-06 1.2136e-07 0.002157 2.0635e-05
0.0085708 0.00033325 0.00098826 1.3726e-07 9.6229e-06 7.4013e-06 9.4102e-08 0.0021515 2.0489e-05
0.0085805 0.00033431 0.00098485 1.2547e-07 9.4414e-06 7.33e-06 7.0482e-08 0.002146 2.0344e-05
0.0085903 0.00033539 0.00098145 1.1779e-07 9.2636e-06 7.2614e-06 4.9558e-08 0.0021405 2.02e-05
0.0086 0.00033645 0.00097803 1.0632e-07 9.0793e-06 7.1876e-06 2.5158e-08 0.002135 2.005e-05
0.0086096 0.00034966 0.0009746 9.0578e-08 8.8881e-06 7.1082e-06 2.516e-08 0.0021295 1.9895e-05
0.0086193 0.00036305 0.00097118 7.9274e-08 8.7009e-06 7.0318e-06 2.5186e-08 0.002124 1.974e-05
0.0086293 0.00037664 0.00096776 7.1811e-08 8.5181e-06 6.9585e-06 2.5353e-08 0.0021186 1.9587e-05
0.0086396 0.00039044 0.00096435 6.7742e-08 8.3396e-06 6.8885e-06 2.5668e-08 0.0021131 1.9434e-05
0.00865 0.00040445 0.00096094 6.6366e-08 8.1653e-06 6.8216e-06 2.6143e-08 0.0021077 1.9282e-05
0.0086604 0.00041835 0.00095752 6.2123e-08 7.9845e-06 6.7494e-06 2.4587e-08 0.0021023 1.9125e-05
0.0086706 0.00043213 0.00095408 5.4838e-08 7.7971e-06 6.6719e-06 2.096e-08 0.0020969 1.8963e-05
0.008681 0.00044611 0.00095066 5.0019e-08 7.6133e-06 6.5971e-06 1.7393e-08 0.0020915 1.8801e-05
0.0086916 0.00046028 0.00094723 4.7278e-08 7.4331e-06 6.525e-06 1.3795e-08 0.0020861 1.864e-05
0.0086845 0.00047467 0.00094381 4.927e-08 7.257e-06 6.456e-06 1.0222e-08 0.0020807 1.8479e-05
0.0086772 0.00048926 0.00094038 4.8603e-08 7.0844e-06 6.3896e-06 1.5633e-08 0.0020753 1.8314e-05
0.0086697 0.00050374 0.00093694 4.5268e-08 6.9053e-06 6.3179e-06 1.9026e-08 0.0020699 1.8143e-05
0.0086622 0.00051809 0.00093348 3.9186e-08 6.7198e-06 6.241e-06 2.0445e-08 0.0020645 1.7967e-05
0.0086549 0.00053265 0.00093003 3.5042e-08 6.5375e-06 6.1666e-06 2.1782e-08 0.0020591 1.7791e-05
0.0086474 0.00054708 0.00092657 2.8274e-08 6.3489e-06 6.0869e-06 2.1146e-08 0.0020537 1.7611e-05
0.0086401 0.00056172 0.00092311 2.3244e-08 6.1635e-06 6.0098e-06 2.0426e-08 0.0020483 1.743e-05
0.0086331 0.00057656 0.00091966 1.9523e-08 5.9813e-06 5.9351e-06 1.9602e-08 0.002043 1.7251e-05
0.0086262 0.00059163 0.00091621 1.6959e-08 5.8027e-06 5.8632e-06 1.875e-08 0.0020376 1.7072e-05
0.0086195 0.00060692 0.00091276 1.531e-08 5.6275e-06 5.794e-06 1.7849e-08 0.0020323 1.6893e-05
0.008613 0.00062245 0.00090932 1.4429e-08 5.4557e-06 5.7275e-06 1.6875e-08 0.002027 1.6715e-05
0.0086068 0.00063821 0.00090589 1.4118e-08 5.2867e-06 5.6634e-06 1.5717e-08 0.0020218 1.6538e-05
0.0086007 0.00065418 0.00090245 1.4379e-08 5.1205e-06 5.6016e-06 1.4554e-08 0.0020165 1.6361e-05
0.0085948 0.0006704 0.00089902 1.525e-08 4.9571e-06 5.542e-06 1.3155e-08 0.0020113 1.6185e-05
0.0085889 0.00068686 0.0008956 1.516e-08 4.7968e-06 5.4852e-06 1.1573e-08 0.0020061 1.6009e-05
0.008583 0.00070357 0.00089218 1.4108e-08 4.6392e-06 5.4305e-06 9.6826e-09 0.002001 1.5834e-05
0.0085771 0.00072013 0.00088874 1.2095e-08 4.4754e-06 5.3707e-06 1.85e-08 0.0019958 1.5653e-05
0.0085714 0.00073694 0.00088531 1.0686e-08 4.3141e-06 5.3131e-06 2.7995e-08 0.0019906 1.5473e-05
0.0085656 0.0007536 0.00088187 1.9909e-08 4.1469e-06 5.2504e-06 3.5016e-08 0.0019854 1.5287e-05
0.0085599 0.00077053 0.00087843 1.9764e-08 3.9827e-06 5.1904e-06 4.3008e-08 0.0019803 1.5103e-05
0.0085543 0.00078746 0.00087499 1.8658e-08 3.8158e-06 5.1281e-06 4.9751e-08 0.0019751 1.4915e-05
0.0085487 0.00080441 0.00087154 1.6591e-08 3.6461e-06 5.0635e-06 5.5246e-08 0.00197 1.4724e-05
0.0085431 0.00082135 0.00086809 1.3564e-08 3.4737e-06 4.9967e-06 5.9491e-08 0.0019648 1.4531e-05
0.0085377 0.00083855 0.00086464 1.1346e-08 3.3038e-06 4.932e-06 6.4722e-08 0.0019597 1.4338e-05
0.0085321 0.0008556 0.00086118 7.0857e-09 3.1279e-06 4.8622e-06 6.727e-08 0.0019545 1.4139e-05
0.0085268 0.0008729 0.00085772 3.5185e-09 2.9543e-06 4.7946e-06 7.085e-08 0.0019494 1.3941e-05
0.0085213 0.00089005 0.00085425 4.9536e-09 2.7747e-06 4.7218e-06 7.1723e-08 0.0019442 1.3738e-05
0.008516 0.00090745 0.00085079 6.6845e-09 2.5976e-06 4.6512e-06 7.3656e-08 0.0019391 1.3535e-05
0.0085109 0.00092512 0.00084733 8.7045e-09 2.4227e-06 4.5827e-06 7.6705e-08 0.001934 1.3332e-05
0.008506 0.00095246 0.00084387 5.0274e-09 1.9842e-06 4.3339e-06 8.1188e-08 0.0019289 1.3131e-05
0.008501 0.00097041 0.0008404 7.335e-09 1.8462e-06 4.2958e-06 8.2843e-08 0.0019238 1.2924e-05
0.0084969 0.00098819 0.00083692 1.026e-08 1.7029e-06 4.2529e-06 7.7e-08 0.0019187 1.2711e-05
0.0084927 0.0010062 0.00083344 1.2224e-08 1.5608e-06 4.2116e-06 7.2447e-08 0.0019136 1.25e-05
0.0084886 0.0010246 0.00082997 1.3225e-08 1.42e-06 4.1721e-06 4.3217e-08 0.0019086 1.2288e-05
0.0084845 0.0010427 0.00082648 1.3265e-08 1.4804e-06 4.1277e-06 4.3716e-08 0.0019035 1.2071e-05
0.0084805 0.0010612 0.000823 1.4036e-08 1.5408e-06 4.0852e-06 4.4902e-08 0.0018984 1.1855e-05
0.0084768 0.0010799 0.00081952 1.5464e-08 1.6009e-06 4.0444e-06 4.6643e-08 0.0018934 1.1639e-05
0.0084735 0.0010985 0.00081604 1.7906e-08 1.6565e-06 3.9987e-06 5.1637e-08 0.0018884 1.1418e-05
0.00847 0.0011169 0.00081253 1.8322e-08 1.7077e-06 3.9484e-06 5.4179e-08 0.0018833 1.1192e-05
0.0084667 0.0011356 0.00080904 1.9553e-08 1.7587e-06 3.8996e-06 5.7452e-08 0.0018782 1.0967e-05
0.0084637 0.0011546 0.00080554 2.1865e-08 1.8095e-06 3.8525e-06 6.1721e-08 0.0018732 1.0741e-05
0.0084608 0.0011738 0.00080205 2.5296e-08 1.8601e-06 3.8069e-06 6.6922e-08 0.0018682 1.0516e-05
0.0084581 0.0011933 0.00079857 3.0147e-08 1.9105e-06 3.7625e-06 7.3197e-08 0.0018632 1.0291e-05
0.0084553 0.0012127 0.00079507 3.2594e-08 1.9565e-06 3.7137e-06 7.6812e-08 0.0018583 1.006e-05
0.0084526 0.0012324 0.00079158 3.6831e-08 2.0025e-06 3.6665e-06 8.1773e-08 0.0018533 9.8306e-06
0.0084499 0.0012519 0.00078807 3.8535e-08 2.044e-06 3.6147e-06 8.3991e-08 0.0018483 9.5958e-06
0.0084474 0.0012717 0.00078457 4.194e-08 2.0852e-06 3.5642e-06 8.7406e-08 0.0018433 9.3611e-06
0.0084447 0.0012913 0.00078105 4.2769e-08 2.1221e-06 3.5092e-06 1.4592e-07 0.0018383 9.1214e-06
0.0084422 0.0013113 0.00077754 4.5652e-08 2.159e-06 3.4559e-06 2.1523e-07 0.0018334 8.882e-06
0.0084396 0.0013311 0.00077402 4.5858e-08 2.1914e-06 3.3979e-06 6.9078e-07 0.0018284 8.6376e-06
0.0084372 0.0013512 0.0007705 4.8199e-08 2.2238e-06 3.3415e-06 1.2593e-06 0.0018235 8.3936e-06
0.0084347 0.0013711 0.00076698 4.7869e-08 2.2518e-06 3.2807e-06 1.7729e-06 0.0018185 8.1446e-06
0.0084324 0.0013913 0.00076345 4.9737e-08 2.2798e-06 3.2214e-06 2.3879e-06 0.0018135 7.8959e-06
0.00843 0.0014114 0.00075991 4.8851e-08 2.3034e-06 3.1576e-06 2.9414e-06 0.0018086 7.6422e-06
0.0084278 0.0014318 0.00075638 4.9956e-08 2.3268e-06 3.095e-06 3.5959e-06 0.0018037 7.3886e-06
0.0084257 0.0014525 0.00075285 5.347e-08 2.3504e-06 3.0346e-06 4.383e-06 0.0017987 7.1353e-06
0.0084236 0.001473 0.00074931 5.4116e-08 2.3694e-06 3.2598e-06 5.0914e-06 0.0017938 6.877e-06
0.0084213 0.0014934 0.00074576 5.1868e-08 2.3838e-06 3.4784e-06 5.7266e-06 0.0017889 6.6136e-06
0.0084192 0.001514 0.00074221 5.1772e-08 2.3982e-06 3.7017e-06 6.4807e-06 0.0017839 6.3504e-06
0.0084156 0.0015194 0.00073866 4.8269e-08 2.4126e-06 3.93e-06 7.398e-06 0.001779 6.0872e-06
0.0084123 0.0015249 0.00073512 4.7154e-08 2.4273e-06 4.1639e-06 7.6845e-06 0.0017741 5.8243e-06
0.0084086 0.0015305 0.00073158 4.3155e-08 2.442e-06 4.403e-06 7.8753e-06 0.0017693 5.5615e-06
0.0084051 0.0015363 0.00072804 4.142e-08 2.4569e-06 4.6482e-06 8.1124e-06 0.0017644 5.2989e-06
0.0084018 0.0015421 0.00072451 4.1506e-08 2.4719e-06 4.8989e-06 8.3994e-06 0.0017596 5.0363e-06
0.0083996 0.0015479 0.00072096 4.4144e-08 2.4822e-06 5.1424e-06 8.6423e-06 0.0017548 5.1735e-06
0.0083973 0.0015536 0.0007174 4.4048e-08 2.4878e-06 5.3788e-06 8.855e-06 0.0017499 5.3061e-06
0.0083949 0.0015592 0.00071383 4.1217e-08 2.4887e-06 5.6082e-06 9.0401e-06 0.0017451 5.4342e-06
0.0083927 0.001565 0.00071026 4.0492e-08 2.4899e-06 5.8436e-06 9.2768e-06 0.0017402 5.5615e-06
0.0083906 0.0015708 0.00070669 4.179e-08 2.4914e-06 6.0854e-06 9.5691e-06 0.0017354 5.688e-06
0.0083885 0.0015766 0.00070311 4.0418e-08 2.4882e-06 6.3199e-06 9.8265e-06 0.0017306 5.81e-06
0.0083865 0.0015825 0.00069954 4.0829e-08 2.485e-06 6.5602e-06 9.8489e-06 0.0017258 5.9309e-06
0.0083844 0.0015883 0.00069595 3.8619e-08 2.4772e-06 6.7932e-06 9.853e-06 0.0017209 6.0473e-06
0.0083825 0.0015943 0.00069237 3.8158e-08 2.4693e-06 7.032e-06 9.6426e-06 0.0017161 6.1627e-06
0.0083808 0.0015927 0.00068879 3.9637e-08 2.4637e-06 7.2835e-06 9.4765e-06 0.0017113 6.2774e-06
0.0083789 0.001591 0.0006852 3.8497e-08 2.4534e-06 7.5276e-06 9.284e-06 0.0017065 6.3875e-06
0.0083773 0.0015894 0.00068161 3.9294e-08 2.4433e-06 7.7786e-06 9.1328e-06 0.0017018 6.4968e-06
0.0083755 0.0015877 0.00067801 3.7482e-08 2.4286e-06 8.0221e-06 8.9568e-06 0.001697 6.6015e-06
0.008374 0.0015861 0.00067442 3.7349e-08 2.4139e-06 8.2718e-06 8.3354e-06 0.0016922 6.7053e-06
0.0083707 0.0015846 0.00067083 3.4083e-08 2.3994e-06 8.5287e-06 7.8335e-06 0.0016874 6.8083e-06
0.0083677 0.0015832 0.00066724 3.2452e-08 2.3848e-06 8.7921e-06 7.4117e-06 0.0016827 6.9104e-06
0.0083645 0.0015817 0.00066363 2.8329e-08 2.3657e-06 9.0481e-06 6.9416e-06 0.0016779 7.0079e-06
0.0083615 0.0015804 0.00066004 2.5718e-08 2.3466e-06 9.3106e-06 6.5463e-06 0.0016732 7.1046e-06
0.0083587 0.001579 0.00065643 2.4371e-08 2.3273e-06 9.58e-06 6.2157e-06 0.0016685 7.1966e-06
0.0083561 0.0015778 0.00065282 2.4332e-08 2.3082e-06 9.8571e-06 5.9431e-06 0.0016637 7.288e-06
0.0083537 0.0015767 0.00064922 2.5589e-08 2.2892e-06 1.0142e-05 5.7193e-06 0.001659 7.3785e-06
0.0083512 0.0015755 0.0006456 2.4634e-08 2.2658e-06 1.042e-05 5.4679e-06 0.0016543 7.4646e-06
0.0083486 0.0015742 0.00064198 2.1432e-08 2.2377e-06 1.0689e-05 5.1863e-06 0.0016495 7.5462e-06
0.0083462 0.0015729 0.00063836 1.9538e-08 2.2051e-06 1.0951e-05 4.9545e-06 0.0016448 7.627e-06
0.0083439 0.0015717 0.00063474 1.8734e-08 2.1727e-06 1.122e-05 4.7647e-06 0.0016401 7.707e-06
0.0083419 0.0015706 0.00063112 1.8925e-08 2.1403e-06 1.1498e-05 4.1221e-06 0.0016354 7.7863e-06
0.0083401 0.0015695 0.00062751 2.0118e-08 2.108e-06 1.1783e-05 3.5848e-06 0.0016307 7.8649e-06
0.0083384 0.0015686 0.0006239 2.2432e-08 2.0758e-06 1.2077e-05 3.1355e-06 0.0016261 7.9428e-06
0.008337 0.0015677 0.0006203 2.591e-08 2.0434e-06 1.2379e-05 2.7542e-06 0.0016215 8.0198e-06
0.0083357 0.0015669 0.00061669 3.0869e-08 2.0108e-06 1.2342e-05 2.4307e-06 0.0016169 8.0958e-06
0.0083346 0.0015661 0.00061309 3.7751e-08 1.9779e-06 1.2309e-05 2.1561e-06 0.0016123 8.171e-06
0.0083334 0.0015653 0.00060948 4.1901e-08 1.9406e-06 1.2269e-05 1.8518e-06 0.0016077 8.2417e-06
0.0083324 0.0015646 0.00060587 4.8471e-08 1.9033e-06 1.2234e-05 1.5972e-06 0.0016031 8.3116e-06
0.0083315 0.001564 0.00060226 5.7804e-08 1.8657e-06 1.2204e-05 1.381e-06 0.0015985 8.3807e-06
0.0083306 0.0015636 0.00059864 6.3824e-08 1.8297e-06 1.2181e-05 1.14e-06 0.001594 8.4451e-06
0.0083298 0.0015632 0.00059503 7.325e-08 1.7936e-06 1.2164e-05 9.3813e-07 0.0015894 8.5089e-06
0.0083368 0.0015628 0.0005914 7.1128e-08 1.753e-06 1.214e-05 8.4877e-07 0.0015848 8.5682e-06
0.0083437 0.0015623 0.00058776 6.5961e-08 1.7081e-06 1.211e-05 7.4823e-07 0.0015803 8.6229e-06
0.0083508 0.0015619 0.00058413 6.3203e-08 1.6627e-06 1.2084e-05 6.6241e-07 0.0015757 8.6766e-06
0.0083581 0.0015616 0.00058049 6.2572e-08 1.6168e-06 1.2062e-05 5.8897e-07 0.0015711 8.7293e-06
0.0083656 0.0015613 0.00057686 6.3989e-08 1.5703e-06 1.2043e-05 5.2602e-07 0.0015666 8.7809e-06
0.0083732 0.0015611 0.00057323 6.7849e-08 1.5235e-06 1.2028e-05 4.7285e-07 0.0015621 8.8317e-06
0.0083808 0.0015609 0.00056959 6.8985e-08 1.4725e-06 1.2008e-05 4.1309e-07 0.0015576 8.8782e-06
0.0083885 0.0015607 0.00056595 7.2363e-08 1.4209e-06 1.1992e-05 3.6154e-07 0.0015531 8.9236e-06
0.0083962 0.0015605 0.0005623 7.2935e-08 1.3651e-06 1.1969e-05 3.0358e-07 0.0015486 8.9646e-06
0.0084037 0.0015602 0.00056629 7.0718e-08 1.3052e-06 1.1941e-05 3.1745e-07 0.001544 8.9936e-06
0.0084111 0.0015599 0.00057027 6.5713e-08 1.2411e-06 1.1908e-05 3.2759e-07 0.0015395 9.0182e-06
0.0084187 0.0015597 0.00057425 6.315e-08 1.1766e-06 1.1879e-05 3.4131e-07 0.0015349 9.0418e-06
0.0084265 0.0015595 0.00057824 6.2762e-08 1.1114e-06 1.1853e-05 3.5884e-07 0.0015304 9.0645e-06
0.0084342 0.0015593 0.00058221 5.9902e-08 1.0423e-06 1.1822e-05 3.7266e-07 0.0015259 9.0829e-06
0.0084418 0.0015591 0.00058618 5.451e-08 9.6916e-07 1.1786e-05 3.8286e-07 0.0015214 9.0972e-06
0.0084496 0.0015589 0.00059014 5.1027e-08 8.9526e-07 1.1753e-05 3.9641e-07 0.0015168 9.1102e-06
0.0084576 0.0015588 0.00059411 4.9408e-08 8.2075e-07 1.1723e-05 4.1396e-07 0.0015123 9.1222e-06
0.0084657 0.0015587 0.00059808 4.9521e-08 7.4559e-07 1.1698e-05 4.3591e-07 0.0015078 9.1332e-06
0.0084738 0.0015586 0.00060204 4.7322e-08 6.6642e-07 1.1667e-05 4.5375e-07 0.0015033 9.14e-06
0.0084821 0.0015586 0.00060601 4.6854e-08 5.8661e-07 1.1639e-05 4.2248e-07 0.0014989 9.1458e-06
0.0084905 0.0015586 0.00060998 4.8084e-08 5.0614e-07 1.1616e-05 3.9651e-07 0.0014944 9.1506e-06
0.0084991 0.0015588 0.00061394 5.1143e-08 4.2496e-07 1.1596e-05 3.7528e-07 0.0014899 9.1544e-06
0.008508 0.0015589 0.00061792 5.6087e-08 3.4287e-07 1.158e-05 3.5791e-07 0.0014855 9.1572e-06
0.008517 0.0015592 0.00062189 6.3676e-08 2.6002e-07 1.1567e-05 3.4456e-07 0.0014811 9.159e-06
0.0085259 0.0015594 0.00062585 6.83e-08 2.76e-07 1.1549e-05 3.2725e-07 0.0014767 9.1565e-06
0.0085347 0.0015596 0.00062981 7.0088e-08 2.8852e-07 1.1525e-05 3.0583e-07 0.0014722 9.1496e-06
0.0085434 0.0015597 0.00063375 6.9075e-08 2.9757e-07 1.1496e-05 2.8009e-07 0.0014678 9.1383e-06
0.008552 0.0015597 0.00063768 6.5197e-08 3.0316e-07 1.1461e-05 3.1528e-07 0.0014633 9.1226e-06
0.0085608 0.00155 0.00064161 6.3599e-08 3.0676e-07 1.143e-05 3.0867e-07 0.0014589 9.1058e-06
0.0085698 0.0015405 0.00064555 6.4378e-08 3.0844e-07 1.1402e-05 3.0546e-07 0.0014544 9.0882e-06
0.0085786 0.0015308 0.00064948 6.2502e-08 3.0668e-07 1.1369e-05 2.9865e-07 0.00145 9.0663e-06
0.0085874 0.001521 0.00065339 5.7896e-08 4.3665e-07 1.133e-05 2.8818e-07 0.0014455 9.04e-06
0.0085964 0.0015113 0.00065731 5.5438e-08 5.6678e-07 1.1294e-05 2.808e-07 0.0014411 9.0126e-06
0.0086055 0.0015017 0.00066123 5.4569e-08 6.9678e-07 1.1262e-05 2.7586e-07 0.0014366 8.984e-06
0.0086148 0.0014923 0.00066515 5.5155e-08 8.266e-07 1.1232e-05 2.7318e-07 0.0014322 8.9541e-06
0.008624 0.0014828 0.00066906 5.3616e-08 9.5229e-07 1.1197e-05 2.6754e-07 0.0014278 8.9201e-06
0.0086331 0.0014732 0.00067297 4.9973e-08 1.0739e-06 1.1158e-05 3.5025e-07 0.0014234 8.8821e-06
0.0086424 0.0014638 0.00067687 4.7565e-08 1.1951e-06 1.112e-05 4.4257e-07 0.0014189 8.8426e-06
0.0086519 0.0014544 0.00068077 4.6361e-08 1.316e-06 1.1086e-05 5.4641e-07 0.0014145 8.8016e-06
0.0086612 0.001445 0.00068467 4.3419e-08 1.4332e-06 1.1047e-05 6.443e-07 0.0014101 8.7569e-06
0.0086708 0.0014358 0.00068857 4.1353e-08 1.5498e-06 1.101e-05 7.5282e-07 0.0014057 8.7105e-06
0.0086804 0.0014266 0.00069246 4.0199e-08 1.666e-06 1.0976e-05 8.7419e-07 0.0014013 8.6626e-06
0.0086903 0.0014175 0.00069636 3.9884e-08 1.7818e-06 1.0943e-05 1.0098e-06 0.0013969 8.613e-06
0.0087002 0.0014085 0.00070026 4.0241e-08 1.8971e-06 1.0912e-05 1.1599e-06 0.0013925 8.5618e-06
0.0087103 0.0013996 0.00070416 4.142e-08 2.0119e-06 1.0882e-05 1.3275e-06 0.0013882 8.5089e-06
0.0087204 0.0013907 0.00070805 4.1018e-08 2.1231e-06 1.0849e-05 1.4874e-06 0.0013838 8.4524e-06
0.0087306 0.0013819 0.00071194 4.1435e-08 2.234e-06 1.0818e-05 1.6659e-06 0.0013794 8.3942e-06
0.0087407 0.001373 0.00071582 4.0297e-08 2.3412e-06 1.0783e-05 1.8366e-06 0.0013751 8.3324e-06
0.0087508 0.0013641 0.0007197 3.7583e-08 2.4448e-06 1.0745e-05 1.9995e-06 0.0013707 8.2669e-06
0.0087611 0.0013553 0.00072357 3.5667e-08 2.548e-06 1.0708e-05 2.1817e-06 0.0013663 8.1997e-06
0.0087715 0.0013466 0.00072745 3.4339e-08 2.6507e-06 1.0673e-05 2.3834e-06 0.001362 8.1308e-06
0.0087818 0.0013378 0.00073131 3.1475e-08 2.7497e-06 1.0635e-05 2.5762e-06 0.0013576 8.0582e-06
0.0087923 0.0013291 0.00073518 2.9288e-08 2.8484e-06 1.0598e-05 2.7919e-06 0.0013533 7.984e-06
0.0088027 0.0013205 0.00073904 2.558e-08 2.9434e-06 1.0557e-05 2.9981e-06 0.0013489 7.9061e-06
0.0088133 0.0013118 0.0007429 2.2362e-08 3.038e-06 1.0518e-05 2.9993e-06 0.0013445 7.8265e-06
0.008824 0.0013033 0.00074676 1.952e-08 3.1321e-06 1.0481e-05 3.008e-06 0.0013402 7.7451e-06
0.0088348 0.0012949 0.00075062 1.7057e-08 3.226e-06 1.0445e-05 3.0253e-06 0.0013359 7.6621e-06
0.0088458 0.0012865 0.00075448 1.4779e-08 3.3195e-06 1.0411e-05 2.8621e-06 0.0013316 7.5773e-06
0.008857 0.0012783 0.00075835 1.2603e-08 3.4126e-06 1.0378e-05 2.7156e-06 0.0013272 7.4907e-06
0.0088682 0.0012701 0.00076221 1.0538e-08 3.5055e-06 1.0347e-05 2.5856e-06 0.0013229 7.4025e-06
0.0088797 0.001262 0.00076607 8.5002e-09 3.5983e-06 1.0318e-05 2.4706e-06 0.0013187 7.3126e-06
0.0088913 0.001254 0.00076994 6.3374e-09 3.6908e-06 1.029e-05 2.368e-06 0.0013144 7.221e-06
0.008903 0.0012461 0.0007738 4.0411e-09 3.7833e-06 1.0264e-05 2.2778e-06 0.0013101 7.1277e-06
0.0089146 0.0012382 0.00077766 8.818e-09 3.8719e-06 1.0234e-05 2.1819e-06 0.0013058 7.0307e-06
0.0089265 0.0012303 0.00078151 1.3807e-08 3.9603e-06 1.0206e-05 2.0967e-06 0.0013016 6.9319e-06
0.0089384 0.0012225 0.00078537 1.9176e-08 4.0485e-06 1.0179e-05 2.0214e-06 0.0012973 6.8313e-06
0.0089505 0.0012148 0.00078923 2.5112e-08 4.1364e-06 1.0154e-05 1.955e-06 0.0012931 6.729e-06
0.0089627 0.0012072 0.00079308 3.1819e-08 4.2241e-06 1.013e-05 1.897e-06 0.0012888 6.6248e-06
0.0089749 0.0011995 0.00079693 3.6883e-08 4.308e-06 1.0103e-05 1.8343e-06 0.0012846 6.517e-06
0.0089873 0.0011919 0.00080078 4.3026e-08 4.392e-06 1.0077e-05 1.7804e-06 0.0012803 6.4075e-06
0.0089998 0.0011844 0.00080463 5.051e-08 4.476e-06 1.0053e-05 1.7347e-06 0.0012761 6.2963e-06
0.0090124 0.001177 0.00080849 5.9671e-08 4.5602e-06 1.003e-05 1.6965e-06 0.0012719 6.1834e-06
0.0090252 0.0011697 0.00081234 7.0676e-08 4.6444e-06 1.0009e-05 1.665e-06 0.0012677 6.0688e-06
0.009038 0.0011623 0.0008162 7.9534e-08 4.7246e-06 9.9849e-06 1.6291e-06 0.0012635 5.9527e-06
0.0090509 0.001155 0.00082006 9.0793e-08 4.8051e-06 9.9622e-06 1.6004e-06 0.0012593 5.8349e-06
0.009064 0.0011478 0.00082392 1.0501e-07 4.8859e-06 9.9414e-06 1.5789e-06 0.0012551 5.7155e-06
0.009077 0.0011405 0.00082777 1.1672e-07 4.9627e-06 9.9167e-06 1.5531e-06 0.0012509 5.5923e-06
0.0090765 0.0011334 0.00083162 1.1623e-07 5.0396e-06 9.8937e-06 1.5339e-06 0.0012467 5.4674e-06
0.0090761 0.0011263 0.00083547 1.1796e-07 5.1168e-06 9.8725e-06 1.5209e-06 0.0012425 5.3407e-06
0.0090757 0.0011192 0.00083932 1.1761e-07 5.1902e-06 9.8476e-06 1.5041e-06 0.0012383 5.2104e-06
0.0090752 0.001112 0.00084316 1.1521e-07 5.2597e-06 9.819e-06 1.4835e-06 0.0012341 5.0765e-06
0.0090746 0.0011049 0.00084699 1.1076e-07 5.3254e-06 9.7868e-06 1.4591e-06 0.0012299 4.9388e-06
0.0090742 0.0010978 0.00085082 1.0814e-07 5.391e-06 9.7559e-06 1.4402e-06 0.0012257 4.7993e-06
0.0090737 0.0010906 0.00085464 1.0357e-07 5.4529e-06 9.7215e-06 1.4176e-06 0.0012215 4.6562e-06
0.0090732 0.0010835 0.00085845 9.7012e-08 5.511e-06 9.6836e-06 1.3915e-06 0.0012172 4.5094e-06
0.0090728 0.0010764 0.00086227 9.2227e-08 5.569e-06 9.6469e-06 1.3706e-06 0.001213 4.3608e-06
0.0090724 0.0010692 0.00086607 8.5516e-08 5.6232e-06 9.6067e-06 1.3462e-06 0.0012088 4.6937e-06
0.0090721 0.0010622 0.00086988 8.0648e-08 5.6776e-06 9.5681e-06 1.3274e-06 0.0012046 5.026e-06
0.0090719 0.0010552 0.00087368 7.7418e-08 5.7322e-06 9.5311e-06 1.3139e-06 0.0012004 5.3575e-06
0.0090718 0.0010483 0.00087749 7.5691e-08 5.7869e-06 9.4955e-06 1.3057e-06 0.0011962 5.6883e-06
0.0090717 0.0010414 0.00088129 7.219e-08 5.8378e-06 9.4565e-06 1.2941e-06 0.001192 6.0154e-06
0.0090716 0.0010344 0.00088508 6.69e-08 5.885e-06 9.4139e-06 1.2792e-06 0.0011878 6.3386e-06
0.0090715 0.0010275 0.00088887 6.2874e-08 5.932e-06 9.3726e-06 1.2688e-06 0.0011837 6.661e-06
0.0090716 0.0010207 0.00089267 5.9976e-08 5.9791e-06 9.3325e-06 1.263e-06 0.0011795 6.9825e-06
0.0090718 0.0010139 0.00089646 5.811e-08 6.026e-06 9.2935e-06 1.2616e-06 0.0011753 7.3032e-06
0.0090721 0.0010073 0.00090025 5.7216e-08 6.0729e-06 9.2557e-06 1.2647e-06 0.0011711 7.623e-06
0.0090728 0.0010005 0.00090404 5.7452e-08 6.116e-06 9.2145e-06 1.2634e-06 0.001167 7.939e-06
0.0090735 0.00099378 0.00090782 5.6035e-08 6.1554e-06 9.1698e-06 1.2588e-06 0.0011628 8.2512e-06
0.0090743 0.0009871 0.0009116 5.5547e-08 6.1947e-06 9.1262e-06 1.2586e-06 0.0011586 8.5626e-06
0.0090751 0.00098039 0.00091537 5.3415e-08 6.2303e-06 9.0791e-06 1.2551e-06 0.0011544 8.8702e-06
0.009076 0.00097374 0.00091914 5.2183e-08 6.2658e-06 9.0332e-06 1.2561e-06 0.0011503 9.177e-06
0.009077 0.00096716 0.00092291 5.1809e-08 6.3012e-06 8.9885e-06 1.2615e-06 0.0011461 9.483e-06
0.0090781 0.00096064 0.00092668 5.2283e-08 6.3367e-06 8.9449e-06 1.2713e-06 0.0011419 9.7882e-06
0.0090793 0.00095418 0.00093046 5.3784e-08 6.3723e-06 8.9027e-06 1.2863e-06 0.0011378 1.0093e-05
0.0090805 0.0009477 0.00093422 5.365e-08 6.4042e-06 8.857e-06 1.2979e-06 0.0011336 1.0394e-05
0.0090816 0.0009412 0.00093798 5.1875e-08 6.4322e-06 8.8078e-06 1.3061e-06 0.0011295 1.069e-05
0.0090828 0.00093476 0.00094174 4.9143e-08 6.4606e-06 8.7601e-06 1.3195e-06 0.0011253 1.0987e-05
0.0090839 0.00092839 0.0009455 4.5454e-08 6.4891e-06 8.7138e-06 1.3383e-06 0.0011212 1.1283e-05
0.0090851 0.00092208 0.00094927 4.0808e-08 6.5178e-06 8.6686e-06 1.3621e-06 0.0011171 1.1578e-05
0.0090863 0.00091584 0.00095303 3.7015e-08 6.5464e-06 8.6246e-06 1.3911e-06 0.0011129 1.1872e-05
0.0090877 0.00090965 0.00095679 3.3949e-08 6.5752e-06 8.5818e-06 1.4258e-06 0.0011088 1.2166e-05
0.0090892 0.00090353 0.00096056 3.1509e-08 6.6041e-06 8.5402e-06 1.4664e-06 0.0011047 1.2459e-05
0.0090908 0.00089748 0.00096432 2.9619e-08 6.6331e-06 8.4997e-06 1.5135e-06 0.0011006 1.2752e-05
0.0090926 0.00089149 0.00096809 2.8351e-08 6.6626e-06 8.4609e-06 1.5683e-06 0.0010965 1.3044e-05
0.0090944 0.00088547 0.00097186 2.7546e-08 6.688e-06 8.4182e-06 1.6309e-06 0.0010924 1.3336e-05
0.0090964 0.00087951 0.00097563 2.7173e-08 6.7138e-06 8.3769e-06 1.7019e-06 0.0010884 1.3628e-05
0.0090986 0.00087362 0.0009794 2.7346e-08 6.7401e-06 8.3373e-06 1.7831e-06 0.0010843 1.3919e-05
0.0091008 0.0008678 0.00098318 2.7957e-08 6.7668e-06 8.299e-06 1.8748e-06 0.0010803 1.421e-05
0.0091032 0.00086205 0.00098695 2.9173e-08 6.7943e-06 8.2625e-06 1.9791e-06 0.0010762 1.4501e-05
0.0091058 0.00085637 0.00099073 3.1054e-08 6.8224e-06 8.2278e-06 2.0977e-06 0.0010722 1.4792e-05
0.0091084 0.00085076 0.00099451 3.3699e-08 6.8513e-06 8.1948e-06 2.2323e-06 0.0010682 1.5083e-05
0.0091113 0.00084523 0.00099829 3.7339e-08 6.8811e-06 8.1636e-06 2.385e-06 0.0010641 1.5374e-05
0.009114 0.00083965 0.0010021 3.9252e-08 6.9065e-06 8.1284e-06 2.529e-06 0.0010601 1.5661e-05
0.0091169 0.00083404 0.0010058 4.2173e-08 6.9277e-06 8.0892e-06 2.6924e-06 0.0010561 1.5948e-05
0.00912 0.00082849 0.0010096 4.6058e-08 6.9494e-06 8.0515e-06 2.6865e-06 0.0010521 1.6235e-05
0.0091231 0.00082301 0.0010134 5.1229e-08 6.9719e-06 8.0154e-06 2.6892e-06 0.0010481 1.6522e-05
0.0091264 0.00081759 0.0010172 5.7706e-08 6.9948e-06 7.9808e-06 2.6996e-06 0.0010442 1.6808e-05
0.0091297 0.00081214 0.001021 6.2288e-08 7.0136e-06 7.9423e-06 2.7052e-06 0.0010402 1.7091e-05
0.0091331 0.00080676 0.0010247 6.8489e-08 7.0332e-06 7.9055e-06 2.7193e-06 0.0010362 1.7374e-05
0.0091366 0.00080143 0.0010285 7.6344e-08 7.0531e-06 7.8699e-06 2.7414e-06 0.0010322 1.7656e-05
0.0091401 0.00079607 0.0010323 8.2169e-08 7.0689e-06 7.8305e-06 2.7586e-06 0.0010282 1.7935e-05
0.0091437 0.00079078 0.0010361 9.0057e-08 7.0855e-06 7.7928e-06 2.7846e-06 0.0010243 1.8213e-05
0.0091472 0.00078546 0.0010398 9.5839e-08 7.0979e-06 7.7512e-06 2.8057e-06 0.0010203 1.8487e-05
0.0091513 0.0007801 0.0010436 1.0396e-07 7.1062e-06 7.7059e-06 2.8198e-06 0.0010163 1.8757e-05
0.0091246 0.0007748 0.0010473 1.1738e-07 7.1152e-06 7.6621e-06 2.8431e-06 0.0010123 1.9028e-05
0.0090979 0.00076948 0.0010511 1.2836e-07 7.1202e-06 7.6146e-06 2.8615e-06 0.0010083 1.9294e-05
0.0090714 0.00076422 0.0010549 1.4258e-07 7.1257e-06 7.5686e-06 2.8888e-06 0.0010044 1.956e-05
0.0090451 0.00075902 0.0010586 1.6065e-07 7.132e-06 7.5241e-06 2.9255e-06 0.0010004 1.9826e-05
0.0090188 0.00075379 0.0010624 1.7593e-07 7.1342e-06 7.4759e-06 2.9571e-06 0.00099642 2.0088e-05
0.0089927 0.00074861 0.0010661 1.5972e-07 7.1367e-06 7.4288e-06 2.9973e-06 0.00099246 2.035e-05
0.0089668 0.00074349 0.0010699 1.472e-07 7.1398e-06 7.3831e-06 3.0475e-06 0.0009885 2.0612e-05
0.0089412 0.00073844 0.0010736 1.3782e-07 7.1436e-06 7.3387e-06 3.1082e-06 0.00098455 2.0874e-05
0.0089155 0.00073335 0.0010774 1.2608e-07 7.1433e-06 7.2907e-06 3.1634e-06 0.0009806 2.1131e-05
0.00889 0.00072832 0.0010811 1.1718e-07 7.1435e-06 7.2441e-06 3.2296e-06 0.00097665 2.1389e-05
0.0088648 0.00072335 0.0010849 1.1077e-07 7.1444e-06 7.1987e-06 3.3076e-06 0.00097271 2.1647e-05
0.0088398 0.00071844 0.0010886 1.0634e-07 7.1455e-06 7.1543e-06 3.3972e-06 0.00096878 2.1905e-05
0.0088148 0.00071349 0.0010924 9.9816e-08 7.1426e-06 7.1063e-06 3.4805e-06 0.00096484 2.2159e-05
0.0087899 0.0007086 0.0010961 9.5421e-08 7.1404e-06 7.0596e-06 3.4039e-06 0.00096091 2.2412e-05
0.008765 0.00070368 0.0010998 8.897e-08 7.134e-06 7.0092e-06 3.3211e-06 0.00095697 2.2662e-05
0.0087403 0.00069881 0.0011036 8.4275e-08 7.128e-06 6.9599e-06 3.2497e-06 0.00095304 2.2911e-05
0.0087156 0.00069392 0.0011073 7.759e-08 7.118e-06 6.9069e-06 3.1724e-06 0.0009491 2.3157e-05
0.008691 0.00068908 0.001111 7.2769e-08 7.1086e-06 6.8553e-06 3.1069e-06 0.00094517 2.3402e-05
0.0086668 0.00068429 0.0011148 6.962e-08 7.0999e-06 6.8049e-06 3.0524e-06 0.00094125 2.3648e-05
0.0086427 0.00067956 0.0011185 6.7841e-08 7.0915e-06 6.7555e-06 3.0074e-06 0.00093734 2.3894e-05
0.0086185 0.0006748 0.0011223 6.412e-08 7.0789e-06 6.7025e-06 2.9568e-06 0.00093342 2.4135e-05
0.0085943 0.00067001 0.001126 5.8386e-08 7.0622e-06 6.6456e-06 2.9004e-06 0.00092949 2.4372e-05
0.00857 0.00066518 0.0011297 5.0517e-08 7.0412e-06 6.5849e-06 2.8377e-06 0.00092555 2.4605e-05
0.0085459 0.00066042 0.0011334 4.4517e-08 7.0212e-06 6.5258e-06 2.7866e-06 0.00092162 2.4839e-05
0.0085221 0.00065571 0.0011371 3.9933e-08 7.002e-06 6.4682e-06 2.7458e-06 0.0009177 2.5072e-05
0.0084982 0.00065096 0.0011408 3.3139e-08 6.978e-06 6.4062e-06 2.9568e-06 0.00091376 2.5301e-05
0.0084745 0.00064628 0.0011446 2.7797e-08 6.9551e-06 6.3459e-06 3.1948e-06 0.00090984 2.5531e-05
0.0084511 0.00064166 0.0011483 2.362e-08 6.9333e-06 6.2874e-06 3.4636e-06 0.00090593 2.5761e-05
0.008428 0.00063711 0.001152 2.0556e-08 6.9132e-06 6.2312e-06 3.5005e-06 0.00090204 2.5993e-05
0.0084051 0.00063263 0.0011557 1.8379e-08 6.8948e-06 6.1772e-06 3.5504e-06 0.00089815 2.6225e-05
0.0083826 0.00062823 0.0011595 1.6942e-08 6.8782e-06 6.1256e-06 3.6148e-06 0.00089428 2.646e-05
0.0083103 0.0006239 0.0011632 1.7568e-08 6.8631e-06 6.0761e-06 3.5571e-06 0.00089042 2.6695e-05
0.008239 0.00061951 0.0011669 1.8916e-08 6.8427e-06 6.0217e-06 3.2627e-06 0.00088657 2.6932e-05
0.0081685 0.0006152 0.0011707 2.1043e-08 6.8239e-06 5.9695e-06 3.0071e-06 0.00088274 2.717e-05
0.0080976 0.00061084 0.0011744 2.1362e-08 6.8002e-06 5.9128e-06 2.7338e-06 0.00087889 2.7403e-05
0.0080275 0.00060654 0.0011782 2.2295e-08 6.7777e-06 5.8578e-06 2.4929e-06 0.00087506 2.7637e-05
0.007958 0.00060231 0.0011819 2.403e-08 6.7567e-06 5.8047e-06 2.2826e-06 0.00087124 2.7873e-05
0.0078892 0.00059814 0.0011857 2.6535e-08 6.7367e-06 5.7533e-06 2.0968e-06 0.00086742 2.8109e-05
0.0078201 0.00059393 0.0011894 2.7157e-08 6.7119e-06 5.6974e-06 1.8982e-06 0.0008636 2.834e-05
0.0077517 0.00058977 0.0011932 2.8739e-08 6.6885e-06 5.6434e-06 1.7245e-06 0.00085979 2.8573e-05
0.0076831 0.00058558 0.0011969 2.8424e-08 6.6602e-06 5.585e-06 1.5386e-06 0.00085596 2.88e-05
0.0076151 0.00058145 0.0012006 2.8936e-08 6.633e-06 5.5281e-06 1.3775e-06 0.00085215 2.9029e-05
0.0075478 0.00057738 0.0012044 3.0462e-08 6.6071e-06 5.473e-06 1.2365e-06 0.00084835 2.9258e-05
0.0074811 0.00057336 0.0012081 3.2949e-08 6.5822e-06 5.4193e-06 1.1116e-06 0.00084455 2.9489e-05
0.0074141 0.00056931 0.0012119 3.3452e-08 6.5525e-06 5.3613e-06 9.7764e-07 0.00084075 2.9714e-05
0.0073469 0.00056521 0.0012156 3.2006e-08 6.5181e-06 5.299e-06 8.3416e-07 0.00083693 2.9935e-05
0.0072795 0.00056966 0.0012193 2.8543e-08 6.4788e-06 5.2324e-06 6.8014e-07 0.0008331 3.015e-05
0.0072126 0.00057416 0.001223 2.6068e-08 6.4405e-06 5.1673e-06 5.4368e-07 0.00082929 3.0367e-05
0.0071464 0.00057873 0.0012268 2.4404e-08 6.4032e-06 5.1035e-06 4.2257e-07 0.00082548 3.0584e-05
0.0070809 0.00058336 0.0012305 2.358e-08 6.3672e-06 5.0414e-06 3.1611e-07 0.00082168 3.0803e-05
0.007016 0.00058805 0.0012342 2.3401e-08 6.3322e-06 4.9806e-06 2.2132e-07 0.0008179 3.1023e-05
0.0069517 0.00059281 0.001238 2.4016e-08 6.2985e-06 4.9215e-06 1.3773e-07 0.00081412 3.1244e-05
0.0068881 0.00059764 0.0012417 2.5354e-08 6.2658e-06 4.8638e-06 6.3077e-08 0.00081036 3.1466e-05
0.0068241 0.00060242 0.0012455 2.4798e-08 6.2282e-06 4.8016e-06 5.7228e-08 0.00080658 3.1683e-05
0.0067608 0.00060727 0.0012492 2.5016e-08 6.1916e-06 4.7409e-06 5.1896e-08 0.00080281 3.1901e-05
0.0066982 0.0006122 0.001253 2.6207e-08 6.1565e-06 4.6819e-06 1.54e-08 0.00079906 3.212e-05
0.0066353 0.00061707 0.0012567 2.5478e-08 6.1165e-06 4.6185e-06 1.2272e-08 0.00079529 3.2335e-05
0.006573 0.00062202 0.0012604 2.5723e-08 6.0779e-06 4.5568e-06 8.8546e-09 0.00079153 3.2551e-05
0.0065105 0.00062693 0.0012642 2.407e-08 6.0344e-06 4.4908e-06 1.5974e-08 0.00078776 3.2761e-05
0.0064478 0.00063179 0.0012679 2.0513e-08 5.9862e-06 4.4207e-06 2.12e-08 0.00078398 3.2967e-05
0.0063856 0.00063672 0.0012716 1.7727e-08 5.9389e-06 4.3517e-06 2.6391e-08 0.00078021 3.3174e-05
0.0063241 0.00064171 0.0012753 1.5518e-08 5.8925e-06 4.2839e-06 3.1636e-08 0.00077645 3.3382e-05
0.0062631 0.00064678 0.0012791 1.3858e-08 5.8472e-06 4.2175e-06 3.7159e-08 0.0007727 3.3591e-05
0.0062028 0.00065191 0.0012828 1.2636e-08 5.8031e-06 4.1525e-06 4.3088e-08 0.00076896 3.3802e-05
0.0061422 0.00065701 0.0012865 9.7898e-09 5.7542e-06 4.0833e-06 4.6932e-08 0.00076521 3.4008e-05
0.0060822 0.00066217 0.0012903 7.2151e-09 5.7062e-06 4.0152e-06 5.1379e-08 0.00076147 3.4214e-05
0.0060228 0.0006674 0.001294 4.7579e-09 5.659e-06 3.9481e-06 5.6252e-08 0.00075774 3.4422e-05
0.0059631 0.00067259 0.0012977 9.0931e-09 5.607e-06 3.877e-06 5.8965e-08 0.00075399 3.4625e-05
0.0059031 0.00067773 0.0013015 1.1773e-08 5.5505e-06 3.8017e-06 5.9555e-08 0.00075024 3.4823e-05
0.0058438 0.00068294 0.0013052 1.496e-08 5.4949e-06 3.7277e-06 6.0674e-08 0.0007465 3.5022e-05
0.0057842 0.00068811 0.0013089 1.6474e-08 5.4348e-06 3.6497e-06 5.9708e-08 0.00074274 3.5216e-05
0.0057245 0.00069324 0.0013126 1.6343e-08 5.3702e-06 3.5678e-06 5.6656e-08 0.00073897 3.5405e-05
0.0056652 0.00069844 0.0013163 1.6598e-08 5.3062e-06 3.4868e-06 5.3982e-08 0.00073522 3.5596e-05
0.0056058 0.00070359 0.00132 1.5186e-08 5.2377e-06 3.4018e-06 4.9205e-08 0.00073145 3.5781e-05
0.0055469 0.00070882 0.0013237 1.4268e-08 5.1701e-06 3.318e-06 4.4924e-08 0.00072769 3.5968e-05
0.0054886 0.00071412 0.0013274 1.367e-08 5.1033e-06 3.2351e-06 4.0927e-08 0.00072394 3.6156e-05
0.0054301 0.00071937 0.0013311 1.1423e-08 5.0317e-06 3.1481e-06 3.485e-08 0.00072018 3.6339e-05
0.0053721 0.00072469 0.0013348 9.4962e-09 4.961e-06 3.0621e-06 2.906e-08 0.00071643 3.6523e-05
0.0053147 0.00073008 0.0013386 7.786e-09 4.8912e-06 2.9772e-06 2.3474e-08 0.00071269 3.6708e-05
0.0052579 0.00073557 0.0013423 6.3046e-09 4.8226e-06 2.8936e-06 1.8131e-08 0.00070896 3.6896e-05
0.0052018 0.00074114 0.001346 4.979e-09 4.7555e-06 2.8116e-06 1.2952e-08 0.00070524 3.7085e-05
0.0051463 0.00074681 0.0013497 3.7538e-09 4.6899e-06 2.7311e-06 7.9824e-09 0.00070153 3.7276e-05
0.0050903 0.00075242 0.0013534 8.0322e-09 4.619e-06 2.646e-06 1.1693e-08 0.00069781 3.7462e-05
0.0050339 0.00075796 0.0013571 1.0429e-08 4.5428e-06 2.5563e-06 1.3535e-08 0.00069407 3.7642e-05
0.0049782 0.00076359 0.0013609 1.3444e-08 4.468e-06 2.468e-06 1.5137e-08 0.00069035 3.7824e-05
0.0049222 0.00076916 0.0013646 1.4482e-08 4.3877e-06 2.3751e-06 3.8355e-08 0.00068661 3.7999e-05
0.0048668 0.00077482 0.0013683 1.6377e-08 4.3091e-06 2.2838e-06 4.2128e-08 0.00068289 3.8178e-05
0.0048111 0.00078043 0.001372 1.6254e-08 4.2252e-06 2.1879e-06 4.354e-08 0.00067915 3.835e-05
0.0047561 0.00078613 0.0013757 1.7175e-08 4.1429e-06 2.0937e-06 4.5638e-08 0.00067543 3.8525e-05
0.0047008 0.00079177 0.0013794 1.6094e-08 4.0554e-06 1.9948e-06 4.5393e-08 0.00067169 3.8694e-05
0.0046451 0.00079734 0.001383 1.2951e-08 3.9624e-06 1.8914e-06 4.2775e-08 0.00066793 3.8857e-05
0.004589 0.00080047 0.0013867 2.0418e-08 4.0443e-06 1.9062e-06 3.7783e-08 0.00066417 3.9014e-05
0.0045326 0.00080355 0.0013904 2.5423e-08 4.1211e-06 1.9172e-06 3.0433e-08 0.00066038 3.9165e-05
0.0044769 0.00080669 0.001394 3.2315e-08 4.1991e-06 1.9284e-06 2.3756e-08 0.00065662 3.9319e-05
0.0044209 0.0008098 0.0013977 3.6707e-08 4.2723e-06 1.9359e-06 3.3647e-08 0.00065283 3.9467e-05
0.0043646 0.00081286 0.0014013 3.8823e-08 4.3406e-06 1.9397e-06 4.1249e-08 0.00064904 3.961e-05
0.0043089 0.00081598 0.001405 4.2542e-08 4.4099e-06 1.9436e-06 4.9604e-08 0.00064526 3.9754e-05
0.0042951 0.00081906 0.0014086 4.1359e-08 4.4746e-06 1.9439e-06 5.5624e-08 0.00064146 3.9893e-05
0.0042815 0.00082219 0.0014123 4.1296e-08 4.5396e-06 1.9438e-06 6.211e-08 0.00063768 4.0033e-05
0.004268 0.00082537 0.0014159 4.2381e-08 4.6051e-06 1.9434e-06 6.9214e-08 0.0006339 4.0175e-05
0.0042546 0.0008286 0.0014196 4.44e-08 4.6706e-06 1.9425e-06 7.6814e-08 0.00063012 4.0317e-05
0.0042414 0.00083188 0.0014232 4.7378e-08 4.7361e-06 1.9409e-06 8.4949e-08 0.00062636 4.0459e-05
0.0042281 0.00083513 0.0014269 4.862e-08 4.7977e-06 1.9362e-06 9.1106e-08 0.00062258 4.0597e-05
0.004215 0.00083842 0.0014305 5.0776e-08 4.8591e-06 1.9308e-06 9.7758e-08 0.00061881 4.0736e-05
0.0042018 0.00084168 0.0014342 5.1271e-08 4.9168e-06 1.9225e-06 1.025e-07 0.00061504 4.087e-05
0.0041887 0.00084499 0.0014378 5.2658e-08 4.9743e-06 1.9133e-06 1.0773e-07 0.00061127 4.1005e-05
0.0041757 0.00084834 0.0014414 5.4972e-08 5.0316e-06 1.9034e-06 1.1349e-07 0.0006075 4.114e-05
0.0041627 0.00085166 0.0014451 5.5642e-08 5.0851e-06 1.8905e-06 1.1736e-07 0.00060373 4.1271e-05
0.0041497 0.00085496 0.0014487 5.4662e-08 5.135e-06 1.8747e-06 1.1933e-07 0.00059994 4.1398e-05
0.0041367 0.0008583 0.0014524 5.4586e-08 5.1846e-06 1.8581e-06 1.218e-07 0.00059617 4.1525e-05
0.0041239 0.00086169 0.001456 5.5407e-08 5.2339e-06 1.8407e-06 1.2481e-07 0.0005924 4.1653e-05
0.0041112 0.00086511 0.0014596 5.7314e-08 5.2832e-06 1.8225e-06 1.2854e-07 0.00058863 4.1781e-05
0.0040986 0.00086858 0.0014633 6.0379e-08 5.3325e-06 1.8037e-06 1.3303e-07 0.00058487 4.1909e-05
0.004086 0.00087203 0.0014669 6.179e-08 5.3781e-06 1.7819e-06 1.3561e-07 0.0005811 4.2033e-05
0.0040733 0.00087546 0.0014705 6.1535e-08 5.4201e-06 1.7572e-06 1.3628e-07 0.00057732 4.2153e-05
0.0040608 0.00087893 0.0014742 6.2451e-08 5.462e-06 1.7319e-06 1.3772e-07 0.00057355 4.2274e-05
0.0040483 0.00088245 0.0014778 6.4574e-08 5.5039e-06 1.7057e-06 1.3994e-07 0.00056979 4.2395e-05
0.004036 0.000886 0.0014814 6.78e-08 5.5456e-06 1.6787e-06 1.428e-07 0.00056603 4.2517e-05
0.0040238 0.00088961 0.0014851 7.243e-08 5.5873e-06 1.651e-06 1.4649e-07 0.00056227 4.2639e-05
0.0040116 0.00089319 0.0014887 7.5302e-08 5.6253e-06 1.6204e-06 1.4825e-07 0.00055851 4.2757e-05
0.0039994 0.00089681 0.0014924 7.9674e-08 5.6633e-06 1.589e-06 1.5086e-07 0.00055475 4.2875e-05
0.0039873 0.00090042 0.001496 8.2257e-08 5.6976e-06 1.5547e-06 1.5153e-07 0.00055099 4.2989e-05
0.0039751 0.000904 0.0014996 8.3061e-08 5.7282e-06 1.5175e-06 1.5025e-07 0.00054722 4.31e-05
0.003963 0.00090762 0.0015032 8.52e-08 5.7586e-06 1.4794e-06 1.4966e-07 0.00054345 4.3211e-05
0.003951 0.00091129 0.0015069 8.8954e-08 5.7891e-06 1.4406e-06 1.4994e-07 0.00053969 4.3322e-05
0.0039389 0.00091493 0.0015105 9.0905e-08 5.8158e-06 1.3989e-06 1.4829e-07 0.00053592 4.3429e-05
0.0039269 0.00091856 0.0015141 9.106e-08 5.8389e-06 1.3543e-06 1.447e-07 0.00053214 4.3532e-05
0.0039148 0.00092216 0.0015177 8.9391e-08 5.8583e-06 1.3068e-06 1.3916e-07 0.00052835 4.3632e-05
0.0039028 0.00092581 0.0015213 8.9352e-08 5.8777e-06 1.2585e-06 1.3448e-07 0.00052457 4.3732e-05
0.0038908 0.00092943 0.0015249 8.751e-08 5.8934e-06 1.2073e-06 1.2787e-07 0.00052079 4.3827e-05
0.0038788 0.0009331 0.0015285 8.7289e-08 5.9092e-06 1.1554e-06 1.221e-07 0.000517 4.3924e-05
0.0038669 0.00093675 0.0015321 8.5231e-08 5.9212e-06 1.1006e-06 1.1437e-07 0.00051321 4.4016e-05
0.0038551 0.00094045 0.0015357 8.4793e-08 5.9334e-06 1.045e-06 1.0744e-07 0.00050943 4.4109e-05
0.0038432 0.00094412 0.0015393 8.2493e-08 5.9417e-06 9.8642e-07 9.8553e-08 0.00050564 4.4198e-05
0.0038314 0.00094783 0.0015429 8.1624e-08 5.95e-06 9.2701e-07 9.0286e-08 0.00050185 4.4287e-05
0.0038197 0.0009516 0.0015465 8.2195e-08 5.9582e-06 8.6674e-07 8.2578e-08 0.00049807 4.4377e-05
0.003808 0.00095533 0.0015501 8.0803e-08 5.9626e-06 8.0347e-07 7.2871e-08 0.00049428 4.4462e-05
0.0037963 0.00095904 0.0015537 7.7363e-08 5.9629e-06 7.3714e-07 6.1085e-08 0.00049048 4.4544e-05
0.0037844 0.00096272 0.0015573 7.1733e-08 5.959e-06 6.6768e-07 4.7099e-08 0.00048667 4.462e-05
0.0037728 0.00096634 0.0015608 6.824e-08 5.9503e-06 7.3828e-07 3.6115e-08 0.00048285 4.4692e-05
0.0037612 0.00096992 0.0015644 6.2529e-08 5.9373e-06 8.0568e-07 4.8345e-08 0.00048636 4.476e-05
0.0037496 0.00097357 0.001568 5.8665e-08 5.9249e-06 8.7259e-07 6.1471e-08 0.00048988 4.4828e-05
0.0037382 0.00097727 0.0015715 5.6357e-08 5.913e-06 9.3903e-07 7.5673e-08 0.0004934 4.4898e-05
0.0037268 0.00098094 0.0015751 5.2101e-08 5.897e-06 1.0023e-06 8.7665e-08 0.00049692 4.4963e-05
0.0037154 0.00098467 0.0015787 4.9244e-08 5.8815e-06 1.0651e-06 1.0081e-07 0.00050044 4.5029e-05
0.0037046 0.00098837 0.0015822 4.7649e-08 5.8619e-06 1.1248e-06 1.1131e-07 0.00050395 4.5091e-05
0.0036939 0.00099212 0.0015858 4.7143e-08 5.8427e-06 1.1839e-06 1.2297e-07 0.00050747 4.5153e-05
0.0036833 0.00099593 0.0015894 4.751e-08 5.8236e-06 1.2424e-06 1.3572e-07 0.00051099 4.5217e-05
0.0036728 0.00099979 0.0015929 4.8905e-08 5.8048e-06 1.3003e-06 1.499e-07 0.00051452 4.5281e-05
0.0036624 0.0010037 0.0015965 5.1376e-08 5.7863e-06 1.3578e-06 1.6568e-07 0.00051805 4.5346e-05
0.0036522 0.0010077 0.0016001 5.5028e-08 5.7681e-06 1.4147e-06 1.8327e-07 0.00052159 4.5411e-05
0.0036419 0.0010116 0.0016037 5.6928e-08 5.746e-06 1.4685e-06 1.9848e-07 0.00052512 4.5473e-05
0.0036317 0.0010156 0.0016072 6.0075e-08 5.7241e-06 1.5219e-06 2.1561e-07 0.00052866 4.5535e-05
0.0036216 0.0010197 0.0016108 6.4602e-08 5.7024e-06 1.5748e-06 2.3492e-07 0.0005322 4.5598e-05
0.0036116 0.0010238 0.0016144 7.0714e-08 5.681e-06 1.6272e-06 2.5667e-07 0.00053575 4.5662e-05
0.0036017 0.0010279 0.001618 7.8457e-08 5.6596e-06 1.6791e-06 2.8086e-07 0.0005393 4.5727e-05
0.003592 0.0010322 0.0016216 6.4476e-08 5.6385e-06 1.7306e-06 3.0815e-07 0.00054286 4.5792e-05
0.0035823 0.0010364 0.0016252 5.3038e-08 5.6176e-06 1.7817e-06 3.3895e-07 0.00054642 4.5858e-05
0.0035726 0.0010407 0.0016287 3.9461e-08 5.5928e-06 1.8297e-06 3.6672e-07 0.00054998 4.592e-05
0.0035629 0.0010449 0.0016323 2.3647e-08 5.5641e-06 1.8746e-06 3.9151e-07 0.00055353 4.5978e-05
0.0035531 0.0010491 0.0016359 2.7592e-08 5.5314e-06 1.9163e-06 4.1336e-07 0.00055706 4.6031e-05
0.0035432 0.0010533 0.0016395 2.9928e-08 5.4948e-06 1.955e-06 4.3232e-07 0.00056059 4.608e-05
0.0035335 0.0010575 0.001643 3.3056e-08 5.4584e-06 1.9932e-06 3.9331e-07 0.00056413 4.613e-05
0.0035237 0.0010617 0.0016466 3.4552e-08 5.4182e-06 2.0284e-06 3.5178e-07 0.00056766 4.6176e-05
0.003514 0.0010659 0.0016502 3.6718e-08 5.3779e-06 2.063e-06 3.1429e-07 0.00057119 4.6223e-05
0.0035045 0.0010702 0.0016537 3.9617e-08 5.3375e-06 2.0971e-06 2.8036e-07 0.00057473 4.6269e-05
0.0034948 0.0010745 0.0016573 4.0895e-08 5.2933e-06 2.1281e-06 2.4344e-07 0.00057826 4.6312e-05
0.0034853 0.0010788 0.0016609 4.3079e-08 5.2492e-06 2.1587e-06 2.1014e-07 0.00058179 4.6356e-05
0.0034759 0.0010832 0.0016644 4.6259e-08 5.2053e-06 2.1889e-06 1.8002e-07 0.00058533 4.64e-05
0.0034664 0.0010876 0.001668 4.7763e-08 5.1575e-06 2.216e-06 1.4716e-07 0.00058886 4.644e-05
0.003457 0.001092 0.0016715 5.0155e-08 5.1095e-06 2.2426e-06 1.1689e-07 0.0005924 4.648e-05
0.0034476 0.0010964 0.0016751 5.0877e-08 5.0578e-06 2.2661e-06 8.3997e-08 0.00059593 4.6516e-05
0.0034382 0.0011007 0.0016787 4.9928e-08 5.0023e-06 2.2866e-06 9.3638e-08 0.00059945 4.6549e-05
0.0034288 0.0011051 0.0016822 4.9871e-08 4.9466e-06 2.3065e-06 1.0393e-07 0.00060297 4.6581e-05
0.0034196 0.0011096 0.0016858 5.0697e-08 4.8907e-06 2.3258e-06 1.1499e-07 0.0006065 4.6614e-05
0.0034102 0.001114 0.0016893 4.9868e-08 4.8311e-06 2.3421e-06 1.2404e-07 0.00061003 4.6643e-05
0.003401 0.0011185 0.0016929 4.9922e-08 4.7713e-06 2.3579e-06 1.3391e-07 0.00061355 4.6673e-05
0.0033919 0.001123 0.0016964 5.0863e-08 4.7113e-06 2.3731e-06 1.4472e-07 0.00061709 4.6703e-05
0.0033827 0.0011276 0.0017 5.0117e-08 4.6475e-06 2.3852e-06 1.5343e-07 0.00062061 4.6728e-05
0.0033737 0.0011321 0.0017035 5.044e-08 4.5837e-06 2.3969e-06 1.2481e-07 0.00062414 4.6755e-05
0.0033647 0.0011368 0.0017071 5.1847e-08 4.52e-06 2.4083e-06 9.8636e-08 0.00062767 4.6782e-05
0.0033557 0.0011414 0.0017106 5.1546e-08 4.4524e-06 2.4165e-06 1.1486e-07 0.0006312 4.6805e-05
0.0033466 0.001146 0.0017142 4.9542e-08 4.3811e-06 2.4218e-06 1.2893e-07 0.00063472 4.6824e-05
0.0033377 0.0011506 0.0017177 4.8447e-08 4.3095e-06 2.4264e-06 1.4415e-07 0.00063824 4.6843e-05
0.0033287 0.0011552 0.0017213 4.5692e-08 4.2341e-06 2.428e-06 1.5722e-07 0.00064176 4.6859e-05
0.0033198 0.0011599 0.0017248 4.3797e-08 4.1585e-06 2.4291e-06 1.7154e-07 0.00064528 4.6874e-05
0.003311 0.0011646 0.0017284 4.2691e-08 4.0827e-06 2.4297e-06 1.8726e-07 0.00064881 4.689e-05
0.0033022 0.0011693 0.0017319 4.2332e-08 4.0066e-06 2.4297e-06 2.0456e-07 0.00065234 4.6907e-05
0.0032936 0.0011742 0.0017355 4.2715e-08 3.9302e-06 2.4291e-06 2.2363e-07 0.00065588 4.6924e-05
0.003285 0.0011791 0.001739 4.4017e-08 3.8538e-06 2.4283e-06 2.4498e-07 0.00065942 4.6942e-05
0.0032764 0.0011839 0.0017426 4.3654e-08 3.7736e-06 2.4243e-06 2.6379e-07 0.00066295 4.6956e-05
0.0032679 0.0011889 0.0017461 4.4109e-08 3.6931e-06 2.4198e-06 2.848e-07 0.00066649 4.697e-05
0.0032596 0.0011938 0.0017497 4.5591e-08 3.6127e-06 2.415e-06 3.0862e-07 0.00067004 4.6985e-05
0.0032504 0.0011989 0.0017532 4.4944e-08 3.5323e-06 2.4101e-06 2.924e-07 0.00067359 4.7001e-05
0.0032414 0.001204 0.0017568 4.5209e-08 3.4517e-06 2.4047e-06 2.7831e-07 0.00067715 4.7018e-05
0.0032325 0.0012092 0.0017604 4.6393e-08 3.3709e-06 2.3989e-06 2.6621e-07 0.00068072 4.7036e-05
0.0032236 0.0012144 0.001764 4.5828e-08 3.2862e-06 2.3899e-06 2.5157e-07 0.00068428 4.7049e-05
0.0032147 0.0012196 0.0017675 4.6199e-08 3.2013e-06 2.3805e-06 2.3883e-07 0.00068784 4.7063e-05
0.0032059 0.0012249 0.0017711 4.7536e-08 3.1162e-06 2.3707e-06 2.2787e-07 0.00069141 4.7078e-05
0.0031971 0.0012302 0.0017747 4.7053e-08 3.027e-06 2.3577e-06 2.1436e-07 0.00069497 4.7088e-05
0.0031884 0.0012355 0.0017782 4.7589e-08 2.9377e-06 2.3443e-06 2.0261e-07 0.00069854 4.7099e-05
0.0031798 0.0012409 0.0017818 4.9389e-08 2.8485e-06 2.3308e-06 1.9277e-07 0.00070211 4.7111e-05
0.0031711 0.0012462 0.0017854 4.9236e-08 2.7551e-06 2.3139e-06 1.8031e-07 0.00070568 4.7119e-05
0.0031625 0.0012517 0.0017889 5.0313e-08 2.6617e-06 2.2968e-06 1.6959e-07 0.00070925 4.7127e-05
0.0031539 0.0012571 0.0017925 4.9296e-08 2.564e-06 2.2762e-06 1.5611e-07 0.00071281 4.7131e-05
0.0031454 0.0012625 0.0017961 4.9644e-08 2.4664e-06 2.2555e-06 1.4446e-07 0.00071638 4.7136e-05
0.003137 0.0012681 0.0017997 5.1643e-08 2.3692e-06 2.235e-06 7.5879e-08 0.00071996 4.7143e-05
0.0031286 0.0012736 0.0018032 5.1423e-08 2.2676e-06 2.2108e-06 7.2048e-08 0.00072353 4.7145e-05
0.0031202 0.0012792 0.0018068 5.2912e-08 2.1664e-06 2.1869e-06 6.9017e-08 0.00072711 4.7149e-05
0.0031118 0.0012847 0.0018104 5.2162e-08 2.0608e-06 2.1593e-06 6.3755e-08 0.00073068 4.7147e-05
0.0031035 0.0012904 0.0018139 5.3158e-08 1.9557e-06 2.132e-06 5.9267e-08 0.00073425 4.7147e-05
0.0030954 0.0012961 0.0018175 5.6006e-08 1.8509e-06 2.1048e-06 5.5466e-08 0.00073784 4.715e-05
0.0030873 0.0013019 0.0018211 6.074e-08 1.7461e-06 2.0776e-06 5.2148e-08 0.00074144 4.7154e-05
0.0030794 0.0013078 0.0018247 6.7792e-08 1.6415e-06 2.0505e-06 4.9282e-08 0.00074505 4.7159e-05
0.0030714 0.0013137 0.0018283 7.1968e-08 1.5325e-06 2.0196e-06 4.4202e-08 0.00074864 4.7159e-05
0.0030633 0.0013195 0.0018318 7.324e-08 1.4187e-06 1.9849e-06 3.678e-08 0.00075222 4.7154e-05
0.0030552 0.0013252 0.0018354 7.1561e-08 1.3002e-06 1.9462e-06 5.0251e-08 0.00075579 4.7143e-05
0.0030469 0.0013279 0.0018389 6.6771e-08 1.2942e-06 2.0158e-06 6.0847e-08 0.00075935 4.7125e-05
0.0030386 0.0013304 0.0018425 5.871e-08 1.2841e-06 2.0812e-06 6.8675e-08 0.00076289 4.7102e-05
0.0030304 0.0013331 0.001846 5.3412e-08 1.2731e-06 2.1473e-06 7.7789e-08 0.00076644 4.7081e-05
0.0030223 0.0013358 0.0018496 5.0408e-08 1.2612e-06 2.2142e-06 8.8442e-08 0.00077 4.7062e-05
0.0030141 0.0013385 0.0018531 4.4552e-08 1.2452e-06 2.2769e-06 9.6138e-08 0.00077355 4.7038e-05
0.0030059 0.0013411 0.0018566 3.563e-08 1.2251e-06 2.3352e-06 1.0093e-07 0.00077709 4.7007e-05
0.0029978 0.0013438 0.0018602 2.9449e-08 1.2043e-06 2.3947e-06 8.4345e-08 0.00078064 4.6979e-05
0.0029898 0.0013466 0.0018637 2.5108e-08 1.1827e-06 2.4552e-06 7.0712e-08 0.0007842 4.6953e-05
0.0029819 0.0013495 0.0018673 2.2399e-08 1.1604e-06 2.5169e-06 5.9178e-08 0.00078777 4.6931e-05
0.0029852 0.0013523 0.0018708 1.455e-08 1.3514e-06 2.5741e-06 4.4342e-08 0.00079133 4.6902e-05
0.0029884 0.0013551 0.0018744 1.7916e-08 1.5366e-06 3.1549e-06 5.1896e-08 0.00079488 4.6867e-05
0.0029917 0.0013579 0.0018779 2.25e-08 1.7239e-06 3.7497e-06 6.0584e-08 0.00079843 4.6834e-05
0.0029949 0.0013607 0.0018814 2.5037e-08 1.9061e-06 4.335e-06 6.6842e-08 0.00080198 4.6797e-05
0.0029982 0.0013635 0.001885 2.8535e-08 2.0896e-06 4.9314e-06 7.3906e-08 0.00080553 4.676e-05
0.0030016 0.0013665 0.0018885 3.3157e-08 2.2745e-06 5.5388e-06 8.1849e-08 0.0008091 4.6725e-05
0.0030049 0.0013693 0.0018921 3.5759e-08 2.4545e-06 6.1382e-06 8.7466e-08 0.00081265 4.6685e-05
0.0030082 0.0013722 0.0018956 3.6399e-08 2.6298e-06 6.7298e-06 9.0797e-08 0.00081619 4.6641e-05
0.0030116 0.0013751 0.0018991 3.8038e-08 2.8062e-06 6.813e-06 9.4882e-08 0.00081975 4.6597e-05
0.003015 0.001378 0.0019027 4.069e-08 2.9836e-06 6.8978e-06 9.9718e-08 0.0008233 4.6554e-05
0.0030186 0.0013811 0.0019062 4.4639e-08 3.1624e-06 6.9845e-06 1.0551e-07 0.00082687 4.6513e-05
0.0030221 0.0013841 0.0019098 4.6685e-08 3.3367e-06 7.0672e-06 1.0915e-07 0.00083043 4.6467e-05
0.0030255 0.001387 0.0019133 4.6883e-08 3.5067e-06 7.1461e-06 1.1066e-07 0.00083398 4.6417e-05
0.0030289 0.0013899 0.0019168 4.5229e-08 3.6723e-06 7.221e-06 1.1005e-07 0.00083752 4.6362e-05
0.0030324 0.0013929 0.0019203 4.4573e-08 3.8387e-06 7.2974e-06 1.101e-07 0.00084107 4.6308e-05
0.0030359 0.001396 0.0019239 4.487e-08 4.0059e-06 7.3751e-06 1.1082e-07 0.00084462 4.6254e-05
0.0030395 0.0013991 0.0019274 4.6133e-08 4.174e-06 7.4542e-06 1.1221e-07 0.00084818 4.6202e-05
0.0030431 0.0014021 0.0019309 4.558e-08 4.3378e-06 7.5295e-06 1.115e-07 0.00085173 4.6144e-05
0.0030466 0.0014051 0.0019344 4.3203e-08 4.4972e-06 7.6008e-06 1.0867e-07 0.00085528 4.6083e-05
0.0030502 0.0014082 0.001938 4.1804e-08 4.6575e-06 7.6736e-06 1.0652e-07 0.00085883 4.6022e-05
0.0030538 0.0014113 0.0019415 3.8577e-08 4.8133e-06 7.7425e-06 1.0225e-07 0.00086237 4.5957e-05
0.0030574 0.0014144 0.001945 3.647e-08 4.9706e-06 7.8132e-06 9.8841e-08 0.00086592 4.5893e-05
0.003061 0.0014175 0.0019485 3.2541e-08 5.1233e-06 7.8799e-06 9.3288e-08 0.00086946 4.5824e-05
0.0030647 0.0014206 0.001952 2.9553e-08 5.2772e-06 7.9483e-06 8.8469e-08 0.00087301 4.5756e-05
0.0030685 0.0014238 0.0019556 2.7399e-08 5.4325e-06 8.0186e-06 8.4362e-08 0.00087656 4.569e-05
0.0030722 0.001427 0.0019591 2.3375e-08 5.5829e-06 8.0845e-06 7.7989e-08 0.00088011 4.5618e-05
0.003076 0.0014302 0.0019626 2.0266e-08 5.7351e-06 8.1526e-06 7.247e-08 0.00088367 4.5548e-05
0.0030801 0.0014334 0.0019661 1.8234e-08 5.8818e-06 8.2158e-06 6.4302e-08 0.00088721 4.5472e-05
0.0030841 0.0014365 0.0019696 1.4248e-08 6.023e-06 8.2738e-06 5.3521e-08 0.00089074 4.5391e-05
0.0030882 0.0014397 0.0019731 1.108e-08 6.1666e-06 8.3348e-06 4.3914e-08 0.00089428 4.5312e-05
0.0030922 0.0014429 0.0019766 5.8746e-09 6.3042e-06 9.218e-06 5.643e-08 0.00089781 4.5227e-05
0.0030962 0.001446 0.0019801 7.6767e-09 6.4358e-06 1.0086e-05 6.6087e-08 0.00090133 4.5136e-05
0.0031001 0.001449 0.0019836 7.8145e-09 6.5614e-06 1.0938e-05 7.2978e-08 0.00090483 4.5039e-05
0.0031039 0.001452 0.0019871 6.2713e-09 6.681e-06 1.1774e-05 7.7125e-08 0.00090832 4.4936e-05
0.0031078 0.001455 0.0019905 4.9955e-09 6.8037e-06 1.2633e-05 8.2689e-08 0.00091182 4.4836e-05
0.0031116 0.001458 0.001994 1.0383e-08 6.9202e-06 1.3476e-05 8.5444e-08 0.0009153 4.473e-05
0.0031153 0.001461 0.0019975 1.3698e-08 7.0306e-06 1.4304e-05 1.4072e-07 0.00091878 4.6141e-05
0.0031192 0.001464 0.0020009 1.7958e-08 7.1437e-06 1.5152e-05 2.0509e-07 0.00092226 4.7563e-05
0.0031232 0.0014671 0.0020044 2.3537e-08 7.2595e-06 1.6023e-05 2.8028e-07 0.00092576 4.8998e-05
0.0031272 0.0014703 0.0020078 3.0936e-08 7.378e-06 1.6916e-05 3.6835e-07 0.00092927 5.0445e-05
0.0031314 0.0014736 0.0020113 4.0826e-08 7.4993e-06 1.7832e-05 4.7173e-07 0.00093279 5.1905e-05
0.0031355 0.0014768 0.0020148 4.7566e-08 7.6143e-06 1.8731e-05 5.6345e-07 0.0009363 5.3353e-05
0.0031398 0.0014801 0.0020183 5.7473e-08 7.7327e-06 1.9655e-05 6.7323e-07 0.00093982 5.4815e-05
0.0031441 0.0014835 0.0020218 7.1647e-08 7.8545e-06 2.0606e-05 8.0476e-07 0.00094335 5.6292e-05
0.0031484 0.0014869 0.0020252 8.1824e-08 9.0333e-06 2.1539e-05 9.2187e-07 0.00094688 5.7757e-05
0.0031528 0.0014903 0.0020287 9.6912e-08 1.0241e-05 2.2499e-05 9.4522e-07 0.00095041 5.9237e-05
0.0031573 0.0014938 0.0020322 1.179e-07 1.1475e-05 2.3485e-05 9.7675e-07 0.00095396 6.0729e-05
0.0031617 0.0014973 0.0020357 1.3354e-07 1.269e-05 2.4452e-05 1.0011e-06 0.0009575 6.2211e-05
0.0031663 0.0015007 0.0020392 1.5652e-07 1.3884e-05 2.5401e-05 1.0349e-06 0.00096104 6.3707e-05
0.0031708 0.001504 0.0020427 1.7374e-07 1.5059e-05 2.6331e-05 1.0614e-06 0.00096458 6.5191e-05
0.0031751 0.0015073 0.0020461 1.8567e-07 1.6215e-05 2.7244e-05 1.0808e-06 0.0009681 6.6665e-05
0.0031794 0.0015105 0.0020496 1.9271e-07 1.7351e-05 2.8139e-05 1.3251e-06 0.0009716 6.8127e-05
0.0031839 0.0015138 0.0020531 2.0603e-07 1.8515e-05 2.906e-05 1.6183e-06 0.00097512 6.9604e-05
0.0031882 0.0015171 0.0020565 2.1419e-07 1.966e-05 2.9963e-05 1.8808e-06 0.00097863 7.1069e-05
0.0031927 0.0015204 0.00206 1.9709e-07 2.0831e-05 3.0891e-05 1.9519e-06 0.00098215 7.2547e-05
0.0031971 0.0015237 0.0020635 2.2328e-07 2.1983e-05 3.18e-05 2.0117e-06 0.00098565 7.4014e-05
0.0032014 0.0015269 0.0020669 2.4291e-07 2.3115e-05 3.2692e-05 2.5202e-06 0.00098914 7.547e-05
0.0032056 0.00153 0.0020703 2.5689e-07 2.4229e-05 3.3568e-05 3.0024e-06 0.00099262 7.6915e-05
0.0032099 0.0015332 0.0020738 2.7745e-07 2.5366e-05 3.4464e-05 3.5606e-06 0.0009961 7.8372e-05
0.0032143 0.0015365 0.0020772 3.0552e-07 2.6525e-05 3.5382e-05 4.2009e-06 0.0009996 7.984e-05
0.0032188 0.0015399 0.0020807 3.4347e-07 2.7708e-05 3.6322e-05 4.9397e-06 0.0010031 8.132e-05
0.0032233 0.0015432 0.0020841 3.7545e-07 2.8878e-05 3.725e-05 5.6339e-06 0.0010066 8.2792e-05
0.0032278 0.0015466 0.0020876 4.1792e-07 3.007e-05 3.8198e-05 5.7819e-06 0.0010101 8.4275e-05
0.0032325 0.0015501 0.002091 4.7162e-07 3.1282e-05 3.9166e-05 5.953e-06 0.0010136 8.5767e-05
0.0032371 0.0015535 0.0020945 5.1911e-07 3.2483e-05 4.0124e-05 6.1127e-06 0.0010171 8.7253e-05
0.0032417 0.001557 0.0020979 5.7802e-07 3.3702e-05 4.1098e-05 6.2947e-06 0.0010207 8.8747e-05
0.0032465 0.0015606 0.0021014 6.5039e-07 3.4939e-05 4.209e-05 6.5008e-06 0.0010242 9.025e-05
0.0032512 0.0015641 0.0021048 7.1609e-07 3.6167e-05 4.3073e-05 6.6959e-06 0.0010277 9.1747e-05
0.0032559 0.0015676 0.0021083 7.7562e-07 3.7386e-05 4.4048e-05 6.8806e-06 0.0010312 9.3239e-05
0.0032606 0.0015712 0.0021117 8.4839e-07 3.8622e-05 4.5039e-05 7.0885e-06 0.0010347 9.4739e-05
0.0032654 0.0015748 0.0021152 9.3681e-07 3.9875e-05 4.6047e-05 7.3218e-06 0.0010382 9.6246e-05
0.0032702 0.0015784 0.0021186 1.0179e-06 4.1119e-05 4.7046e-05 7.544e-06 0.0010418 9.7748e-05
0.003275 0.001582 0.0021221 1.1163e-06 4.2381e-05 4.8062e-05 7.7926e-06 0.0010453 9.9258e-05
0.0032799 0.0015857 0.0021256 1.2351e-06 4.366e-05 4.9095e-05 8.0704e-06 0.0010488 0.00010078
0.0032848 0.0015893 0.002129 1.3451e-06 4.493e-05 5.012e-05 8.336e-06 0.0010523 0.00010229
0.0032897 0.001593 0.0021325 1.4466e-06 4.6192e-05 5.1136e-05 8.5898e-06 0.0010558 0.0001038
0.0032946 0.0015967 0.0021359 1.5694e-06 4.7472e-05 5.217e-05 8.8732e-06 0.0010593 0.00010531
0.0032996 0.0016004 0.0021394 1.7202e-06 4.877e-05 5.3221e-05 9.1922e-06 0.0010629 0.00010684
0.0033046 0.0016041 0.0021428 1.8602e-06 5.0061e-05 5.4265e-05 9.4979e-06 0.0010664 0.00010836
0.0033096 0.0016079 0.0021463 2.032e-06 5.1371e-05 5.5328e-05 9.8418e-06 0.0010699 0.00010988
0.0033147 0.0016118 0.0021497 2.2389e-06 5.2699e-05 5.6409e-05 1.0224e-05 0.0010735 0.00011142
0.0033199 0.0016157 0.0021532 2.4918e-06 5.4048e-05 5.7508e-05 1.0654e-05 0.001077 0.00011297
0.003325 0.0016195 0.0021566 2.7271e-06 5.5387e-05 5.86e-05 1.1066e-05 0.0010805 0.00011451
0.0033302 0.0016234 0.0021601 2.9459e-06 5.6718e-05 5.9683e-05 1.146e-05 0.0010841 0.00011604
0.0033353 0.0016273 0.0021635 3.2096e-06 5.8067e-05 6.0784e-05 1.1899e-05 0.0010876 0.00011758
0.0033406 0.0016313 0.002167 3.5329e-06 5.9438e-05 6.1905e-05 1.2393e-05 0.0010911 0.00011914
0.003346 0.0016353 0.0021705 3.9293e-06 6.0831e-05 6.3048e-05 1.2947e-05 0.0010947 0.0001207
