

TREE # 1

  0  0.0000   4888.878156  x:  0.04591   0.07767   0.20160   0.07881   0.12154   0.04062   0.11212   0.04604   0.06804   0.09394   0.17622   0.18380   0.09886   0.12232   0.87280   0.11497   0.13255   1.10749   0.84397  
  1 99.0000   4812.895121  x:  0.10682   0.02234   0.23487   0.15898   0.05947   0.22651   0.10125   0.20996   0.06024   0.09164   0.17988   0.20189   0.08298   0.09809   0.84905   0.06121   0.12327   1.45903   0.43245  
  2 304.5090   4778.206097  x:  0.10250   0.04912   0.24226   0.15569   0.09205   0.23741   0.08368   0.20766   0.06414   0.09646   0.18582   0.20181   0.08979   0.11111   0.84331   0.07845   0.14108   1.59589   0.25229  
  3 810.7020   4768.523347  x:  0.08645   0.01550   0.23897   0.13351   0.06618   0.21059   0.08213   0.17412   0.06291   0.09891   0.18622   0.20451   0.08114   0.11943   0.85234   0.07159   0.14068   1.69170   0.22794  
  4 202.6637   4748.796644  x:  0.06794   0.04783   0.24625   0.10826   0.03587   0.17075   0.10722   0.11060   0.05868   0.09943   0.19761   0.22764   0.06082   0.12245   0.88355   0.03688   0.13345   1.99295   0.25245  
  5 413.9052   4724.753979  x:  0.04880   0.02378   0.25341   0.10188   0.08066   0.12477   0.13913   0.04558   0.05750   0.09698   0.20477   0.25857   0.05226   0.12129   0.92865   0.02178   0.13588   2.40845   0.31210  
  6 1408.0048   4713.497134  x:  0.03644   0.01895   0.25112   0.10007   0.06879   0.09154   0.14908   0.04074   0.06464   0.09619   0.20560   0.27049   0.07565   0.12483   0.95687   0.07082   0.15705   2.63950   0.35419  
  7 913.8985   4710.006220  x:  0.02379   0.02246   0.23728   0.09425   0.07253   0.06223   0.13048   0.06814   0.06781   0.09681   0.19870   0.26088   0.08000   0.12900   0.96841   0.06751   0.15047   2.70418   0.36695  
  8 217.7543   4708.905373  x:  0.02955   0.02564   0.22110   0.09734   0.07173   0.06455   0.10665   0.06314   0.06352   0.09460   0.18911   0.24793   0.08195   0.12636   0.97686   0.06975   0.14548   2.72526   0.37299  
  9 76.9175   4708.699809  x:  0.03135   0.02630   0.21466   0.09385   0.07242   0.06819   0.10934   0.06258   0.06877   0.09744   0.18652   0.23677   0.08057   0.12587   0.98232   0.07088   0.14397   2.72948   0.37377  
 10 29.7239   4708.598451  x:  0.03410   0.02649   0.21251   0.09417   0.07259   0.06698   0.11389   0.06265   0.06472   0.09625   0.18660   0.22773   0.08144   0.12629   0.98779   0.07103   0.14351   2.73119   0.37308  
 11 23.4930   4708.550333  x:  0.03715   0.02628   0.21534   0.09643   0.07216   0.06493   0.11343   0.06216   0.06694   0.09589   0.18876   0.22349   0.08165   0.12622   0.99373   0.07017   0.14409   2.73164   0.37253  
 12 11.5880   4708.494540  x:  0.03698   0.02615   0.22013   0.09365   0.07263   0.06676   0.11133   0.06305   0.06573   0.09592   0.19059   0.22158   0.08099   0.12604   1.00418   0.07002   0.14586   2.73191   0.37235  
 13 10.3448   4708.361358  x:  0.03240   0.02699   0.22076   0.09653   0.07265   0.06849   0.11251   0.06285   0.06554   0.09855   0.18747   0.22716   0.08470   0.12618   1.03184   0.06791   0.14629   2.73133   0.36897  
 14 12.8342   4708.285445  x:  0.03263   0.02762   0.21834   0.09719   0.07303   0.06766   0.11364   0.06373   0.06606   0.09591   0.18668   0.23193   0.08085   0.12480   1.04534   0.06907   0.14722   2.73110   0.36680  
 15 24.4943   4708.216402  x:  0.03488   0.02759   0.21524   0.09497   0.07358   0.06837   0.11371   0.06405   0.06692   0.09384   0.19117   0.23473   0.08328   0.12672   1.04871   0.06867   0.14571   2.73195   0.36612  
 16  5.2150   4707.804913  x:  0.02962   0.02913   0.20866   0.10001   0.07472   0.06982   0.11246   0.06397   0.06436   0.10060   0.20894   0.23525   0.07955   0.12735   1.04835   0.07234   0.14291   2.73922   0.36427  
 17  7.1093   4702.899617  x:  0.02041   0.05437   0.23161   0.09548   0.08774   0.06372   0.11882   0.05780   0.07224   0.08312   0.20497   0.22353   0.09368   0.10670   0.98789   0.07912   0.14243   2.83381   0.33922  
 18 14.1872   4700.959033  x:  0.04067   0.06450   0.24133   0.09212   0.09378   0.05767   0.12043   0.05894   0.06793   0.10059   0.19235   0.22595   0.08888   0.12603   0.96339   0.08129   0.15065   2.87244   0.33141  
 19 106.5284   4700.876725  x:  0.03842   0.06505   0.24136   0.09415   0.09373   0.05950   0.12031   0.05877   0.06892   0.09731   0.19162   0.22480   0.08736   0.13265   0.96227   0.08039   0.15341   2.87411   0.33173  
 20 18.8594   4700.870362  x:  0.03838   0.06506   0.24025   0.09412   0.09367   0.05954   0.12020   0.05885   0.06893   0.09744   0.19196   0.22470   0.08778   0.13208   0.96211   0.07895   0.15653   2.87429   0.33179  
 21  3.0133   4699.877828  x:  0.03642   0.06674   0.22583   0.09634   0.10602   0.06466   0.10826   0.06065   0.06795   0.09762   0.19101   0.22485   0.08850   0.13003   1.01220   0.08375   0.15436   2.96920   0.31532  
 22  0.1008   4699.724436  x:  0.03531   0.06395   0.22538   0.09478   0.11069   0.06363   0.10998   0.06118   0.06803   0.09741   0.19181   0.22416   0.08864   0.13007   0.99235   0.08694   0.15276   3.04347   0.32262  
 23  0.0411   4699.696149  x:  0.03533   0.06175   0.22799   0.09499   0.11122   0.06352   0.11134   0.05979   0.06809   0.09735   0.19222   0.22616   0.08861   0.13018   1.00176   0.08553   0.15453   3.06441   0.32075  
 24  0.0150   4699.691780  x:  0.03627   0.06099   0.22829   0.09555   0.11081   0.06436   0.11081   0.06041   0.06805   0.09739   0.19203   0.22533   0.08878   0.12987   1.00038   0.08513   0.15460   3.06763   0.32091  
 25  0.0039   4699.689146  x:  0.03609   0.06061   0.22781   0.09521   0.11015   0.06399   0.11035   0.06036   0.06806   0.09749   0.19194   0.22500   0.08857   0.13038   1.00018   0.08462   0.15463   3.07150   0.32083  
 26  0.0037   4699.688325  x:  0.03595   0.06080   0.22776   0.09526   0.10971   0.06405   0.11073   0.06048   0.06803   0.09752   0.19212   0.22542   0.08849   0.13038   0.99978   0.08474   0.15444   3.07415   0.32054  
 27  0.0016   4699.688109  x:  0.03597   0.06094   0.22779   0.09529   0.10961   0.06408   0.11060   0.06041   0.06803   0.09747   0.19204   0.22534   0.08853   0.13026   1.00025   0.08482   0.15448   3.07737   0.32075  
 28  0.0020   4699.688103  x:  0.03596   0.06096   0.22780   0.09529   0.10963   0.06407   0.11061   0.06043   0.06804   0.09747   0.19205   0.22532   0.08853   0.13028   1.00029   0.08477   0.15449   3.07763   0.32077  
 29  0.0002   4699.688102  x:  0.03597   0.06096   0.22780   0.09529   0.10964   0.06407   0.11061   0.06042   0.06804   0.09747   0.19205   0.22533   0.08853   0.13027   1.00027   0.08475   0.15449   3.07762   0.32077  
 30  0.0000   4699.688102  x:  0.03597   0.06096   0.22780   0.09529   0.10963   0.06407   0.11061   0.06042   0.06804   0.09747   0.19205   0.22533   0.08852   0.13027   1.00027   0.08475   0.15449   3.07762   0.32077  
 31  0.0000   4699.688102  x:  0.03597   0.06096   0.22780   0.09529   0.10963   0.06407   0.11061   0.06042   0.06804   0.09747   0.19205   0.22533   0.08852   0.13027   1.00027   0.08475   0.15449   3.07762   0.32077  
 32  0.0000   4699.688102  x:  0.03597   0.06096   0.22780   0.09529   0.10963   0.06407   0.11061   0.06042   0.06804   0.09747   0.19205   0.22533   0.08852   0.13027   1.00027   0.08475   0.15449   3.07762   0.32077  
 33  0.0000   4699.688102  x:  0.03597   0.06096   0.22780   0.09529   0.10963   0.06407   0.11061   0.06042   0.06804   0.09747   0.19205   0.22533   0.08852   0.13027   1.00027   0.08475   0.15449   3.07762   0.32077  