

TREE # 1

  0  0.0000   5114.196129  x:  0.11302   0.08310   0.04068   0.17203   0.02734   0.03186   0.04903   0.05584   0.00638   0.02397   0.02853   0.01861   0.06665   0.04069   0.04539   0.01960   0.00923   0.03957   0.03166   0.01266   0.33223   0.36724   0.00000   0.13947   0.27374   0.06297   0.08309   0.08415   0.30822   0.96206   0.85114  
  1 99.0000   5098.403675  x:  0.11325   0.08411   0.03974   0.17367   0.02654   0.03047   0.04735   0.05472   0.00000   0.01842   0.02286   0.01665   0.06764   0.04113   0.04488   0.01821   0.00727   0.03747   0.03049   0.00975   0.33326   0.36876   0.01346   0.14137   0.27493   0.06544   0.08238   0.08470   0.30971   0.96735   0.84625  
  2 954.8375   5080.567107  x:  0.11394   0.08697   0.03721   0.17888   0.02464   0.02700   0.04268   0.05157   0.00000   0.00101   0.00444   0.01356   0.07042   0.04242   0.04372   0.01566   0.00872   0.03180   0.02795   0.00668   0.33453   0.37181   0.01022   0.14530   0.27867   0.07224   0.08024   0.08626   0.31370   0.98541   0.82925  
  3 865.2283   5078.102405  x:  0.11409   0.08763   0.03667   0.18011   0.02426   0.02630   0.04168   0.05088   0.00000   0.00204   0.00093   0.01311   0.07104   0.04270   0.04349   0.01522   0.00883   0.03061   0.02746   0.00645   0.33485   0.37256   0.00974   0.14623   0.27956   0.07376   0.07973   0.08662   0.31466   0.98982   0.82506  
  4 1401.4243   5045.793531  x:  0.11784   0.10404   0.02371   0.21111   0.01544   0.00996   0.01734   0.03413   0.00000   0.00886   0.00685   0.00439   0.08623   0.04966   0.03810   0.00566   0.00975   0.00247   0.01621   0.00480   0.34320   0.39185   0.00000   0.16984   0.30208   0.11098   0.06715   0.09566   0.33923   1.10238   0.71730  
  5 1711.5323   5045.793531  x:  0.11784   0.10404   0.02371   0.21111   0.01544   0.00996   0.01734   0.03413   0.00000   0.00886   0.00685   0.00439   0.08623   0.04966   0.03810   0.00566   0.00975   0.00247   0.01621   0.00480   0.34320   0.39185   0.00000   0.16984   0.30208   0.11098   0.06715   0.09566   0.33923   1.10238   0.71730  
  6 6481.4650   5023.258353  x:  0.11771   0.10399   0.02568   0.21137   0.01742   0.01671   0.02322   0.03602   0.00000   0.00534   0.00393   0.01517   0.08583   0.04949   0.03901   0.01152   0.00802   0.05443   0.01961   0.00685   0.34387   0.39276   0.00960   0.17042   0.30245   0.11056   0.06729   0.09565   0.33996   1.10593   0.71290  
  7 3115.0453   5014.843627  x:  0.11743   0.10380   0.02864   0.21191   0.02036   0.02163   0.02983   0.03926   0.00000   0.00057   0.00170   0.01424   0.08492   0.04893   0.04017   0.01369   0.00564   0.05231   0.02332   0.00738   0.34491   0.39436   0.02189   0.17130   0.30321   0.10966   0.06759   0.09562   0.34134   1.11350   0.70346  
  8 579.8105   5005.435135  x:  0.11688   0.10344   0.03415   0.21295   0.02575   0.03057   0.04193   0.04534   0.00000   0.00522   0.00027   0.01270   0.08315   0.04781   0.04236   0.01763   0.00182   0.04878   0.03008   0.00823   0.34691   0.39744   0.04493   0.17297   0.30470   0.10790   0.06817   0.09555   0.34400   1.12837   0.68486  
  9 4461.2030   5002.320081  x:  0.11661   0.10326   0.03677   0.21346   0.02829   0.03481   0.04768   0.04825   0.00000   0.00683   0.00233   0.01200   0.08229   0.04727   0.04340   0.01949   0.00052   0.04718   0.03328   0.00861   0.34788   0.39892   0.05597   0.17378   0.30542   0.10705   0.06845   0.09552   0.34529   1.13559   0.67583  
 10 22894.4809   4994.966230  x:  0.11565   0.10263   0.04555   0.21525   0.03674   0.04890   0.06702   0.05813   0.00000   0.01202   0.00627   0.00996   0.07923   0.04530   0.04695   0.02552   0.01111   0.04177   0.04396   0.00980   0.35124   0.40417   0.09417   0.17656   0.30800   0.10403   0.06946   0.09539   0.34987   1.16157   0.64323  
 11 9362.3003   4976.783846  x:  0.11449   0.10186   0.04341   0.21702   0.03174   0.04365   0.06488   0.05791   0.00000   0.01244   0.00645   0.02119   0.07615   0.04266   0.04574   0.01805   0.01156   0.03968   0.03791   0.00081   0.35379   0.40922   0.11519   0.17790   0.31116   0.10095   0.07055   0.09502   0.35479   1.19799   0.59456  
 12 665.7383   4943.327246  x:  0.11198   0.10023   0.03786   0.22083   0.01989   0.03055   0.05815   0.05645   0.00000   0.01325   0.00677   0.04426   0.06961   0.03710   0.04279   0.00130   0.01207   0.03513   0.02352   0.00515   0.35920   0.42008   0.15872   0.18065   0.31804   0.09434   0.07289   0.09420   0.36543   1.27773   0.48758  
 13 12728.5958   4917.262584  x:  0.10943   0.09874   0.03044   0.22481   0.00615   0.01364   0.04662   0.05286   0.00000   0.01390   0.00703   0.06622   0.06340   0.03246   0.03965   0.01162   0.01247   0.02922   0.00706   0.00863   0.36465   0.43137   0.20011   0.18313   0.32539   0.08764   0.07528   0.09331   0.37664   1.36402   0.37067  
 14 9631.7922   4897.944005  x:  0.10814   0.09853   0.02410   0.22733   0.01402   0.00399   0.02801   0.04532   0.00000   0.01400   0.00707   0.07550   0.06244   0.03402   0.03712   0.01433   0.01243   0.02719   0.02151   0.00985   0.36773   0.43855   0.21557   0.18370   0.33070   0.08438   0.07659   0.09273   0.38421   1.42867   0.28032  
 15 2908.6207   4889.832855  x:  0.10770   0.09872   0.02086   0.22842   0.01624   0.01371   0.01687   0.04027   0.00000   0.01407   0.00710   0.07874   0.06313   0.03585   0.03578   0.01519   0.01246   0.02594   0.02352   0.01026   0.36909   0.44197   0.21856   0.18363   0.33347   0.08328   0.07715   0.09248   0.38800   1.46274   0.23295  
 16 4053.6227   4882.063112  x:  0.10885   0.10110   0.02744   0.22851   0.01971   0.01207   0.03109   0.03655   0.00000   0.01378   0.00697   0.06626   0.06990   0.04365   0.03801   0.01312   0.01228   0.02933   0.01665   0.00898   0.37025   0.44486   0.20409   0.18258   0.33690   0.08605   0.07711   0.09278   0.39190   1.50137   0.19031  
 17 637.2503   4876.540685  x:  0.11063   0.10441   0.02891   0.22814   0.00664   0.01122   0.02802   0.04798   0.00000   0.01329   0.00672   0.04496   0.07348   0.04157   0.04160   0.01076   0.01182   0.03473   0.02064   0.00718   0.37389   0.45025   0.19650   0.18329   0.34207   0.09020   0.07739   0.09380   0.39826   1.54802   0.18245  
 18 295.8776   4869.458644  x:  0.11280   0.10901   0.02836   0.22796   0.01351   0.00897   0.01936   0.06130   0.00000   0.01258   0.00636   0.01785   0.07548   0.03558   0.04482   0.00833   0.01120   0.04195   0.01190   0.00502   0.38036   0.45961   0.18856   0.18501   0.35052   0.09556   0.07799   0.09530   0.40898   1.62419   0.18237  
 19 963.5970   4851.560813  x:  0.11567   0.11763   0.01659   0.22746   0.01466   0.01270   0.03418   0.05772   0.00000   0.01178   0.00599   0.00347   0.07273   0.02958   0.03882   0.00920   0.01047   0.04595   0.01700   0.00451   0.39722   0.48418   0.15580   0.18848   0.37206   0.10474   0.07891   0.09790   0.43695   1.83238   0.20801  
 20 793.7139   4830.697271  x:  0.12409   0.13716   0.04217   0.22469   0.02072   0.01832   0.04614   0.08590   0.00000   0.01003   0.00528   0.01932   0.08275   0.03243   0.04920   0.01382   0.00922   0.04473   0.02597   0.00686   0.42787   0.52769   0.08412   0.19415   0.41133   0.12820   0.07912   0.10375   0.48720   2.21208   0.25688  
 21 3278.3157   4828.098620  x:  0.11803   0.12982   0.05481   0.22286   0.01778   0.01738   0.03988   0.07767   0.00000   0.00989   0.00520   0.01396   0.08366   0.05632   0.05197   0.01290   0.00911   0.04614   0.02488   0.00643   0.42903   0.52776   0.08614   0.19207   0.40790   0.11981   0.07369   0.10020   0.48598   2.25869   0.26764  
 22 223.4138   4826.267640  x:  0.10827   0.11376   0.06598   0.21841   0.01701   0.01746   0.03884   0.07212   0.00000   0.00971   0.00512   0.01188   0.09380   0.04401   0.05938   0.01299   0.00899   0.04680   0.02576   0.00633   0.42305   0.51493   0.08329   0.18457   0.38995   0.10239   0.06702   0.09573   0.46927   2.29351   0.27366  
 23 100.8901   4824.844510  x:  0.11299   0.10887   0.06264   0.21402   0.01841   0.01789   0.04115   0.08535   0.00000   0.00963   0.00509   0.01256   0.09362   0.04842   0.05121   0.01329   0.00896   0.04679   0.02576   0.00641   0.41066   0.48863   0.08118   0.17756   0.36019   0.09259   0.07599   0.10057   0.43703   2.32669   0.27780  
 24 78.2975   4824.141566  x:  0.12054   0.11476   0.06100   0.21458   0.01824   0.01796   0.04125   0.08299   0.00000   0.00968   0.00511   0.01271   0.08913   0.04865   0.05960   0.01308   0.00895   0.04664   0.02573   0.00640   0.40170   0.46817   0.08430   0.18022   0.34347   0.10482   0.07044   0.09805   0.41359   2.34533   0.28033  
 25 66.5931   4823.996268  x:  0.11857   0.11557   0.06436   0.21624   0.01782   0.01782   0.04042   0.08089   0.00000   0.00972   0.00513   0.01224   0.09184   0.04735   0.05457   0.01311   0.00900   0.04671   0.02574   0.00636   0.39961   0.46214   0.08617   0.18380   0.34211   0.11138   0.07103   0.09869   0.40768   2.34940   0.28114  
 26 30.3235   4823.955071  x:  0.11454   0.11488   0.06272   0.21736   0.01795   0.01785   0.04072   0.08149   0.00000   0.00972   0.00512   0.01249   0.09257   0.04811   0.05625   0.01309   0.00899   0.04664   0.02570   0.00638   0.39920   0.45886   0.08611   0.18672   0.34447   0.11225   0.07238   0.09947   0.40545   2.35068   0.28129  
 27  9.8956   4823.903609  x:  0.11314   0.11664   0.06290   0.21793   0.01807   0.01792   0.04096   0.08273   0.00000   0.00969   0.00511   0.01252   0.09081   0.04803   0.05499   0.01313   0.00897   0.04668   0.02575   0.00639   0.39956   0.45383   0.08519   0.19043   0.34990   0.10884   0.06998   0.09802   0.40270   2.35232   0.28115  
 28  7.6368   4823.840706  x:  0.11625   0.11828   0.06416   0.21723   0.01778   0.01786   0.04051   0.08040   0.00000   0.00968   0.00511   0.01223   0.09123   0.04739   0.05615   0.01308   0.00896   0.04673   0.02577   0.00636   0.40081   0.44911   0.08568   0.19270   0.35554   0.10507   0.07274   0.09935   0.40058   2.35451   0.28152  
 29  9.5369   4823.582567  x:  0.12440   0.10969   0.05969   0.21298   0.01809   0.01781   0.04099   0.07992   0.00000   0.00973   0.00513   0.01315   0.09766   0.04913   0.05510   0.01310   0.00899   0.04641   0.02552   0.00641   0.40637   0.44057   0.08782   0.18997   0.36517   0.10671   0.06958   0.09797   0.39926   2.36338   0.28214  
 30  6.4755   4822.794288  x:  0.12577   0.09525   0.06258   0.21172   0.01787   0.01809   0.04090   0.07542   0.00000   0.00958   0.00506   0.01303   0.08243   0.04732   0.05382   0.01316   0.00888   0.04650   0.02585   0.00638   0.41749   0.42764   0.08626   0.17798   0.37349   0.11347   0.07234   0.09951   0.40095   2.38910   0.28206  
 31 19.5503   4818.945468  x:  0.10678   0.12103   0.04937   0.22910   0.01728   0.01836   0.04169   0.05186   0.00000   0.00931   0.00492   0.01695   0.08522   0.04908   0.04911   0.01292   0.00853   0.04521   0.02533   0.00650   0.45220   0.40194   0.09155   0.14187   0.36395   0.10969   0.07266   0.09745   0.41843   2.51589   0.28775  
 32 45.2816   4815.916501  x:  0.11132   0.11128   0.04154   0.22033   0.01722   0.01877   0.04264   0.03505   0.00000   0.00889   0.00472   0.01952   0.08027   0.04980   0.04514   0.01296   0.00814   0.04461   0.02532   0.00660   0.44947   0.41831   0.08701   0.18689   0.33942   0.10055   0.07334   0.09634   0.42726   2.61607   0.29028  
 33 69.1168   4815.310066  x:  0.11501   0.10809   0.04016   0.23153   0.01710   0.01888   0.04285   0.03215   0.00000   0.00881   0.00468   0.01994   0.07988   0.05007   0.04464   0.01294   0.00807   0.04448   0.02532   0.00661   0.41802   0.44201   0.08785   0.17949   0.35472   0.09906   0.07473   0.09323   0.40934   2.63790   0.29216  
 34 23.8732   4815.265219  x:  0.11332   0.10964   0.04002   0.22636   0.01712   0.01887   0.04283   0.03171   0.00000   0.00882   0.00469   0.02000   0.07952   0.05004   0.04449   0.01294   0.00807   0.04444   0.02530   0.00661   0.41371   0.44354   0.08845   0.17790   0.35670   0.09952   0.07283   0.09692   0.40843   2.63963   0.29222  
 35 10.5318   4815.248250  x:  0.11255   0.11040   0.03998   0.22353   0.01715   0.01887   0.04284   0.03172   0.00000   0.00882   0.00469   0.02002   0.07943   0.05002   0.04441   0.01294   0.00807   0.04442   0.02530   0.00661   0.41133   0.44308   0.08865   0.17738   0.35728   0.09997   0.07433   0.09429   0.40947   2.64044   0.29227  
 36  3.9033   4815.103388  x:  0.11464   0.10885   0.03962   0.22667   0.01725   0.01894   0.04288   0.03247   0.00000   0.00877   0.00467   0.02004   0.07956   0.05013   0.04436   0.01297   0.00804   0.04437   0.02534   0.00663   0.39473   0.43472   0.08879   0.17752   0.35732   0.09882   0.07336   0.09579   0.42423   2.64834   0.29277  
 37  2.5452   4811.743202  x:  0.11171   0.11031   0.02753   0.21934   0.02098   0.02050   0.04387   0.05117   0.00000   0.00746   0.00415   0.02146   0.07717   0.05141   0.03980   0.01395   0.00709   0.04281   0.02633   0.00710   0.38829   0.48164   0.06987   0.19367   0.35726   0.09432   0.07194   0.09842   0.40219   2.83377   0.29115  
 38  3.2900   4808.995199  x:  0.11351   0.11419   0.04465   0.22109   0.02318   0.02218   0.03582   0.05122   0.00000   0.00548   0.00349   0.01621   0.08112   0.04336   0.04516   0.01488   0.00596   0.03942   0.02818   0.00740   0.40758   0.48222   0.06027   0.19884   0.35976   0.09950   0.07293   0.09825   0.42475   3.11423   0.28768  
 39  0.2123   4807.562341  x:  0.11287   0.11353   0.03448   0.22404   0.02463   0.02317   0.03190   0.04792   0.00000   0.00485   0.00347   0.01531   0.08279   0.04680   0.04641   0.01467   0.00599   0.03335   0.02730   0.00747   0.41775   0.46574   0.08698   0.19265   0.35895   0.10035   0.07353   0.09693   0.43162   3.29613   0.28475  
 40  0.1543   4807.187589  x:  0.11355   0.11232   0.03443   0.22310   0.02462   0.02412   0.03582   0.04744   0.00000   0.00400   0.00331   0.01438   0.07829   0.04681   0.04134   0.01420   0.00584   0.03042   0.02660   0.00720   0.40661   0.47377   0.08725   0.19093   0.36268   0.09783   0.07337   0.09783   0.41806   3.35150   0.28661  
 41  0.0371   4807.064610  x:  0.11325   0.11256   0.03356   0.22236   0.02417   0.02456   0.03793   0.04706   0.00000   0.00345   0.00322   0.01349   0.08018   0.04690   0.04545   0.01368   0.00579   0.02881   0.02622   0.00698   0.40744   0.47711   0.08489   0.19151   0.36337   0.09871   0.07320   0.09813   0.41948   3.34785   0.28742  
 42  0.0062   4807.005131  x:  0.11294   0.11331   0.03546   0.22286   0.02333   0.02466   0.03818   0.04737   0.00000   0.00334   0.00327   0.01286   0.08107   0.04665   0.04390   0.01332   0.00602   0.02787   0.02612   0.00682   0.41094   0.47574   0.08522   0.19275   0.36173   0.09953   0.07322   0.09790   0.42365   3.30641   0.28743  
 43  0.0284   4806.978788  x:  0.11321   0.11312   0.03421   0.22322   0.02292   0.02479   0.03757   0.04747   0.00000   0.00331   0.00331   0.01325   0.07957   0.04650   0.04405   0.01318   0.00620   0.02723   0.02635   0.00681   0.40998   0.47266   0.08538   0.19246   0.36078   0.09872   0.07335   0.09752   0.42273   3.27586   0.28722  
 44  0.0166   4806.971339  x:  0.11321   0.11279   0.03431   0.22282   0.02297   0.02493   0.03677   0.04749   0.00000   0.00321   0.00330   0.01318   0.08033   0.04661   0.04399   0.01320   0.00623   0.02690   0.02652   0.00686   0.40859   0.47350   0.08442   0.19204   0.36155   0.09886   0.07330   0.09777   0.42104   3.27605   0.28719  
 45  0.0020   4806.969653  x:  0.11306   0.11300   0.03443   0.22289   0.02313   0.02501   0.03666   0.04735   0.00000   0.00326   0.00332   0.01323   0.08007   0.04665   0.04408   0.01324   0.00629   0.02689   0.02654   0.00691   0.40942   0.47419   0.08361   0.19215   0.36144   0.09897   0.07323   0.09781   0.42188   3.27552   0.28711  
 46  0.0009   4806.969025  x:  0.11311   0.11294   0.03437   0.22287   0.02324   0.02510   0.03679   0.04730   0.00000   0.00329   0.00333   0.01323   0.08020   0.04662   0.04401   0.01321   0.00636   0.02675   0.02646   0.00693   0.40917   0.47400   0.08370   0.19223   0.36132   0.09882   0.07325   0.09775   0.42158   3.27650   0.28721  
 47  0.0007   4806.968924  x:  0.11314   0.11292   0.03438   0.22288   0.02326   0.02511   0.03676   0.04736   0.00000   0.00330   0.00333   0.01320   0.08012   0.04666   0.04404   0.01319   0.00637   0.02677   0.02642   0.00693   0.40904   0.47381   0.08373   0.19219   0.36149   0.09890   0.07327   0.09777   0.42151   3.27667   0.28719  
 48  0.0002   4806.968850  x:  0.11312   0.11292   0.03433   0.22288   0.02326   0.02513   0.03674   0.04737   0.00000   0.00329   0.00333   0.01320   0.08018   0.04662   0.04402   0.01316   0.00638   0.02682   0.02638   0.00694   0.40918   0.47379   0.08366   0.19217   0.36143   0.09887   0.07326   0.09777   0.42167   3.27668   0.28719  
 49  0.0001   4806.968803  x:  0.11311   0.11294   0.03437   0.22288   0.02323   0.02515   0.03675   0.04735   0.00000   0.00328   0.00332   0.01319   0.08014   0.04660   0.04404   0.01314   0.00639   0.02683   0.02639   0.00695   0.40911   0.47398   0.08373   0.19220   0.36135   0.09885   0.07326   0.09776   0.42154   3.27665   0.28720  
 50  0.0001   4806.968777  x:  0.11313   0.11294   0.03436   0.22289   0.02322   0.02517   0.03676   0.04733   0.00000   0.00328   0.00331   0.01321   0.08015   0.04664   0.04403   0.01314   0.00640   0.02683   0.02642   0.00696   0.40913   0.47393   0.08376   0.19220   0.36144   0.09890   0.07327   0.09777   0.42157   3.27684   0.28719  
 51  0.0001   4806.968767  x:  0.11312   0.11293   0.03437   0.22288   0.02323   0.02517   0.03676   0.04735   0.00000   0.00329   0.00331   0.01321   0.08016   0.04664   0.04404   0.01314   0.00640   0.02683   0.02643   0.00696   0.40913   0.47384   0.08376   0.19219   0.36143   0.09885   0.07326   0.09777   0.42160   3.27687   0.28718  
 52  0.0001   4806.968757  x:  0.11312   0.11294   0.03436   0.22289   0.02323   0.02517   0.03677   0.04736   0.00000   0.00329   0.00330   0.01320   0.08015   0.04663   0.04403   0.01314   0.00640   0.02682   0.02643   0.00696   0.40915   0.47389   0.08374   0.19218   0.36139   0.09889   0.07326   0.09776   0.42160   3.27681   0.28718  
 53  0.0000   4806.968751  x:  0.11312   0.11293   0.03436   0.22288   0.02323   0.02516   0.03676   0.04735   0.00000   0.00329   0.00329   0.01321   0.08016   0.04663   0.04403   0.01315   0.00640   0.02682   0.02642   0.00695   0.40912   0.47390   0.08375   0.19219   0.36141   0.09888   0.07326   0.09776   0.42157   3.27662   0.28718  
 54  0.0001   4806.968751  x:  0.11312   0.11293   0.03436   0.22288   0.02323   0.02516   0.03676   0.04734   0.00000   0.00329   0.00329   0.01320   0.08015   0.04663   0.04403   0.01315   0.00640   0.02682   0.02642   0.00695   0.40913   0.47388   0.08375   0.19219   0.36142   0.09887   0.07326   0.09777   0.42159   3.27672   0.28719  
 55  0.0001   4806.968750  x:  0.11312   0.11293   0.03437   0.22288   0.02323   0.02516   0.03676   0.04735   0.00000   0.00329   0.00329   0.01320   0.08015   0.04663   0.04403   0.01315   0.00640   0.02682   0.02642   0.00695   0.40913   0.47388   0.08375   0.19219   0.36141   0.09888   0.07326   0.09776   0.42159   3.27672   0.28719  
 56  0.0000   4806.968750  x:  0.11312   0.11293   0.03436   0.22288   0.02323   0.02516   0.03676   0.04735   0.00000   0.00329   0.00329   0.01320   0.08015   0.04663   0.04403   0.01315   0.00640   0.02682   0.02642   0.00695   0.40913   0.47389   0.08375   0.19219   0.36142   0.09887   0.07326   0.09776   0.42159   3.27676   0.28719  
 57  0.0000   4806.968750  x:  0.11312   0.11293   0.03436   0.22288   0.02323   0.02515   0.03676   0.04735   0.00000   0.00329   0.00329   0.01320   0.08015   0.04663   0.04403   0.01315   0.00640   0.02682   0.02642   0.00695   0.40913   0.47389   0.08375   0.19219   0.36142   0.09887   0.07326   0.09776   0.42159   3.27675   0.28719  
 58  0.0000   4806.968750  x:  0.11312   0.11293   0.03436   0.22288   0.02323   0.02515   0.03676   0.04735   0.00000   0.00329   0.00329   0.01320   0.08015   0.04663   0.04403   0.01315   0.00640   0.02682   0.02642   0.00695   0.40913   0.47389   0.08375   0.19219   0.36142   0.09887   0.07326   0.09776   0.42159   3.27674   0.28719  
 59  0.0000   4806.968750  x:  0.11312   0.11293   0.03436   0.22288   0.02323   0.02515   0.03676   0.04735   0.00000   0.00329   0.00329   0.01320   0.08015   0.04663   0.04403   0.01315   0.00640   0.02682   0.02642   0.00695   0.40913   0.47389   0.08375   0.19219   0.36142   0.09887   0.07326   0.09776   0.42159   3.27675   0.28719  
 60  0.0000   4806.968750  x:  0.11312   0.11293   0.03436   0.22288   0.02323   0.02515   0.03676   0.04735   0.00000   0.00329   0.00329   0.01320   0.08015   0.04663   0.04403   0.01315   0.00640   0.02682   0.02642   0.00695   0.40913   0.47389   0.08375   0.19219   0.36142   0.09887   0.07326   0.09776   0.42159   3.27675   0.28719  