Accipiter_gentilis Aquila_chrysaetos Gymnogyps_californianus Haliaeetus_albicilla Haliaeetus_leucocephalus Harpia_harpyja
0.00012198 8.7338e-05 0.00019435 0.01 0.01 0.00038066
0.00011921 8.6225e-05 0.00019042 0.01 0.01 0.0003773
0.00011652 8.5148e-05 0.00018674 0.01 0.01 0.00037396
0.00011379 8.4055e-05 0.00018294 0.01 0.01 0.00037061
0.00011102 8.2945e-05 0.00017903 0.01 0.01 0.00036724
0.00010821 8.1817e-05 0.00017499 0.01 0.01 0.00036386
0.00010548 8.0722e-05 0.00017119 0.01 0.01 0.0003605
0.00010282 7.9659e-05 0.0001676 0.01 0.01 0.00035716
0.00010012 7.8579e-05 0.0001639 0.01 0.01 0.00035381
9.7507e-05 7.7534e-05 0.00016043 0.01 0.01 0.00035048
9.4961e-05 7.652e-05 0.00015715 0.01 0.01 0.00034717
9.2375e-05 7.5489e-05 0.00015377 0.01 0.01 0.00034385
8.9861e-05 7.4488e-05 0.00015059 0.01 0.01 0.00034055
8.731e-05 7.3472e-05 0.00014731 0.01 0.01 0.00033724
8.4828e-05 7.2485e-05 0.00014422 0.01 0.01 0.00033395
8.2422e-05 7.1532e-05 0.00014132 0.01 0.01 0.00033068
8.0125e-05 7.0561e-05 0.0001382 0.01 0.01 0.00032739
7.7791e-05 6.9574e-05 0.00013497 0.01 0.01 0.00032409
7.5528e-05 6.862e-05 0.00013195 0.01 0.01 0.00032081
7.323e-05 6.765e-05 0.00012883 0.01 0.01 0.00031752
7.0897e-05 6.6664e-05 0.0001256 0.01 0.01 0.00031421
6.8528e-05 6.5661e-05 0.00012409 0.01 0.01 0.00031088
6.6222e-05 6.4688e-05 0.00012269 0.01 0.01 0.00030758
6.3976e-05 6.3742e-05 0.00012139 0.01 0.01 0.0003043
6.1698e-05 6.2782e-05 0.00012003 0.01 0.01 0.000301
5.9483e-05 6.1851e-05 0.00011877 0.01 0.01 0.00029772
5.7331e-05 6.0949e-05 0.00011762 0.01 0.01 0.00029447
5.5238e-05 6.0075e-05 0.00011656 0.01 0.01 0.00029124
5.3202e-05 5.9227e-05 0.00011559 0.01 0.01 0.00028804
5.1217e-05 5.8403e-05 0.0001147 0.01 0.01 0.00028485
4.9286e-05 5.7604e-05 0.00011389 0.01 0.01 0.00028169
4.7406e-05 5.683e-05 0.00011317 0.01 0.01 0.00027854
4.5572e-05 5.6077e-05 0.00011251 0.01 0.01 0.00027542
4.3787e-05 5.5347e-05 0.00011194 0.01 0.01 0.00027231
4.2044e-05 5.4637e-05 0.00011142 0.01 0.01 0.00026923
4.0344e-05 5.3948e-05 0.00011098 0.01 0.01 0.00026616
3.8619e-05 5.3247e-05 0.00011049 0.01 0.01 0.00026308
3.694e-05 5.2568e-05 0.00011008 0.01 0.01 0.00026002
3.5304e-05 5.191e-05 0.00010974 0.01 0.01 0.00025697
3.3645e-05 5.1241e-05 0.00010935 0.01 0.01 0.00025392
3.2029e-05 5.0593e-05 0.00010904 0.01 0.01 0.00025088
3.039e-05 4.9934e-05 0.00010869 0.01 0.01 0.00024784
2.8727e-05 4.9265e-05 0.0001083 0.01 0.01 0.00024477
2.7104e-05 4.8615e-05 0.00010797 0.01 0.01 0.00024173
2.5523e-05 4.7984e-05 0.00010771 0.01 0.01 0.00023871
2.3919e-05 4.7344e-05 0.00010742 0.01 0.01 0.00023567
2.2353e-05 4.6722e-05 0.00010718 0.01 0.01 0.00023265
2.0828e-05 4.6119e-05 0.00010702 0.01 0.01 0.00022965
1.9343e-05 4.5537e-05 0.00010692 0.01 0.01 0.00022667
1.7835e-05 4.4944e-05 0.00010679 0.01 0.01 0.00022368
1.6364e-05 4.4369e-05 0.00010672 0.01 0.01 0.0002207
1.4933e-05 4.3813e-05 0.00010672 0.01 0.01 0.00021775
1.3488e-05 4.3247e-05 0.00010668 0.01 0.01 0.00021478
1.2018e-05 4.2669e-05 0.0001066 0.01 0.01 0.00021179
1.0524e-05 4.2079e-05 0.00010647 0.01 0.01 0.00020879
9.067e-06 4.1508e-05 0.00010641 0.01 0.01 0.00020581
7.6453e-06 4.0955e-05 0.00010641 0.01 0.01 0.00020285
7.5902e-06 4.039e-05 0.00010637 0.01 0.01 0.00019987
7.5253e-06 3.9814e-05 0.00010629 0.01 0.01 0.00019688
7.4634e-06 3.9257e-05 0.00010627 0.01 0.01 0.0001939
7.4042e-06 3.8716e-05 0.00010632 0.01 0.01 0.00019094
7.3477e-06 3.8192e-05 0.00010643 0.01 0.01 0.00018801
7.2938e-06 3.7685e-05 0.00010661 0.01 0.01 0.00018509
7.2432e-06 3.7195e-05 0.00010527 0.01 0.01 0.00018219
7.1833e-06 3.6695e-05 0.00010387 0.01 0.01 0.00017927
7.114e-06 3.6186e-05 0.00010242 0.01 0.01 0.00017635
7.0471e-06 3.5692e-05 0.00010106 0.01 0.01 0.00017344
6.9822e-06 3.5213e-05 9.9794e-05 0.01 0.01 0.00017054
6.9083e-06 3.4725e-05 9.8478e-05 0.01 0.01 0.00016763
6.8371e-06 3.4252e-05 9.7255e-05 0.01 0.01 0.00016475
6.7569e-06 3.3772e-05 9.5987e-05 0.01 0.01 0.00016184
6.6786e-06 3.3305e-05 9.48e-05 0.01 0.01 0.00015896
6.5915e-06 3.2829e-05 9.357e-05 0.01 0.01 0.00015606
6.5061e-06 3.2367e-05 9.242e-05 0.01 0.01 0.00015318
6.4224e-06 3.1919e-05 9.1346e-05 0.01 0.01 0.00015031
6.3409e-06 3.1485e-05 9.0352e-05 0.01 0.01 0.00014746
6.2616e-06 3.1064e-05 8.9436e-05 0.01 0.01 0.00014462
6.1843e-06 3.0657e-05 8.8595e-05 0.01 0.01 0.00014181
6.109e-06 3.0263e-05 8.7826e-05 0.01 0.01 0.00013901
6.025e-06 2.9861e-05 8.7018e-05 0.01 0.01 0.00013619
5.9423e-06 2.9471e-05 8.6274e-05 0.01 0.01 0.00013339
5.8466e-06 2.9073e-05 8.5491e-05 0.01 0.01 0.00013058
5.7523e-06 2.8687e-05 8.4771e-05 0.01 0.01 0.00012778
5.6493e-06 2.8293e-05 8.4013e-05 0.01 0.01 0.00012497
5.5474e-06 2.791e-05 8.3317e-05 0.01 0.01 0.00012218
5.4472e-06 2.7539e-05 8.2686e-05 0.01 0.01 0.0001194
5.3485e-06 2.7179e-05 8.2118e-05 0.01 0.01 0.00011663
5.2513e-06 2.6831e-05 8.1611e-05 0.01 0.01 0.00011388
5.1548e-06 2.6493e-05 8.1159e-05 0.01 0.01 0.00011115
5.0499e-06 2.6149e-05 8.0673e-05 0.01 0.01 0.0001084
4.9457e-06 2.5813e-05 8.0241e-05 0.01 0.01 0.00010566
4.8421e-06 2.5488e-05 7.9861e-05 0.01 0.01 0.00010294
4.7303e-06 2.5156e-05 7.945e-05 0.01 0.01 0.00010021
4.6191e-06 2.4833e-05 7.909e-05 0.01 0.01 9.7485e-05
4.4998e-06 2.4504e-05 7.87e-05 0.01 0.01 9.4753e-05
4.3815e-06 2.4185e-05 7.8366e-05 0.01 0.01 9.2034e-05
4.255e-06 2.386e-05 7.8001e-05 0.01 0.01 8.9304e-05
4.1294e-06 2.3545e-05 7.769e-05 0.01 0.01 8.6588e-05
4.0048e-06 2.324e-05 7.7435e-05 0.01 0.01 8.3886e-05
3.8719e-06 2.2928e-05 7.7148e-05 0.01 0.01 8.1172e-05
3.7309e-06 2.2609e-05 7.6829e-05 0.01 0.01 7.8446e-05
3.5907e-06 2.2301e-05 7.6566e-05 0.01 0.01 7.5735e-05
3.4424e-06 2.1986e-05 7.6271e-05 0.01 0.01 7.3012e-05
3.2859e-06 2.1665e-05 7.5944e-05 0.01 0.01 7.0277e-05
3.121e-06 2.1337e-05 7.5583e-05 0.01 0.01 6.753e-05
2.9477e-06 2.0991e-05 7.5189e-05 0.01 0.01 6.7919e-05
2.7755e-06 2.0656e-05 7.4851e-05 0.01 0.01 6.8309e-05
2.5952e-06 2.0315e-05 7.4482e-05 0.01 0.01 6.8689e-05
2.4158e-06 1.9984e-05 7.4168e-05 0.01 0.01 6.907e-05
2.2366e-06 1.9661e-05 7.3905e-05 0.01 0.01 6.9451e-05
2.0581e-06 1.9348e-05 7.3695e-05 0.01 0.01 6.9833e-05
1.8715e-06 1.9029e-05 7.3455e-05 0.01 0.01 7.0205e-05
1.6855e-06 1.872e-05 7.3268e-05 0.01 0.01 7.0578e-05
1.4995e-06 1.8418e-05 7.313e-05 0.01 0.01 7.0952e-05
1.3137e-06 1.8126e-05 7.3045e-05 0.01 0.01 7.1325e-05
1.1282e-06 1.7843e-05 7.3012e-05 0.01 0.01 7.17e-05
9.3458e-07 1.7553e-05 7.2947e-05 0.01 0.01 7.2065e-05
1.0222e-06 1.7258e-05 7.2852e-05 0.01 0.01 7.2421e-05
1.1027e-06 1.6956e-05 7.2726e-05 0.01 0.01 7.2768e-05
1.176e-06 1.6648e-05 7.2568e-05 0.01 0.01 7.3106e-05
1.247e-06 1.6349e-05 7.2463e-05 0.01 0.01 7.3445e-05
1.3109e-06 1.6044e-05 7.2329e-05 0.01 0.01 7.3774e-05
1.3727e-06 1.5747e-05 7.2246e-05 0.01 0.01 7.4104e-05
1.4323e-06 1.5459e-05 7.2214e-05 0.01 0.01 7.4435e-05
1.4899e-06 1.5179e-05 7.2235e-05 0.01 0.01 7.4766e-05
1.5455e-06 1.4908e-05 7.2306e-05 0.01 0.01 7.5098e-05
1.5938e-06 1.463e-05 7.2347e-05 0.01 0.01 7.5421e-05
1.6397e-06 1.4359e-05 7.2434e-05 0.01 0.01 7.5744e-05
1.6837e-06 1.4096e-05 7.2573e-05 0.01 0.01 7.6067e-05
1.7204e-06 1.3828e-05 7.2681e-05 0.01 0.01 7.6381e-05
1.7498e-06 1.3553e-05 7.2758e-05 0.01 0.01 7.6687e-05
1.7773e-06 1.3286e-05 7.2887e-05 0.01 0.01 7.6992e-05
1.8028e-06 1.3027e-05 7.3068e-05 0.01 0.01 7.7299e-05
1.8211e-06 1.2762e-05 7.322e-05 0.01 0.01 7.7596e-05
1.8321e-06 1.2492e-05 7.3341e-05 0.01 0.01 7.7885e-05
1.8358e-06 1.2215e-05 7.3432e-05 0.01 0.01 7.8164e-05
1.8322e-06 1.1933e-05 7.3491e-05 0.01 0.01 7.8434e-05
1.8267e-06 1.1658e-05 7.3603e-05 0.01 0.01 7.8705e-05
1.8191e-06 1.1391e-05 7.3764e-05 0.01 0.01 7.8976e-05
1.8041e-06 1.1117e-05 7.3894e-05 0.01 0.01 7.9238e-05
1.7816e-06 1.0837e-05 7.399e-05 0.01 0.01 7.9491e-05
1.7571e-06 1.0565e-05 7.4136e-05 0.01 0.01 7.9743e-05
1.7251e-06 1.0286e-05 7.4249e-05 0.01 0.01 7.9987e-05
1.6856e-06 1.0001e-05 7.4328e-05 0.01 0.01 8.0221e-05
1.6442e-06 9.7231e-06 7.446e-05 0.01 0.01 8.0455e-05
1.6009e-06 9.4528e-06 7.4645e-05 0.01 0.01 8.0691e-05
1.5558e-06 9.1899e-06 7.4886e-05 0.01 0.01 8.0928e-05
1.5094e-06 8.935e-06 7.5189e-05 0.01 0.01 8.1167e-05
1.4551e-06 8.6734e-06 7.5453e-05 0.01 0.01 8.1395e-05
1.3927e-06 8.4044e-06 7.5674e-05 0.01 0.01 8.1613e-05
1.3289e-06 8.1433e-06 7.4733e-05 0.01 0.01 8.1833e-05
1.2568e-06 7.8746e-06 7.3737e-05 0.01 0.01 8.2041e-05
1.1837e-06 7.6148e-06 7.2829e-05 0.01 0.01 8.2253e-05
1.1095e-06 7.3635e-06 6.994e-05 0.01 0.01 8.2467e-05
1.0273e-06 7.105e-06 6.6954e-05 0.01 0.01 8.2671e-05
9.4383e-07 6.855e-06 6.4159e-05 0.01 0.01 8.2877e-05
1.1123e-06 6.5975e-06 6.1261e-05 0.01 0.01 8.3072e-05
1.2818e-06 6.3481e-06 5.8547e-05 0.01 0.01 8.327e-05
1.4524e-06 6.1066e-06 5.6005e-05 0.01 0.01 8.347e-05
1.6244e-06 5.8726e-06 5.3623e-05 0.01 0.01 8.3674e-05
1.7874e-06 5.632e-06 5.1161e-05 0.01 0.01 8.3867e-05
1.9517e-06 5.3986e-06 4.8852e-05 0.01 0.01 8.4062e-05
2.1068e-06 5.1584e-06 4.6461e-05 0.01 0.01 8.4246e-05
2.2628e-06 4.9246e-06 4.4206e-05 0.01 0.01 8.4433e-05
2.4203e-06 4.6976e-06 4.2091e-05 0.01 0.01 8.4622e-05
2.5791e-06 4.4764e-06 4.0096e-05 0.01 0.01 8.4813e-05
2.7284e-06 4.2487e-06 3.8028e-05 0.01 0.01 8.4993e-05
2.8795e-06 4.0275e-06 3.6089e-05 0.01 0.01 8.5175e-05
3.0321e-06 3.8117e-06 3.426e-05 0.01 0.01 8.536e-05
3.1754e-06 3.5899e-06 3.2366e-05 0.01 0.01 8.5534e-05
3.309e-06 3.3617e-06 3.1442e-05 0.01 0.01 8.5697e-05
3.4447e-06 3.1396e-06 3.0583e-05 0.01 0.01 8.5862e-05
3.5827e-06 2.9235e-06 2.9786e-05 0.01 0.01 8.6031e-05
3.7229e-06 2.7131e-06 2.9047e-05 0.01 0.01 8.6202e-05
3.8536e-06 2.4966e-06 2.8268e-05 0.01 0.01 8.6362e-05
3.9866e-06 2.2856e-06 2.7547e-05 0.01 0.01 8.6525e-05
4.1215e-06 2.0793e-06 2.6874e-05 0.01 0.01 8.669e-05
4.2591e-06 1.878e-06 2.6252e-05 0.01 0.01 8.6857e-05
4.387e-06 1.6712e-06 2.5595e-05 0.01 0.01 8.7014e-05
4.5171e-06 1.4687e-06 2.4984e-05 0.01 0.01 8.7173e-05
4.6376e-06 1.2607e-06 2.4339e-05 0.01 0.01 8.7321e-05
4.7602e-06 1.057e-06 2.3738e-05 0.01 0.01 8.7471e-05
4.8852e-06 8.5734e-07 2.318e-05 0.01 0.01 8.7623e-05
5.0127e-06 6.6169e-07 2.2664e-05 0.01 0.01 8.7778e-05
5.1301e-06 4.6041e-07 2.2113e-05 0.01 0.01 8.7921e-05
5.2374e-06 4.5198e-07 2.1994e-05 0.01 0.01 8.805e-05
5.3349e-06 4.4035e-07 2.1847e-05 0.01 0.01 8.8168e-05
5.4347e-06 4.2777e-07 2.173e-05 0.01 0.01 8.8288e-05
5.5369e-06 4.142e-07 2.1641e-05 0.01 0.01 8.841e-05
5.6295e-06 3.9748e-07 2.1526e-05 0.01 0.01 8.8521e-05
5.7243e-06 3.7975e-07 2.1438e-05 0.01 0.01 8.8634e-05
5.8221e-06 3.6109e-07 2.1381e-05 0.01 0.01 8.875e-05
5.9104e-06 3.3933e-07 2.1299e-05 0.01 0.01 8.8855e-05
5.9891e-06 3.1443e-07 2.119e-05 0.01 0.01 8.895e-05
6.0705e-06 2.8858e-07 2.111e-05 0.01 0.01 8.9047e-05
6.1426e-06 3.5891e-07 2.1006e-05 0.01 0.01 8.9132e-05
6.2167e-06 4.2911e-07 2.0928e-05 0.01 0.01 8.9219e-05
6.2815e-06 4.9583e-07 2.0825e-05 0.01 0.01 8.9295e-05
6.348e-06 5.6237e-07 2.0746e-05 0.01 0.01 8.9373e-05
6.4056e-06 6.2556e-07 2.0644e-05 0.01 0.01 8.9441e-05
6.4648e-06 6.8853e-07 2.0566e-05 0.01 0.01 8.951e-05
6.5263e-06 7.515e-07 2.0514e-05 0.01 0.01 8.958e-05
6.5892e-06 8.1431e-07 2.0484e-05 0.01 0.01 8.9652e-05
6.6544e-06 8.7718e-07 2.0478e-05 0.01 0.01 8.9724e-05
6.7211e-06 9.3994e-07 2.0494e-05 0.01 0.01 8.9798e-05
6.7899e-06 1.0028e-06 2.0535e-05 0.01 0.01 8.9872e-05
6.8609e-06 1.0658e-06 2.06e-05 0.01 0.01 8.9948e-05
6.934e-06 1.129e-06 2.0689e-05 0.01 0.01 9.0025e-05
7.0093e-06 1.1925e-06 2.0802e-05 0.01 0.01 9.0103e-05
7.0868e-06 1.2561e-06 2.094e-05 0.01 0.01 9.0182e-05
7.1558e-06 1.3165e-06 2.1058e-05 0.01 0.01 9.0252e-05
7.2161e-06 1.3735e-06 2.1154e-05 0.01 0.01 9.0313e-05
7.2786e-06 1.4307e-06 2.1275e-05 0.01 0.01 9.0375e-05
7.3327e-06 1.4846e-06 2.1376e-05 0.01 0.01 9.0428e-05
7.3882e-06 1.5385e-06 2.1499e-05 0.01 0.01 9.0481e-05
7.4452e-06 1.5926e-06 2.1644e-05 0.01 0.01 9.0535e-05
7.4936e-06 1.6432e-06 2.1768e-05 0.01 0.01 9.0579e-05
7.5442e-06 1.6941e-06 2.1916e-05 0.01 0.01 9.0624e-05
7.5969e-06 1.7454e-06 2.209e-05 0.01 0.01 9.0671e-05
7.6413e-06 1.7934e-06 2.2244e-05 0.01 0.01 9.0708e-05
7.6772e-06 1.838e-06 2.2377e-05 0.01 0.01 9.0736e-05
7.7044e-06 1.8792e-06 2.249e-05 0.01 0.01 9.0756e-05
7.7356e-06 1.9208e-06 2.2627e-05 0.01 0.01 9.0776e-05
7.7683e-06 1.9626e-06 2.2788e-05 0.01 0.01 9.0796e-05
7.8032e-06 2.0047e-06 2.2975e-05 0.01 0.01 9.0818e-05
7.8395e-06 2.0469e-06 2.3185e-05 0.01 0.01 9.084e-05
7.8676e-06 2.0859e-06 2.3374e-05 0.01 0.01 9.0852e-05
7.8872e-06 2.1215e-06 2.3543e-05 0.01 0.01 9.0856e-05
7.9088e-06 2.1574e-06 2.3738e-05 0.01 0.01 9.0861e-05
7.9222e-06 2.1901e-06 2.3912e-05 0.01 0.01 9.0857e-05
7.937e-06 2.2229e-06 2.411e-05 0.01 0.01 9.0853e-05
7.9434e-06 2.2524e-06 2.4287e-05 0.01 0.01 9.084e-05
7.9518e-06 2.2822e-06 2.4491e-05 0.01 0.01 9.0827e-05
7.952e-06 2.3088e-06 2.4674e-05 0.01 0.01 9.0806e-05
7.944e-06 2.3321e-06 2.4838e-05 0.01 0.01 9.0777e-05
7.9279e-06 2.3521e-06 2.4982e-05 0.01 0.01 9.0738e-05
7.9137e-06 2.3725e-06 2.5152e-05 0.01 0.01 9.0701e-05
7.8911e-06 2.3896e-06 2.5301e-05 0.01 0.01 9.0654e-05
7.8705e-06 2.407e-06 2.5477e-05 0.01 0.01 9.0608e-05
7.8519e-06 2.4248e-06 2.5679e-05 0.01 0.01 9.0563e-05
7.8249e-06 2.4393e-06 2.5861e-05 0.01 0.01 9.0509e-05
7.7896e-06 2.4504e-06 2.6022e-05 0.01 0.01 9.0446e-05
7.7562e-06 2.4619e-06 2.6209e-05 0.01 0.01 9.0383e-05
7.7248e-06 2.4739e-06 2.6425e-05 0.01 0.01 9.0321e-05
7.6953e-06 2.4862e-06 2.6669e-05 0.01 0.01 9.026e-05
7.6576e-06 2.4952e-06 2.6892e-05 0.01 0.01 9.0191e-05
7.6117e-06 2.501e-06 2.7094e-05 0.01 0.01 9.0112e-05
7.5671e-06 2.5069e-06 2.7322e-05 0.01 0.01 9.0034e-05
7.5141e-06 2.5095e-06 2.7528e-05 0.01 0.01 8.9946e-05
7.4626e-06 2.5065e-06 2.7772e-05 0.01 0.01 8.9827e-05
7.4028e-06 2.5002e-06 2.7994e-05 0.01 0.01 8.9698e-05
7.3448e-06 2.4943e-06 2.8245e-05 0.01 0.01 8.957e-05
7.2787e-06 2.4851e-06 2.8476e-05 0.01 0.01 8.9433e-05
7.2043e-06 2.4726e-06 2.8684e-05 0.01 0.01 8.9288e-05
7.1215e-06 2.4568e-06 2.8871e-05 0.01 0.01 8.9134e-05
7.04e-06 2.4411e-06 2.9084e-05 0.01 0.01 8.8979e-05
6.9602e-06 2.4257e-06 2.9327e-05 0.01 0.01 8.8825e-05
6.8822e-06 2.4108e-06 2.96e-05 0.01 0.01 8.8672e-05
6.7959e-06 2.3925e-06 2.9851e-05 0.01 0.01 8.851e-05
6.7112e-06 2.3746e-06 3.0132e-05 0.01 0.01 8.8349e-05
6.6185e-06 2.3535e-06 3.0393e-05 0.01 0.01 8.8179e-05
6.5177e-06 2.329e-06 3.0632e-05 0.01 0.01 8.8e-05
6.4089e-06 2.3014e-06 3.085e-05 0.01 0.01 8.7813e-05
6.2919e-06 2.2704e-06 3.1047e-05 0.01 0.01 8.7617e-05
6.1759e-06 2.2396e-06 3.1271e-05 0.01 0.01 8.7421e-05
6.0615e-06 2.2091e-06 3.1525e-05 0.01 0.01 8.7225e-05
5.948e-06 2.1787e-06 3.1808e-05 0.01 0.01 8.703e-05
5.836e-06 2.1485e-06 3.2123e-05 0.01 0.01 8.6835e-05
5.7253e-06 2.1187e-06 3.2471e-05 0.01 0.01 8.664e-05
5.6064e-06 2.0855e-06 3.2796e-05 0.01 0.01 8.6437e-05
5.4889e-06 2.0527e-06 3.3155e-05 0.01 0.01 8.6234e-05
5.3634e-06 2.0166e-06 3.3491e-05 0.01 0.01 8.6023e-05
5.2298e-06 1.9772e-06 3.3805e-05 0.01 0.01 8.5802e-05
5.0975e-06 1.938e-06 3.4152e-05 0.01 0.01 8.5583e-05
4.9572e-06 1.8957e-06 3.4478e-05 0.01 0.01 8.5354e-05
4.8088e-06 1.85e-06 3.4779e-05 0.01 0.01 8.5117e-05
4.6616e-06 1.8046e-06 3.5116e-05 0.01 0.01 8.4881e-05
4.5063e-06 1.7559e-06 3.5428e-05 0.01 0.01 8.4635e-05
4.3517e-06 1.7073e-06 3.5773e-05 0.01 0.01 8.439e-05
4.1891e-06 1.6553e-06 3.6094e-05 0.01 0.01 8.4135e-05
4.0184e-06 1.6001e-06 3.6392e-05 0.01 0.01 8.3872e-05
3.8484e-06 1.545e-06 3.6722e-05 0.01 0.01 8.3609e-05
3.6703e-06 1.4866e-06 3.7028e-05 0.01 0.01 8.3337e-05
3.4936e-06 1.4285e-06 3.7372e-05 0.01 0.01 8.3066e-05
3.3086e-06 1.367e-06 3.7691e-05 0.01 0.01 8.2786e-05
3.1155e-06 1.3023e-06 3.7986e-05 0.01 0.01 8.2497e-05
2.9232e-06 1.2376e-06 3.8315e-05 0.01 0.01 8.2209e-05
2.7224e-06 1.1695e-06 3.8617e-05 0.01 0.01 8.1911e-05
2.5231e-06 1.1018e-06 3.8959e-05 0.01 0.01 8.1614e-05
2.3252e-06 1.0344e-06 3.9343e-05 0.01 0.01 8.1318e-05
2.1287e-06 9.6728e-07 3.977e-05 0.01 0.01 8.1024e-05
1.9335e-06 9.0048e-07 4.0243e-05 0.01 0.01 8.073e-05
1.7298e-06 8.3023e-07 4.0685e-05 0.01 0.01 8.0428e-05
1.5174e-06 7.5649e-07 4.1097e-05 0.01 0.01 8.0115e-05
1.296e-06 6.7913e-07 4.1476e-05 0.01 0.01 7.9793e-05
1.0759e-06 6.0202e-07 4.1899e-05 0.01 0.01 7.9472e-05
8.4648e-07 5.2119e-07 4.2286e-05 0.01 0.01 7.914e-05
6.0762e-07 4.3655e-07 4.2637e-05 0.01 0.01 7.8798e-05
6.2444e-07 4.6726e-07 4.2949e-05 0.01 0.01 7.8436e-05
6.3826e-07 4.9738e-07 4.3313e-05 0.01 0.01 7.8076e-05
6.4485e-07 5.2425e-07 4.3642e-05 0.01 0.01 7.7706e-05
9.8431e-07 5.4787e-07 4.3935e-05 0.01 0.01 7.7326e-05
1.313e-06 5.6822e-07 4.4192e-05 0.01 0.01 7.6935e-05
1.6461e-06 5.8777e-07 4.4494e-05 0.01 0.01 7.6545e-05
1.9847e-06 6.067e-07 4.4846e-05 0.01 0.01 7.6158e-05
2.3129e-06 6.2243e-07 4.5165e-05 0.01 0.01 7.576e-05
2.6466e-06 6.375e-07 4.5533e-05 0.01 0.01 7.5365e-05
2.9697e-06 6.4935e-07 4.5867e-05 0.01 0.01 7.4959e-05
3.2825e-06 6.5803e-07 4.6169e-05 0.01 0.01 7.4543e-05
3.6008e-06 6.6604e-07 4.652e-05 0.01 0.01 7.4129e-05
3.9238e-06 6.7323e-07 4.6916e-05 0.01 0.01 7.3716e-05
4.2529e-06 6.7975e-07 4.7363e-05 0.01 0.01 7.3306e-05
4.5882e-06 6.856e-07 4.7863e-05 0.01 0.01 7.2896e-05
4.9292e-06 6.9065e-07 4.8411e-05 0.01 0.01 7.2488e-05
5.2772e-06 6.9504e-07 4.9014e-05 0.01 0.01 7.2082e-05
5.6313e-06 6.9863e-07 4.967e-05 0.01 0.01 7.1676e-05
5.9741e-06 6.9901e-07 5.0289e-05 0.01 0.01 7.1261e-05
6.306e-06 6.9621e-07 5.0872e-05 0.01 0.01 7.0835e-05
6.6441e-06 6.9262e-07 5.0476e-05 0.01 0.01 7.0411e-05
6.9713e-06 6.8587e-07 5.0046e-05 0.01 0.01 6.9977e-05
7.2876e-06 6.7595e-07 4.9583e-05 0.01 0.01 6.9533e-05
7.5928e-06 6.6282e-07 4.9085e-05 0.01 0.01 6.9078e-05
7.905e-06 6.4903e-07 4.8639e-05 0.01 0.01 6.8626e-05
8.2246e-06 6.3456e-07 4.8245e-05 0.01 0.01 6.8175e-05
8.5333e-06 6.1694e-07 4.7818e-05 0.01 0.01 6.7714e-05
8.8495e-06 5.9863e-07 4.7441e-05 0.01 0.01 6.7254e-05
9.1723e-06 5.7946e-07 4.7108e-05 0.01 0.01 6.6796e-05
9.5033e-06 5.5956e-07 4.6823e-05 0.01 0.01 6.6339e-05
9.8415e-06 5.3877e-07 4.6579e-05 0.01 0.01 6.5882e-05
1.0168e-05 5.1482e-07 4.6304e-05 0.01 0.01 6.5416e-05
1.0503e-05 4.9012e-07 4.6075e-05 0.01 0.01 6.4951e-05
1.0827e-05 4.6225e-07 4.5813e-05 0.01 0.01 6.4476e-05
1.1159e-05 4.3363e-07 4.5598e-05 0.01 0.01 6.4003e-05
1.1479e-05 4.0187e-07 4.5352e-05 0.01 0.01 6.3519e-05
1.1808e-05 3.6923e-07 4.5148e-05 0.01 0.01 6.3037e-05
1.2145e-05 3.357e-07 4.4986e-05 0.01 0.01 6.2556e-05
1.247e-05 2.9896e-07 4.479e-05 0.01 0.01 6.2064e-05
1.2804e-05 2.6147e-07 4.4642e-05 0.01 0.01 6.1574e-05
1.315e-05 2.2322e-07 4.4541e-05 0.01 0.01 6.1086e-05
1.3483e-05 2.6275e-07 4.4406e-05 0.01 0.01 6.0587e-05
1.3826e-05 3.0157e-07 4.432e-05 0.01 0.01 6.009e-05
1.418e-05 3.3959e-07 4.4276e-05 0.01 0.01 5.9594e-05
1.4521e-05 3.7431e-07 4.4197e-05 0.01 0.01 5.9088e-05
1.4871e-05 4.0827e-07 4.4161e-05 0.01 0.01 5.8583e-05
1.5208e-05 4.3891e-07 4.409e-05 0.01 0.01 5.8068e-05
1.5557e-05 4.6896e-07 4.4067e-05 0.01 0.01 5.7554e-05
1.5919e-05 4.9846e-07 4.4092e-05 0.01 0.01 5.7042e-05
1.6266e-05 5.2459e-07 4.4081e-05 0.01 0.01 5.652e-05
1.6625e-05 5.5007e-07 4.4114e-05 0.01 0.01 5.5999e-05
1.6996e-05 5.7494e-07 4.4193e-05 0.01 0.01 5.5479e-05
1.7382e-05 5.9941e-07 4.4323e-05 0.01 0.01 5.4962e-05
1.7752e-05 6.2046e-07 4.4416e-05 0.01 0.01 5.4434e-05
1.8107e-05 6.3801e-07 4.5101e-05 0.01 0.01 5.3894e-05
1.8477e-05 6.5522e-07 4.5856e-05 0.01 0.01 5.3358e-05
1.886e-05 6.7195e-07 4.6678e-05 0.01 0.01 5.2822e-05
1.9259e-05 6.8824e-07 4.7573e-05 0.01 0.01 5.2289e-05
1.964e-05 7.0096e-07 4.8413e-05 0.01 0.01 5.1744e-05
2.0038e-05 7.1344e-07 4.9334e-05 0.01 0.01 5.1202e-05
2.0418e-05 7.2232e-07 5.0199e-05 0.01 0.01 5.0648e-05
2.0817e-05 7.3101e-07 5.1149e-05 0.01 0.01 5.0097e-05
2.1231e-05 7.3936e-07 5.1182e-05 0.01 0.01 4.9547e-05
2.1662e-05 7.4738e-07 5.1271e-05 0.01 0.01 4.9e-05
2.2075e-05 7.5174e-07 5.1313e-05 0.01 0.01 4.8441e-05
2.247e-05 9.6797e-07 5.1312e-05 0.01 0.01 4.7869e-05
2.2883e-05 1.1904e-06 5.1371e-05 0.01 0.01 4.73e-05
2.3279e-05 1.406e-06 5.1384e-05 0.01 0.01 4.6719e-05
2.3693e-05 1.6278e-06 5.1458e-05 0.01 0.01 4.6141e-05
2.4125e-05 1.8556e-06 5.1588e-05 0.01 0.01 4.5564e-05
2.4576e-05 2.0902e-06 5.178e-05 0.01 0.01 4.499e-05
2.5009e-05 2.3177e-06 5.1925e-05 0.01 0.01 4.4404e-05
2.546e-05 2.5514e-06 5.2126e-05 0.01 0.01 4.382e-05
2.5892e-05 2.7779e-06 5.228e-05 0.01 0.01 4.3225e-05
2.6304e-05 2.9971e-06 5.2387e-05 0.01 0.01 4.2618e-05
2.6737e-05 3.2234e-06 5.2557e-05 0.01 0.01 4.2014e-05
2.7192e-05 3.4572e-06 5.2792e-05 0.01 0.01 4.1412e-05
2.7668e-05 3.6989e-06 5.3093e-05 0.01 0.01 4.0813e-05
2.8125e-05 3.9331e-06 5.3346e-05 0.01 0.01 4.0202e-05
2.8602e-05 4.1746e-06 5.3661e-05 0.01 0.01 3.9593e-05
2.9058e-05 4.4081e-06 5.3924e-05 0.01 0.01 3.8972e-05
2.9494e-05 4.6335e-06 5.487e-05 0.01 0.01 3.834e-05
2.9909e-05 4.8513e-06 5.5753e-05 0.01 0.01 3.7696e-05
3.0304e-05 5.0615e-06 5.6573e-05 0.01 0.01 3.704e-05
3.0679e-05 5.2555e-06 5.7328e-05 0.01 0.01 3.7928e-05
3.1076e-05 5.4571e-06 5.8174e-05 0.01 0.01 3.8819e-05
3.1496e-05 5.6666e-06 5.8137e-05 0.01 0.01 3.9716e-05
3.1937e-05 5.8833e-06 5.8162e-05 0.01 0.01 4.0616e-05
3.2401e-05 6.1083e-06 5.8257e-05 0.01 0.01 4.1522e-05
3.289e-05 6.342e-06 5.8421e-05 0.01 0.01 4.2431e-05
3.3358e-05 6.5678e-06 5.8536e-05 0.01 0.01 4.3329e-05
3.3805e-05 6.7857e-06 5.8599e-05 0.01 0.01 4.4214e-05
3.4276e-05 7.012e-06 5.8731e-05 0.01 0.01 4.5104e-05
3.4769e-05 7.2461e-06 5.8926e-05 0.01 0.01 4.5998e-05
3.5288e-05 7.4894e-06 5.9191e-05 0.01 0.01 4.6897e-05
3.5831e-05 7.742e-06 5.9527e-05 0.01 0.01 4.78e-05
3.6399e-05 8.0034e-06 5.993e-05 0.01 0.01 4.8708e-05
3.6944e-05 8.2562e-06 6.0279e-05 0.01 0.01 4.9603e-05
3.7517e-05 8.5188e-06 6.0702e-05 0.01 0.01 5.0503e-05
3.8117e-05 8.7918e-06 6.1203e-05 0.01 0.01 5.1408e-05
3.8745e-05 9.0756e-06 6.1785e-05 0.01 0.01 5.2319e-05
3.9404e-05 9.3706e-06 6.2452e-05 0.01 0.01 5.3235e-05
4.0039e-05 9.6565e-06 6.3061e-05 0.01 0.01 5.4139e-05
4.065e-05 9.9329e-06 6.3609e-05 0.01 0.01 5.503e-05
4.0416e-05 9.9152e-06 6.3354e-05 0.01 0.01 5.6089e-05
4.0201e-05 9.9029e-06 6.3165e-05 0.01 0.01 5.7154e-05
3.9967e-05 9.8839e-06 6.2925e-05 0.01 0.01 5.8206e-05
3.9713e-05 9.8584e-06 6.2632e-05 0.01 0.01 5.9246e-05
3.9478e-05 9.8378e-06 6.2403e-05 0.01 0.01 6.029e-05
3.926e-05 9.822e-06 6.2235e-05 0.01 0.01 6.1339e-05
3.906e-05 9.811e-06 6.2127e-05 0.01 0.01 6.2393e-05
3.8843e-05 9.794e-06 6.1975e-05 0.01 0.01 6.3435e-05
3.8609e-05 9.7711e-06 6.1777e-05 0.01 0.01 6.4465e-05
3.8391e-05 9.7527e-06 6.1636e-05 0.01 0.01 6.55e-05
3.8156e-05 9.7283e-06 6.1452e-05 0.01 0.01 6.6523e-05
3.7904e-05 9.6983e-06 6.1914e-05 0.01 0.01 6.7534e-05
3.7671e-05 9.6732e-06 6.2445e-05 0.01 0.01 6.855e-05
3.7452e-05 9.6521e-06 6.3036e-05 0.01 0.01 6.957e-05
3.725e-05 9.6355e-06 6.3697e-05 0.01 0.01 7.0595e-05
3.7033e-05 9.6137e-06 6.4316e-05 0.01 0.01 7.1609e-05
3.6832e-05 9.5963e-06 6.5003e-05 0.01 0.01 7.2628e-05
3.6617e-05 9.5739e-06 6.565e-05 0.01 0.01 7.3636e-05
3.6417e-05 9.5555e-06 6.6364e-05 0.01 0.01 7.4648e-05
3.6203e-05 9.5323e-06 6.7037e-05 0.01 0.01 7.565e-05
3.6001e-05 9.5124e-06 6.7771e-05 0.01 0.01 7.6655e-05
3.5812e-05 9.4958e-06 6.8565e-05 0.01 0.01 7.7663e-05
3.5634e-05 9.4825e-06 6.9422e-05 0.01 0.01 7.8675e-05
3.5444e-05 9.4644e-06 7.024e-05 0.01 0.01 7.9676e-05
3.5241e-05 9.4418e-06 7.1019e-05 0.01 0.01 8.0667e-05
3.5049e-05 9.4222e-06 7.1859e-05 0.01 0.01 8.1661e-05
3.4869e-05 9.4058e-06 7.2762e-05 0.01 0.01 8.2658e-05
3.47e-05 9.3924e-06 7.373e-05 0.01 0.01 8.3657e-05
3.4518e-05 9.3744e-06 7.4659e-05 0.01 0.01 8.4647e-05
3.4325e-05 9.3521e-06 7.5552e-05 0.01 0.01 8.5627e-05
3.4143e-05 9.3328e-06 7.6509e-05 0.01 0.01 8.661e-05
3.3971e-05 9.3165e-06 7.7533e-05 0.01 0.01 8.7596e-05
3.3811e-05 9.3035e-06 7.8632e-05 0.01 0.01 8.8586e-05
3.364e-05 9.2863e-06 7.9693e-05 0.01 0.01 8.9566e-05
3.3479e-05 9.272e-06 8.0825e-05 0.01 0.01 9.0549e-05
3.3306e-05 9.2532e-06 8.1917e-05 0.01 0.01 9.1522e-05
3.3144e-05 9.2373e-06 8.308e-05 0.01 0.01 9.2498e-05
3.2993e-05 9.2249e-06 8.2833e-05 0.01 0.01 9.3478e-05
3.2831e-05 9.2081e-06 8.2555e-05 0.01 0.01 9.4448e-05
3.2658e-05 9.1871e-06 8.2247e-05 0.01 0.01 9.5409e-05
3.2474e-05 9.1619e-06 8.1908e-05 0.01 0.01 9.636e-05
3.2278e-05 9.1325e-06 8.1538e-05 0.01 0.01 9.7302e-05
3.2071e-05 9.0989e-06 8.1136e-05 0.01 0.01 9.8234e-05
3.1873e-05 9.0679e-06 8.0786e-05 0.01 0.01 9.9169e-05
3.1686e-05 9.0397e-06 8.0486e-05 0.01 0.01 0.00010011
3.1508e-05 9.0142e-06 8.0234e-05 0.01 0.01 0.00010105
3.134e-05 8.9917e-06 8.0037e-05 0.01 0.01 0.00010199
3.1183e-05 8.9724e-06 7.9892e-05 0.01 0.01 0.00010294
3.1036e-05 8.9556e-06 7.9795e-05 0.01 0.01 0.00010389
3.0897e-05 8.9414e-06 7.9746e-05 0.01 0.01 0.00010484
3.0769e-05 8.9302e-06 7.9748e-05 0.01 0.01 0.0001058
3.0629e-05 8.9149e-06 7.9721e-05 0.01 0.01 0.00010675
3.05e-05 8.9026e-06 7.9745e-05 0.01 0.01 0.0001077
3.036e-05 8.8862e-06 7.9742e-05 0.01 0.01 0.00010864
3.023e-05 8.8728e-06 7.9791e-05 0.01 0.01 0.00010959
3.009e-05 8.8554e-06 7.9811e-05 0.01 0.01 0.00011052
2.996e-05 8.841e-06 7.9884e-05 0.01 0.01 0.00011146
2.9819e-05 8.8224e-06 7.9927e-05 0.01 0.01 0.00011239
2.9687e-05 8.8068e-06 8.0022e-05 0.01 0.01 0.00011333
2.9566e-05 8.7942e-06 8.017e-05 0.01 0.01 0.00011427
2.9434e-05 8.7775e-06 8.0289e-05 0.01 0.01 0.00011519
2.9311e-05 8.7634e-06 8.0456e-05 0.01 0.01 0.00011613
2.9197e-05 8.7522e-06 8.0677e-05 0.01 0.01 0.00011706
2.9073e-05 8.7369e-06 8.0867e-05 0.01 0.01 0.00011799
2.8958e-05 8.7245e-06 8.1111e-05 0.01 0.01 0.00011892
2.8833e-05 8.7081e-06 8.1326e-05 0.01 0.01 0.00011984
2.8697e-05 8.6876e-06 8.1511e-05 0.01 0.01 0.00012075
2.8551e-05 8.663e-06 8.1667e-05 0.01 0.01 0.00012165
2.8414e-05 8.6415e-06 8.1878e-05 0.01 0.01 0.00012256
2.8267e-05 8.6158e-06 8.2058e-05 0.01 0.01 0.00012346
2.8129e-05 8.5928e-06 8.229e-05 0.01 0.01 0.00012436
2.8e-05 8.5729e-06 8.2577e-05 0.01 0.01 0.00012526
2.7861e-05 8.5487e-06 8.2832e-05 0.01 0.01 0.00012616
2.7731e-05 8.5276e-06 8.3145e-05 0.01 0.01 0.00012706
2.759e-05 8.5022e-06 8.3424e-05 0.01 0.01 0.00012795
2.7458e-05 8.4795e-06 8.3756e-05 0.01 0.01 0.00012884
2.7315e-05 8.4523e-06 8.4054e-05 0.01 0.01 0.00012972
2.7182e-05 8.4285e-06 8.4412e-05 0.01 0.01 0.00013061
2.7058e-05 8.4077e-06 8.4829e-05 0.01 0.01 0.00013151
2.6923e-05 8.3823e-06 8.5208e-05 0.01 0.01 0.00013239
2.6775e-05 8.3521e-06 8.5548e-05 0.01 0.01 0.00013326
2.6637e-05 8.3251e-06 8.5949e-05 0.01 0.01 0.00013414
2.6511e-05 8.3019e-06 8.6419e-05 0.01 0.01 0.00013502
2.6397e-05 8.2826e-06 8.6962e-05 0.01 0.01 0.00013591
2.6296e-05 8.2674e-06 8.758e-05 0.01 0.01 0.0001368
2.6181e-05 8.247e-06 8.8152e-05 0.01 0.01 0.00013769
2.6051e-05 8.221e-06 8.8673e-05 0.01 0.01 0.00013856
2.5935e-05 8.1996e-06 8.8017e-05 0.01 0.01 0.00013944
2.5804e-05 8.1725e-06 8.8143e-05 0.01 0.01 0.00014031
2.5658e-05 8.1397e-06 8.9108e-05 0.01 0.01 0.00014116
2.5524e-05 8.1109e-06 9.0164e-05 0.01 0.01 0.00014202
2.5375e-05 8.0764e-06 9.1158e-05 0.01 0.01 0.00014287
2.5211e-05 8.0362e-06 9.2091e-05 0.01 0.01 0.0001437
2.506e-05 7.9999e-06 9.3155e-05 0.01 0.01 0.00014455
2.4893e-05 7.9581e-06 9.4159e-05 0.01 0.01 0.00014538
2.4738e-05 7.9199e-06 9.5252e-05 0.01 0.01 0.00014621
2.457e-05 7.8767e-06 9.6291e-05 0.01 0.01 0.00014703
2.4413e-05 7.8374e-06 9.7425e-05 0.01 0.01 0.00014787
2.4268e-05 7.8018e-06 9.8656e-05 0.01 0.01 0.0001487
2.4134e-05 7.7698e-06 9.9986e-05 0.01 0.01 0.00014955
2.4009e-05 7.7408e-06 0.00010141 0.01 0.01 0.0001504
2.3895e-05 7.7153e-06 0.00010294 0.01 0.01 0.00015125
2.379e-05 7.6931e-06 0.00010458 0.01 0.01 0.00015211
2.3696e-05 7.6741e-06 0.00010633 0.01 0.01 0.00015298
2.3611e-05 7.6583e-06 0.00010821 0.01 0.01 0.00015386
2.3536e-05 7.6456e-06 0.00011021 0.01 0.01 0.00015474
2.3468e-05 7.6356e-06 0.00011232 0.01 0.01 0.00015562
2.339e-05 7.6213e-06 0.00011438 0.01 0.01 0.0001565
2.332e-05 7.61e-06 0.00011657 0.01 0.01 0.00015738
2.324e-05 7.5944e-06 0.0001187 0.01 0.01 0.00015825
2.3168e-05 7.5813e-06 0.00012095 0.01 0.01 0.00015913
2.3084e-05 7.564e-06 0.00012314 0.01 0.01 0.00015999
2.299e-05 7.5424e-06 0.00012528 0.01 0.01 0.00016085
2.2905e-05 7.5238e-06 0.00012755 0.01 0.01 0.00016171
2.2809e-05 7.501e-06 0.00012976 0.01 0.01 0.00016256
2.2722e-05 7.481e-06 0.00013211 0.01 0.01 0.00016342
2.2643e-05 7.464e-06 0.0001346 0.01 0.01 0.00016428
2.2573e-05 7.4498e-06 0.00013724 0.01 0.01 0.00016515
2.251e-05 7.438e-06 0.00014003 0.01 0.01 0.00016602
2.2437e-05 7.4221e-06 0.00014275 0.01 0.01 0.00016689
2.2372e-05 7.409e-06 0.00014563 0.01 0.01 0.00016776
2.2315e-05 7.3984e-06 0.00014868 0.01 0.01 0.00016863
2.2266e-05 7.3907e-06 0.0001519 0.01 0.01 0.00016951
2.2226e-05 7.3859e-06 0.00015531 0.01 0.01 0.0001704
2.2175e-05 7.3768e-06 0.00015864 0.01 0.01 0.00017128
2.2131e-05 7.3702e-06 0.00016215 0.01 0.01 0.00017216
2.2096e-05 7.3666e-06 0.00016588 0.01 0.01 0.00017305
2.2069e-05 7.3656e-06 0.0001698 0.01 0.01 0.00017395
2.2049e-05 7.3671e-06 0.00017393 0.01 0.01 0.00017485
2.2019e-05 7.3643e-06 0.00017797 0.01 0.01 0.00017574
2.1996e-05 7.3642e-06 0.00017897 0.01 0.01 0.00017664
2.1961e-05 7.3594e-06 0.00017992 0.01 0.01 0.00017752
2.1935e-05 7.3573e-06 0.00018096 0.01 0.01 0.00017841
2.1916e-05 7.358e-06 0.00018211 0.01 0.01 0.00017931
2.1907e-05 7.3618e-06 0.00018336 0.01 0.01 0.00018022
2.1905e-05 7.3683e-06 0.00018473 0.01 0.01 0.00018113
2.1913e-05 7.3781e-06 0.00018622 0.01 0.01 0.00018205
2.1909e-05 7.3833e-06 0.00018765 0.01 0.01 0.00018296
2.1893e-05 7.3838e-06 0.00019089 0.01 0.01 0.00018385
2.1866e-05 7.3796e-06 0.00019405 0.01 0.01 0.00018474
2.1846e-05 7.3782e-06 0.00019739 0.01 0.01 0.00018563
2.1815e-05 7.3722e-06 0.00020063 0.01 0.01 0.00018651
2.1773e-05 7.3618e-06 0.00020379 0.01 0.01 0.00018738
2.1738e-05 7.3541e-06 0.00020714 0.01 0.01 0.00018825
2.1711e-05 7.3491e-06 0.00021069 0.01 0.01 0.00018914
2.1674e-05 7.3396e-06 0.00021414 0.01 0.01 0.00019001
2.1644e-05 7.3329e-06 0.00021779 0.01 0.01 0.00019089
2.1621e-05 7.3288e-06 0.00022165 0.01 0.01 0.00019177
2.1608e-05 7.328e-06 0.00022576 0.01 0.01 0.00019266
2.1603e-05 7.3298e-06 0.00023011 0.01 0.01 0.00019356
2.1587e-05 7.327e-06 0.00023434 0.01 0.01 0.00019445
2.1558e-05 7.3195e-06 0.00024257 0.01 0.01 0.00019533
2.1517e-05 7.3073e-06 0.00025059 0.01 0.01 0.00019619
2.1484e-05 7.2979e-06 0.00025905 0.01 0.01 0.00019706
2.1459e-05 7.2912e-06 0.00026797 0.01 0.01 0.00019794
2.1443e-05 7.2872e-06 0.00027737 0.01 0.01 0.00019882
2.1414e-05 7.2785e-06 0.00028654 0.01 0.01 0.0001997
2.1373e-05 7.2653e-06 0.0002955 0.01 0.01 0.00020056
2.1341e-05 7.2547e-06 0.00030494 0.01 0.01 0.00020143
2.1317e-05 7.2473e-06 0.00031493 0.01 0.01 0.0002023
2.1282e-05 7.2353e-06 0.00032469 0.01 0.01 0.00020317
2.1255e-05 7.226e-06 0.00032784 0.01 0.01 0.00020404
2.1216e-05 7.212e-06 0.0003309 0.01 0.01 0.0002049
2.1184e-05 7.2007e-06 0.00033416 0.01 0.01 0.00020577
2.1141e-05 7.1849e-06 0.00033732 0.01 0.01 0.00020662
2.1106e-05 7.1716e-06 0.00034067 0.01 0.01 0.00020749
2.106e-05 7.154e-06 0.00034394 0.01 0.01 0.00020834
2.1021e-05 7.1389e-06 0.00034741 0.01 0.01 0.0002092
2.0989e-05 7.1264e-06 0.00035109 0.01 0.01 0.00021006
2.0965e-05 7.1165e-06 0.00035148 0.01 0.01 0.00021093
2.0949e-05 7.1094e-06 0.000352 0.01 0.01 0.00021181
2.0923e-05 7.0981e-06 0.00035247 0.01 0.01 0.00021268
2.0886e-05 7.0826e-06 0.00035287 0.01 0.01 0.00021354
2.0857e-05 7.0698e-06 0.00035341 0.01 0.01 0.00021441
2.0835e-05 7.0598e-06 0.00035407 0.01 0.01 0.00021528
2.0804e-05 7.0455e-06 0.00035468 0.01 0.01 0.00021614
2.0779e-05 7.0339e-06 0.00035541 0.01 0.01 0.00021701
2.0763e-05 7.0248e-06 0.00035627 0.01 0.01 0.00021789
2.0736e-05 7.0117e-06 0.00035708 0.01 0.01 0.00021876
2.0715e-05 7.0008e-06 0.000358 0.01 0.01 0.00021963
2.0701e-05 6.9919e-06 0.00035905 0.01 0.01 0.00022051
2.0677e-05 6.9791e-06 0.00036004 0.01 0.01 0.00022138
2.066e-05 6.9688e-06 0.00036117 0.01 0.01 0.00022226
2.0633e-05 6.9545e-06 0.00036224 0.01 0.01 0.00022312
2.0613e-05 6.9423e-06 0.00036343 0.01 0.01 0.000224
2.0599e-05 6.9325e-06 0.00036476 0.01 0.01 0.00022488
2.0576e-05 6.9187e-06 0.00036603 0.01 0.01 0.00022575
2.0542e-05 6.9009e-06 0.00036724 0.01 0.01 0.00022661
2.0514e-05 6.8852e-06 0.00036858 0.01 0.01 0.00022747
2.0493e-05 6.8714e-06 0.00037004 0.01 0.01 0.00022834
2.0461e-05 6.8537e-06 0.00037145 0.01 0.01 0.0002292
2.0437e-05 6.8384e-06 0.000373 0.01 0.01 0.00023007
2.0403e-05 6.8193e-06 0.0003745 0.01 0.01 0.00023093
2.0375e-05 6.8021e-06 0.00037612 0.01 0.01 0.0002318
2.0337e-05 6.7809e-06 0.00037769 0.01 0.01 0.00023265
2.0289e-05 6.7557e-06 0.00037919 0.01 0.01 0.0002335
2.023e-05 6.7265e-06 0.00038063 0.01 0.01 0.00023433
2.0179e-05 6.6997e-06 0.00038222 0.01 0.01 0.00023517
2.0135e-05 6.6754e-06 0.0003809 0.01 0.01 0.00023602
2.0081e-05 6.6471e-06 0.00037952 0.01 0.01 0.00023686
2.0018e-05 6.6149e-06 0.00037808 0.01 0.01 0.00023769
1.9944e-05 6.5787e-06 0.00037658 0.01 0.01 0.00023851
1.9877e-05 6.5449e-06 0.00037523 0.01 0.01 0.00023933
1.9816e-05 6.513e-06 0.000374 0.01 0.01 0.00024017
1.9762e-05 6.4834e-06 0.00037291 0.01 0.01 0.00024101
1.9715e-05 6.4561e-06 0.00037195 0.01 0.01 0.00024185
1.9675e-05 6.4311e-06 0.00037112 0.01 0.01 0.00024271
1.9641e-05 6.4083e-06 0.00037042 0.01 0.01 0.00024357
1.9614e-05 6.3874e-06 0.00036984 0.01 0.01 0.00024444
1.9592e-05 6.3687e-06 0.00036938 0.01 0.01 0.00024531
1.9578e-05 6.3521e-06 0.00036904 0.01 0.01 0.0002462
1.9554e-05 6.3317e-06 0.00036865 0.01 0.01 0.00024707
1.952e-05 6.3073e-06 0.0003682 0.01 0.01 0.00024793
1.9475e-05 6.279e-06 0.0003677 0.01 0.01 0.00024879
1.9437e-05 6.2525e-06 0.00036351 0.01 0.01 0.00024965
1.9405e-05 6.2282e-06 0.00035956 0.01 0.01 0.00025051
1.9364e-05 6.2001e-06 0.00035552 0.01 0.01 0.00025137
1.9313e-05 6.1682e-06 0.0003514 0.01 0.01 0.00025222
1.9268e-05 6.1383e-06 0.0003475 0.01 0.01 0.00025307
1.9229e-05 6.1102e-06 0.00034381 0.01 0.01 0.00025393
1.9181e-05 6.0783e-06 0.00034004 0.01 0.01 0.00025478
1.9123e-05 6.0426e-06 0.00033618 0.01 0.01 0.00025562
1.9055e-05 6.0031e-06 0.00033224 0.01 0.01 0.00025646
1.8993e-05 5.9653e-06 0.00032849 0.01 0.01 0.00025729
1.8936e-05 5.9295e-06 0.00032496 0.01 0.01 0.00025814
1.8871e-05 5.89e-06 0.00032136 0.01 0.01 0.00025897
1.8811e-05 5.8521e-06 0.00031794 0.01 0.01 0.00025982
1.8757e-05 5.8162e-06 0.00031472 0.01 0.01 0.00026066
1.8693e-05 5.7765e-06 0.00031143 0.01 0.01 0.0002615
1.8635e-05 5.7384e-06 0.0003083 0.01 0.01 0.00026235
1.8583e-05 5.7022e-06 0.00030537 0.01 0.01 0.0002632
1.8521e-05 5.6623e-06 0.00030236 0.01 0.01 0.00026405
1.8466e-05 5.6243e-06 0.00029953 0.01 0.01 0.0002649
1.8401e-05 5.5826e-06 0.00029663 0.01 0.01 0.00026574
1.8326e-05 5.5372e-06 0.00029367 0.01 0.01 0.00026657
1.8258e-05 5.4936e-06 0.00029088 0.01 0.01 0.00026741
1.8195e-05 5.4516e-06 0.00028824 0.01 0.01 0.00026825
1.8122e-05 5.4058e-06 0.00028554 0.01 0.01 0.00026909
1.8056e-05 5.3618e-06 0.000283 0.01 0.01 0.00026993
1.798e-05 5.3142e-06 0.0002804 0.01 0.01 0.00027076
1.7908e-05 5.268e-06 0.00027795 0.01 0.01 0.0002716
1.7828e-05 5.2181e-06 0.00027543 0.01 0.01 0.00027243
1.7753e-05 5.17e-06 0.00027307 0.01 0.01 0.00027327
1.7684e-05 5.1233e-06 0.00027084 0.01 0.01 0.00027412
1.7619e-05 5.0779e-06 0.00026875 0.01 0.01 0.00027497
1.7559e-05 5.0343e-06 0.0002668 0.01 0.01 0.00027582
1.7506e-05 4.9923e-06 0.00026498 0.01 0.01 0.00027669
1.7457e-05 4.9517e-06 0.00026329 0.01 0.01 0.00027756
1.7414e-05 4.9127e-06 0.00026172 0.01 0.01 0.00027844
1.7377e-05 4.8752e-06 0.00026027 0.01 0.01 0.00027933
1.7344e-05 4.839e-06 0.00025894 0.01 0.01 0.00028023
1.7302e-05 4.7993e-06 0.00025755 0.01 0.01 0.00028111
1.7265e-05 4.7608e-06 0.00025627 0.01 0.01 0.00028201
1.7232e-05 4.7235e-06 0.0002551 0.01 0.01 0.00028291
1.7191e-05 4.6825e-06 0.00025388 0.01 0.01 0.0002838
1.7139e-05 4.638e-06 0.00025261 0.01 0.01 0.00028468
1.7094e-05 4.5949e-06 0.00025145 0.01 0.01 0.00028556
1.7054e-05 4.5534e-06 0.0002504 0.01 0.01 0.00028646
1.7019e-05 4.5131e-06 0.00024946 0.01 0.01 0.00028736
1.6974e-05 4.4691e-06 0.00024846 0.01 0.01 0.00028826
1.6935e-05 4.4267e-06 0.00024758 0.01 0.01 0.00028916
1.6887e-05 4.3806e-06 0.00024664 0.01 0.01 0.00029005
1.6829e-05 4.3309e-06 0.00024566 0.01 0.01 0.00029093
1.6776e-05 4.2824e-06 0.00024478 0.01 0.01 0.00029182
1.6729e-05 4.2354e-06 0.00024038 0.01 0.01 0.00029272
1.6673e-05 4.1848e-06 0.0002359 0.01 0.01 0.0002936
1.6607e-05 4.1305e-06 0.00023132 0.01 0.01 0.00029448
1.6532e-05 4.0726e-06 0.00022665 0.01 0.01 0.00029535
1.6461e-05 4.0158e-06 0.0002222 0.01 0.01 0.00029622
1.6381e-05 3.9555e-06 0.00021766 0.01 0.01 0.00029709
1.6292e-05 3.8916e-06 0.00021304 0.01 0.01 0.00029794
1.6208e-05 3.8288e-06 0.00020864 0.01 0.01 0.00029881
1.6114e-05 3.7625e-06 0.00020415 0.01 0.01 0.00029966
1.6026e-05 3.6976e-06 0.0001999 0.01 0.01 0.00030052
1.5944e-05 3.634e-06 0.00019587 0.01 0.01 0.00030139
1.5867e-05 3.5718e-06 0.00019205 0.01 0.01 0.00030227
1.5795e-05 3.5108e-06 0.00018843 0.01 0.01 0.00030315
1.5714e-05 3.4463e-06 0.00018473 0.01 0.01 0.00030403
1.5637e-05 3.3827e-06 0.00018121 0.01 0.01 0.00030491
1.5565e-05 3.3201e-06 0.00017787 0.01 0.01 0.0003058
1.5497e-05 3.2583e-06 0.00017469 0.01 0.01 0.0003067
1.5433e-05 3.1974e-06 0.00017166 0.01 0.01 0.00030761
1.536e-05 3.133e-06 0.00016858 0.01 0.01 0.00030851
1.5292e-05 3.0695e-06 0.00016564 0.01 0.01 0.00030941
1.5228e-05 3.0068e-06 0.00016286 0.01 0.01 0.00031032
1.5154e-05 2.9405e-06 0.00016 0.01 0.01 0.00031123
1.5085e-05 2.875e-06 0.0001573 0.01 0.01 0.00031214
1.502e-05 2.8103e-06 0.00015473 0.01 0.01 0.00031305
1.4959e-05 2.7463e-06 0.00015229 0.01 0.01 0.00031398
1.4904e-05 2.6833e-06 0.00014999 0.01 0.01 0.00031491
1.4839e-05 2.6168e-06 0.00014763 0.01 0.01 0.00031584
1.4779e-05 2.5512e-06 0.00014541 0.01 0.01 0.00031677
1.471e-05 2.4821e-06 0.00014313 0.01 0.01 0.00031769
1.4646e-05 2.414e-06 0.00014099 0.01 0.01 0.00031863
1.4586e-05 2.3465e-06 0.00013896 0.01 0.01 0.00031957
1.453e-05 2.2796e-06 0.00013704 0.01 0.01 0.00032052
1.4479e-05 2.2134e-06 0.00013524 0.01 0.01 0.00032148
1.4419e-05 2.1437e-06 0.00013464 0.01 0.01 0.00032242
1.4363e-05 2.0745e-06 0.00013412 0.01 0.01 0.00032338
1.4311e-05 2.0059e-06 0.00013366 0.01 0.01 0.00032434
1.4263e-05 1.9378e-06 0.00013328 0.01 0.01 0.00032532
1.422e-05 1.8702e-06 0.00013296 0.01 0.01 0.0003263
1.4182e-05 1.8032e-06 0.00013271 0.01 0.01 0.00032729
1.4148e-05 1.7367e-06 0.00013253 0.01 0.01 0.00032829
1.4119e-05 1.6706e-06 0.00013242 0.01 0.01 0.00032931
1.4095e-05 1.6052e-06 0.00013238 0.01 0.01 0.00033033
1.4076e-05 1.5402e-06 0.00013241 0.01 0.01 0.00033136
1.4062e-05 1.4756e-06 0.00013252 0.01 0.01 0.0003324
1.4038e-05 1.4076e-06 0.00013258 0.01 0.01 0.00033344
1.402e-05 1.3401e-06 0.00013272 0.01 0.01 0.00033448
1.3992e-05 1.2692e-06 0.00013282 0.01 0.01 0.00033551
1.3969e-05 1.1987e-06 0.00013299 0.01 0.01 0.00033655
1.3951e-05 1.1283e-06 0.00013324 0.01 0.01 0.0003376
1.3923e-05 1.0546e-06 0.00013344 0.01 0.01 0.00033865
1.39e-05 9.8123e-07 0.00013372 0.01 0.01 0.0003397
1.3883e-05 9.0821e-07 0.00013407 0.01 0.01 0.00034076
1.3856e-05 8.318e-07 0.00013438 0.01 0.01 0.00034181
1.3819e-05 7.519e-07 0.00013466 0.01 0.01 0.00034285
1.3771e-05 8.2689e-07 0.00013489 0.01 0.01 0.00034388
1.3729e-05 9.0199e-07 0.00013333 0.01 0.01 0.00034491
1.3692e-05 9.7745e-07 0.00013189 0.01 0.01 0.00034596
1.3659e-05 1.0531e-06 0.00013053 0.01 0.01 0.00034701
1.3632e-05 1.1291e-06 0.00012928 0.01 0.01 0.00034808
1.361e-05 1.2056e-06 0.00012812 0.01 0.01 0.00034916
1.3592e-05 1.2826e-06 0.00012705 0.01 0.01 0.00035025
1.3579e-05 1.36e-06 0.00012605 0.01 0.01 0.00035135
1.3571e-05 1.4378e-06 0.00012515 0.01 0.01 0.00035246
1.3567e-05 1.5163e-06 0.00012432 0.01 0.01 0.00035358
1.3554e-05 1.5914e-06 0.00012345 0.01 0.01 0.0003547
1.3546e-05 1.667e-06 0.00012266 0.01 0.01 0.00035582
1.3542e-05 1.7434e-06 0.00012195 0.01 0.01 0.00035695
1.3542e-05 1.8202e-06 0.00012131 0.01 0.01 0.00035809
1.3533e-05 1.8935e-06 0.00012063 0.01 0.01 0.00035923
1.3529e-05 1.9675e-06 0.00012002 0.01 0.01 0.00036037
1.3515e-05 2.0381e-06 0.00011938 0.01 0.01 0.0003615
1.3505e-05 2.1091e-06 0.0001188 0.01 0.01 0.00036264
1.3486e-05 2.1768e-06 0.00011819 0.01 0.01 0.00036378
1.3471e-05 2.2452e-06 0.00011764 0.01 0.01 0.00036492
1.3448e-05 2.3102e-06 0.00011707 0.01 0.01 0.00036605
1.3428e-05 2.3756e-06 0.00011655 0.01 0.01 0.00036719
1.3398e-05 2.4376e-06 0.000116 0.01 0.01 0.00036832
1.336e-05 2.4961e-06 0.00011542 0.01 0.01 0.00036944
1.3312e-05 2.5512e-06 0.00011479 0.01 0.01 0.00037055
1.3269e-05 2.607e-06 0.00011424 0.01 0.01 0.00037167
1.323e-05 2.6634e-06 0.00011375 0.01 0.01 0.0003728
1.3181e-05 2.7163e-06 0.00011416 0.01 0.01 0.00037392
1.3136e-05 2.7698e-06 0.00011464 0.01 0.01 0.00037505
1.3082e-05 2.8198e-06 0.00011507 0.01 0.01 0.00037617
1.3032e-05 2.8707e-06 0.00011558 0.01 0.01 0.0003773
1.2987e-05 2.9225e-06 0.00011615 0.01 0.01 0.00037844
1.2946e-05 2.9752e-06 0.0001168 0.01 0.01 0.00037959
1.2896e-05 3.0243e-06 0.00011741 0.01 0.01 0.00038073
1.285e-05 3.0745e-06 0.00011809 0.01 0.01 0.00038189
1.2808e-05 3.1255e-06 0.00011885 0.01 0.01 0.00038305
1.2757e-05 3.1732e-06 0.00011957 0.01 0.01 0.0003842
1.271e-05 3.2215e-06 0.00012036 0.01 0.01 0.00038537
1.2654e-05 3.2664e-06 0.00012111 0.01 0.01 0.00038652
1.2601e-05 3.312e-06 0.00012193 0.01 0.01 0.00038768
1.2539e-05 3.3541e-06 0.00012272 0.01 0.01 0.00038883
1.2482e-05 3.3973e-06 0.00012358 0.01 0.01 0.00039
1.2416e-05 3.4369e-06 0.0001244 0.01 0.01 0.00039115
1.2352e-05 3.4774e-06 0.0001253 0.01 0.01 0.00039231
1.2293e-05 3.5188e-06 0.00012628 0.01 0.01 0.00039349
1.2237e-05 3.561e-06 0.00012733 0.01 0.01 0.00039467
1.2184e-05 3.604e-06 0.00012846 0.01 0.01 0.00039587
1.2134e-05 3.6478e-06 0.00012966 0.01 0.01 0.00039707
1.2075e-05 3.6882e-06 0.00013083 0.01 0.01 0.00039826
1.202e-05 3.7294e-06 0.00013208 0.01 0.01 0.00039947
1.1968e-05 3.7717e-06 0.00013343 0.01 0.01 0.00040068
1.1907e-05 3.8105e-06 0.00013473 0.01 0.01 0.00040189
1.1849e-05 3.8502e-06 0.00013611 0.01 0.01 0.0004031
1.1795e-05 3.891e-06 0.0001376 0.01 0.01 0.00040433
1.1744e-05 3.9328e-06 0.00013917 0.01 0.01 0.00040557
1.1685e-05 3.9711e-06 0.00014071 0.01 0.01 0.0004068
1.1628e-05 4.0103e-06 0.00014233 0.01 0.01 0.00040803
1.1562e-05 4.046e-06 0.00014391 0.01 0.01 0.00040926
1.15e-05 4.0829e-06 0.0001456 0.01 0.01 0.0004105
1.143e-05 4.1164e-06 0.00014725 0.01 0.01 0.00041173
1.1351e-05 4.1463e-06 0.00014884 0.01 0.01 0.00041294
1.1275e-05 4.1772e-06 0.00015054 0.01 0.01 0.00041417
1.119e-05 4.2046e-06 0.00015219 0.01 0.01 0.00041539
1.1096e-05 4.2284e-06 0.0001538 0.01 0.01 0.0004166
1.1006e-05 4.2535e-06 0.00015551 0.01 0.01 0.00041782
1.092e-05 4.2799e-06 0.00015734 0.01 0.01 0.00041905
1.0837e-05 4.3077e-06 0.00015929 0.01 0.01 0.00042029
1.0757e-05 4.3366e-06 0.00016135 0.01 0.01 0.00042155
1.068e-05 4.3666e-06 0.00016354 0.01 0.01 0.00042281
1.0594e-05 4.3929e-06 0.00016566 0.01 0.01 0.00042407
1.0499e-05 4.4155e-06 0.00017006 0.01 0.01 0.00042531
1.0408e-05 4.4395e-06 0.00017469 0.01 0.01 0.00042657
1.0308e-05 4.46e-06 0.00017924 0.01 0.01 0.00042781
1.0211e-05 4.4816e-06 0.00018401 0.01 0.01 0.00042907
1.0116e-05 4.5043e-06 0.00018902 0.01 0.01 0.00043034
1.0013e-05 4.5233e-06 0.00019393 0.01 0.01 0.0004316
9.9125e-06 4.5435e-06 0.00019908 0.01 0.01 0.00043286
9.8032e-06 4.5601e-06 0.00020414 0.01 0.01 0.00043412
9.6851e-06 4.573e-06 0.00020909 0.01 0.01 0.00043537
9.5696e-06 4.5871e-06 0.0002143 0.01 0.01 0.00043663
9.4455e-06 4.5976e-06 0.0002194 0.01 0.01 0.00043787
9.3124e-06 4.6043e-06 0.0002244 0.01 0.01 0.00043911
9.1828e-06 4.6126e-06 0.00022968 0.01 0.01 0.00044036
9.0566e-06 4.6223e-06 0.00023524 0.01 0.01 0.00044162
8.9337e-06 4.6336e-06 0.0002411 0.01 0.01 0.0004429
8.8021e-06 4.6412e-06 0.00024686 0.01 0.01 0.00044416
8.673e-06 4.65e-06 0.0002529 0.01 0.01 0.00044544
8.5465e-06 4.6601e-06 0.00025924 0.01 0.01 0.00044673
8.4231e-06 4.6717e-06 0.00026592 0.01 0.01 0.00044803
8.3022e-06 4.6847e-06 0.00027294 0.01 0.01 0.00044934
8.1843e-06 4.6993e-06 0.00028033 0.01 0.01 0.00045067
8.0577e-06 4.7101e-06 0.00028759 0.01 0.01 0.00045198
7.9221e-06 4.7171e-06 0.00029471 0.01 0.01 0.00045329
7.7889e-06 4.7254e-06 0.00030218 0.01 0.01 0.0004546
7.6583e-06 4.7352e-06 0.00031003 0.01 0.01 0.00045593
7.5308e-06 4.7468e-06 0.00031831 0.01 0.01 0.00045728
7.3941e-06 4.7544e-06 0.00032642 0.01 0.01 0.00045861
7.2601e-06 4.7635e-06 0.00033495 0.01 0.01 0.00045995
7.1293e-06 4.7745e-06 0.00034395 0.01 0.01 0.00046131
7.0018e-06 4.7876e-06 0.00034672 0.01 0.01 0.00046269
6.8769e-06 4.8023e-06 0.00034658 0.01 0.01 0.00046408
6.755e-06 4.8191e-06 0.00034656 0.01 0.01 0.00046549
6.6353e-06 4.8374e-06 0.00034666 0.01 0.01 0.00046691
6.5177e-06 4.8574e-06 0.00034688 0.01 0.01 0.00046834
6.391e-06 4.8734e-06 0.00034704 0.01 0.01 0.00046976
6.2662e-06 4.8909e-06 0.00034731 0.01 0.01 0.0004712
6.1327e-06 4.9045e-06 0.00034752 0.01 0.01 0.00047262
6.0009e-06 4.9197e-06 0.00034785 0.01 0.01 0.00047406
5.8709e-06 4.9364e-06 0.0003483 0.01 0.01 0.00047551
5.7322e-06 4.9492e-06 0.00034869 0.01 0.01 0.00047695
5.5847e-06 4.958e-06 0.00034902 0.01 0.01 0.00047838
5.4394e-06 4.9688e-06 0.00034947 0.01 0.01 0.00047982
5.2853e-06 4.9755e-06 0.00034987 0.01 0.01 0.00048125
5.1335e-06 4.9841e-06 0.00035039 0.01 0.01 0.00048269
4.9839e-06 4.9947e-06 0.00035105 0.01 0.01 0.00048415
4.8256e-06 5.0013e-06 0.00035164 0.01 0.01 0.0004856
4.6584e-06 5.0039e-06 0.00035218 0.01 0.01 0.00048704
4.4935e-06 5.0085e-06 0.00035284 0.01 0.01 0.00048849
4.3306e-06 5.0151e-06 0.00035364 0.01 0.01 0.00048996
4.1691e-06 5.0233e-06 0.00035456 0.01 0.01 0.00049144
4.0095e-06 5.0335e-06 0.00035563 0.01 0.01 0.00049294
3.8517e-06 5.0458e-06 0.00035684 0.01 0.01 0.00049445
3.6957e-06 5.0603e-06 0.0003582 0.01 0.01 0.00049598
3.5308e-06 5.0705e-06 0.00035949 0.01 0.01 0.0004975
3.3569e-06 5.0765e-06 0.0003607 0.01 0.01 0.00049901
3.1844e-06 5.0843e-06 0.00036206 0.01 0.01 0.00050053
3.4704e-06 5.0878e-06 0.00036553 0.01 0.01 0.00050203
3.7468e-06 5.0871e-06 0.00036891 0.01 0.01 0.00050352
4.0135e-06 5.0822e-06 0.00037218 0.01 0.01 0.000505
4.2705e-06 5.0731e-06 0.00037535 0.01 0.01 0.00050647
4.5316e-06 5.0662e-06 0.00037875 0.01 0.01 0.00050795
4.7832e-06 5.0552e-06 0.00038205 0.01 0.01 0.00050942
5.0389e-06 5.0463e-06 0.00038558 0.01 0.01 0.0005109
5.285e-06 5.0333e-06 0.00038901 0.01 0.01 0.00051237
5.5351e-06 5.0223e-06 0.00039267 0.01 0.01 0.00051386
5.7896e-06 5.0133e-06 0.00039657 0.01 0.01 0.00051537
6.0476e-06 5.0059e-06 0.00040071 0.01 0.01 0.00051689
6.3094e-06 5.0002e-06 0.0004051 0.01 0.01 0.00051842
6.5761e-06 4.9964e-06 0.00040573 0.01 0.01 0.00051998
6.833e-06 4.9886e-06 0.00040629 0.01 0.01 0.00052151
7.0803e-06 4.9769e-06 0.00040679 0.01 0.01 0.00052304
7.3322e-06 4.967e-06 0.00040743 0.01 0.01 0.00052459
7.5749e-06 4.9533e-06 0.00040801 0.01 0.01 0.00052612
7.822e-06 4.9414e-06 0.00040872 0.01 0.01 0.00052766
8.0738e-06 4.9312e-06 0.00040958 0.01 0.01 0.00052923
8.3162e-06 4.9171e-06 0.00041037 0.01 0.01 0.00053078
8.5632e-06 4.9048e-06 0.0004113 0.01 0.01 0.00053235
8.8011e-06 4.8888e-06 0.00041218 0.01 0.01 0.0005339
9.0437e-06 4.8744e-06 0.00041319 0.01 0.01 0.00053547
9.2902e-06 4.8612e-06 0.00041433 0.01 0.01 0.00053706
9.5415e-06 4.8497e-06 0.00041562 0.01 0.01 0.00053866
9.7979e-06 4.8397e-06 0.00041705 0.01 0.01 0.00054028
1.0059e-05 4.8313e-06 0.00041864 0.01 0.01 0.00054191
1.0312e-05 4.8191e-06 0.00042016 0.01 0.01 0.00054353
1.0569e-05 4.8085e-06 0.00042183 0.01 0.01 0.00054516
1.0832e-05 4.7994e-06 0.00042366 0.01 0.01 0.00054682
1.1085e-05 4.7867e-06 0.00042542 0.01 0.01 0.00054846
1.1343e-05 4.7751e-06 0.00042733 0.01 0.01 0.00055011
1.1607e-05 4.765e-06 0.00042941 0.01 0.01 0.00055178
1.1861e-05 4.7514e-06 0.00043142 0.01 0.01 0.00055344
1.2106e-05 4.7341e-06 0.00043337 0.01 0.01 0.00055509
1.2342e-05 4.7134e-06 0.00043525 0.01 0.01 0.00055673
1.2569e-05 4.689e-06 0.00043708 0.01 0.01 0.00055836
1.2787e-05 4.6611e-06 0.00043884 0.01 0.01 0.00055997
1.3011e-05 4.6347e-06 0.00044077 0.01 0.01 0.00056161
1.3225e-05 4.6047e-06 0.00044263 0.01 0.01 0.00056323
1.3444e-05 4.5759e-06 0.00044464 0.01 0.01 0.00056486
1.3668e-05 4.5482e-06 0.00044681 0.01 0.01 0.00056651
1.3896e-05 4.5216e-06 0.00044913 0.01 0.01 0.00056818
1.4131e-05 4.4964e-06 0.00045164 0.01 0.01 0.00056986
1.4372e-05 4.4726e-06 0.00045433 0.01 0.01 0.00057156
1.4603e-05 4.4453e-06 0.00045694 0.01 0.01 0.00057324
1.484e-05 4.419e-06 0.00045973 0.01 0.01 0.00057494
1.5067e-05 4.3891e-06 0.00046245 0.01 0.01 0.00057663
1.5285e-05 4.3557e-06 0.00046509 0.01 0.01 0.00057831
1.5509e-05 4.3234e-06 0.00046791 0.01 0.01 0.00058
1.5722e-05 4.2875e-06 0.00047066 0.01 0.01 0.00058168
1.5927e-05 4.248e-06 0.00047334 0.01 0.01 0.00058335
1.6137e-05 4.2097e-06 0.0004762 0.01 0.01 0.00058503
1.6352e-05 4.1725e-06 0.00047924 0.01 0.01 0.00058673
1.6558e-05 4.1316e-06 0.0004822 0.01 0.01 0.00058842
1.6771e-05 4.0921e-06 0.00048537 0.01 0.01 0.00059013
1.6991e-05 4.0541e-06 0.00048876 0.01 0.01 0.00059185
1.7217e-05 4.0172e-06 0.00049235 0.01 0.01 0.00059359
1.7433e-05 3.9765e-06 0.00049586 0.01 0.01 0.00059531
1.7655e-05 3.937e-06 0.00049957 0.01 0.01 0.00059706
1.7868e-05 3.8938e-06 0.0005032 0.01 0.01 0.00059879
1.8087e-05 3.8518e-06 0.00050705 0.01 0.01 0.00060053
1.8313e-05 3.8109e-06 0.00051114 0.01 0.01 0.00060229
1.8546e-05 3.7713e-06 0.00051547 0.01 0.01 0.00060407
1.8788e-05 3.7329e-06 0.00052006 0.01 0.01 0.00060587
1.9038e-05 3.696e-06 0.00052495 0.01 0.01 0.00060769
1.9298e-05 3.6606e-06 0.00053015 0.01 0.01 0.00060952
1.9567e-05 3.6266e-06 0.00053567 0.01 0.01 0.00061138
1.9847e-05 3.5941e-06 0.00054154 0.01 0.01 0.00061325
2.0138e-05 3.5633e-06 0.0005478 0.01 0.01 0.00061515
2.0439e-05 3.5339e-06 0.00055443 0.01 0.01 0.00061707
2.075e-05 3.5058e-06 0.00056146 0.01 0.01 0.00061901
2.1074e-05 3.4792e-06 0.00056893 0.01 0.01 0.00062097
2.1409e-05 3.4542e-06 0.00057687 0.01 0.01 0.00062295
2.1758e-05 3.4308e-06 0.00058531 0.01 0.01 0.00062495
2.2122e-05 3.4094e-06 0.00058805 0.01 0.01 0.00062698
2.2502e-05 3.39e-06 0.00059108 0.01 0.01 0.00062903
2.2866e-05 3.3661e-06 0.00059395 0.01 0.01 0.00063107
2.3245e-05 3.3439e-06 0.0005971 0.01 0.01 0.00063313
2.364e-05 3.3235e-06 0.00060053 0.01 0.01 0.00063522
2.4017e-05 3.2985e-06 0.00060379 0.01 0.01 0.00063728
2.4412e-05 3.2754e-06 0.00060736 0.01 0.01 0.00063937
2.4825e-05 3.2546e-06 0.00061129 0.01 0.01 0.00064149
2.522e-05 3.2291e-06 0.00061501 0.01 0.01 0.00064359
2.8831e-05 3.1985e-06 0.00061852 0.01 0.01 0.00064567
3.237e-05 3.1631e-06 0.00062584 0.01 0.01 0.00064772
3.6043e-05 3.1302e-06 0.00063379 0.01 0.01 0.00064981
3.9637e-05 3.0922e-06 0.00064137 0.01 0.01 0.00065187
4.3357e-05 3.0564e-06 0.00064954 0.01 0.01 0.00065396
4.7207e-05 3.0226e-06 0.00065836 0.01 0.01 0.00065608
5.1193e-05 2.9909e-06 0.00066786 0.01 0.01 0.00065823
5.5092e-05 2.9541e-06 0.00067692 0.01 0.01 0.00066035
5.8912e-05 2.9125e-06 0.00068559 0.01 0.01 0.00066245
6.2653e-05 2.866e-06 0.00069388 0.01 0.01 0.00066453
6.6311e-05 2.8144e-06 0.00070178 0.01 0.01 0.00066659
7.0102e-05 2.765e-06 0.00071032 0.01 0.01 0.00066867
7.4031e-05 2.7177e-06 0.00071953 0.01 0.01 0.00067078
7.7875e-05 2.9588e-06 0.00072833 0.01 0.01 0.00067287
8.1874e-05 3.2083e-06 0.00073791 0.01 0.01 0.00067498
8.6035e-05 3.4667e-06 0.00074833 0.01 0.01 0.00067713
9.0351e-05 3.7335e-06 0.00075958 0.01 0.01 0.00067931
9.4844e-05 4.0101e-06 0.00076426 0.01 0.01 0.00068152
9.9239e-05 5.9443e-06 0.00076868 0.01 0.01 0.0006837
0.00010354 7.8388e-06 0.00077285 0.01 0.01 0.00068585
0.00010765 9.6923e-06 0.00077676 0.01 0.01 0.00068799
0.00011193 1.1616e-05 0.00078109 0.01 0.01 0.00069015
0.00011636 1.3606e-05 0.00078583 0.01 0.01 0.00069234
0.00012094 1.5663e-05 0.000791 0.01 0.01 0.00069457
0.00012569 1.7789e-05 0.00079662 0.01 0.01 0.00069682
0.00013035 1.9875e-05 0.00080196 0.01 0.01 0.00069904
0.00013516 2.2029e-05 0.00080774 0.01 0.01 0.0007013
0.00013988 2.4146e-05 0.00081327 0.01 0.01 0.00070354
0.00014478 2.4668e-05 0.0008193 0.01 0.01 0.00070581
0.0001496 2.5177e-05 0.00082507 0.01 0.01 0.00070806
0.00015433 2.5675e-05 0.00083062 0.01 0.01 0.00071029
0.00015898 2.616e-05 0.00083593 0.01 0.01 0.0007125
0.00016377 2.6662e-05 0.00084164 0.01 0.01 0.00071473
0.00016872 2.7181e-05 0.00084777 0.01 0.01 0.000717
0.00017381 2.7716e-05 0.00085432 0.01 0.01 0.00071928
0.00017883 2.824e-05 0.00086065 0.01 0.01 0.00072155
0.00018377 2.8753e-05 0.00086676 0.01 0.01 0.0007238
0.00018885 2.9282e-05 0.00087328 0.01 0.01 0.00072607
0.00019387 2.98e-05 0.00087959 0.01 0.01 0.00072833
0.00019904 3.0336e-05 0.00088636 0.01 0.01 0.00073061
0.00020414 3.0862e-05 0.00089292 0.01 0.01 0.00073288
0.00020939 3.1404e-05 0.00089991 0.01 0.01 0.00073517
0.00021478 3.1962e-05 0.00090733 0.01 0.01 0.00073748
0.00022011 3.2511e-05 0.00091456 0.01 0.01 0.00073978
0.00022559 3.3076e-05 0.00092222 0.01 0.01 0.0007421
0.00023123 3.3658e-05 0.0009239 0.01 0.01 0.00074444
0.0002368 3.423e-05 0.00092546 0.01 0.01 0.00074677
0.00024252 3.4819e-05 0.00092725 0.01 0.01 0.00074912
0.0002484 3.5425e-05 0.00092927 0.01 0.01 0.0007515
0.00025421 3.6022e-05 0.00093118 0.01 0.01 0.00075386
0.00025996 3.6608e-05 0.00093299 0.01 0.01 0.0007562
0.00026563 3.7185e-05 0.00093469 0.01 0.01 0.00075853
0.00027148 3.778e-05 0.00093663 0.01 0.01 0.00076088
0.00027726 3.8365e-05 0.00093846 0.01 0.01 0.00076322
0.0002832 3.8968e-05 0.00094053 0.01 0.01 0.00076559
0.00028929 3.9588e-05 0.00094283 0.01 0.01 0.00076797
0.00029555 4.0225e-05 0.00094535 0.01 0.01 0.00077038
0.00030197 4.088e-05 0.00094811 0.01 0.01 0.0007728
0.00030855 4.1552e-05 0.00095111 0.01 0.01 0.00077525
0.00031506 4.2215e-05 0.00095399 0.01 0.01 0.00077769
0.00032175 4.2897e-05 0.00095714 0.01 0.01 0.00078015
0.00032863 4.36e-05 0.00096057 0.01 0.01 0.00078263
0.00033571 4.4324e-05 0.00096428 0.01 0.01 0.00078514
0.00034298 4.5069e-05 0.00096829 0.01 0.01 0.00078767
0.00035044 4.5834e-05 0.00097259 0.01 0.01 0.00079022
0.00035782 4.6588e-05 0.00097675 0.01 0.01 0.00079276
0.0003654 4.7365e-05 0.00098123 0.01 0.01 0.00079533
0.00037292 4.8131e-05 0.00098558 0.01 0.01 0.00079788
0.00038035 4.8886e-05 0.00098981 0.01 0.01 0.00080041
0.00038771 4.963e-05 0.0009939 0.01 0.01 0.00080293
0.00039527 5.0397e-05 0.00099831 0.01 0.01 0.00080548
0.00040276 5.1153e-05 0.0010026 0.01 0.01 0.00080801
0.00041044 5.1929e-05 0.0010072 0.01 0.01 0.00081057
0.00041833 5.2727e-05 0.001012 0.01 0.01 0.00081314
0.00042642 5.3548e-05 0.0010173 0.01 0.01 0.00081574
0.00043474 5.4393e-05 0.0010228 0.01 0.01 0.00081837
0.00044328 5.5262e-05 0.0010288 0.01 0.01 0.00082102
0.00045203 5.6154e-05 0.0010351 0.01 0.01 0.00082369
0.00046104 5.7073e-05 0.0010418 0.01 0.01 0.00082639
0.00046996 5.798e-05 0.0010483 0.01 0.01 0.00082908
0.00047878 5.8874e-05 0.0010547 0.01 0.01 0.00083175
0.00048783 5.9793e-05 0.0010615 0.01 0.01 0.00083444
0.0004968 6.07e-05 0.0010681 0.01 0.01 0.00083712
0.000506 6.1632e-05 0.0010751 0.01 0.01 0.00083982
0.00051546 6.2593e-05 0.0010825 0.01 0.01 0.00084255
0.00052482 6.354e-05 0.0010898 0.01 0.01 0.00084527
0.00053409 6.4474e-05 0.0010969 0.01 0.01 0.00084797
0.0005436 6.5434e-05 0.0011044 0.01 0.01 0.00085069
0.00055336 6.6422e-05 0.0011124 0.01 0.01 0.00085344
0.00056302 6.7395e-05 0.0011202 0.01 0.01 0.00085617
0.00057293 6.8396e-05 0.0011284 0.01 0.01 0.00085893
0.00058312 6.9426e-05 0.0011371 0.01 0.01 0.00086171
0.00059319 7.0442e-05 0.0011456 0.01 0.01 0.00086448
0.00060314 7.1441e-05 0.0011539 0.01 0.01 0.00086723
0.00061337 7.247e-05 0.0011626 0.01 0.01 0.00087001
0.00062392 7.3535e-05 0.001172 0.01 0.01 0.00087282
0.00063434 7.4582e-05 0.0011811 0.01 0.01 0.00087561
0.00064508 7.5665e-05 0.0011909 0.01 0.01 0.00087843
0.00065615 7.6784e-05 0.0012012 0.01 0.01 0.00088128
0.00066706 7.7882e-05 0.0012113 0.01 0.01 0.00088411
0.0006778 7.8958e-05 0.001221 0.01 0.01 0.00088692
0.00068888 8.0072e-05 0.0012237 0.01 0.01 0.00088976
0.0006998 8.1164e-05 0.0012264 0.01 0.01 0.00089258
0.00071055 8.2233e-05 0.0012288 0.01 0.01 0.00089538
0.00072167 8.3344e-05 0.0012316 0.01 0.01 0.00089821
