

TREE # 1

  0  0.0000   5384.595371  x:  0.30010   0.04640   0.16221   0.35581   0.17653   0.10898   0.12107   0.63040   0.04567   0.30705   0.05801   0.00343   0.22439   0.26705   0.19739   1.19123   1.01752  
  1 99.0000   5366.238864  x:  0.29677   0.05295   0.16427   0.34767   0.16670   0.08628   0.12848   0.62957   0.07216   0.30885   0.08471   0.13905   0.22098   0.26447   0.20627   1.26297   0.94498  
  2 499.7782   5215.976840  x:  0.26753   0.05136   0.18246   0.29865   0.11400   0.01111   0.16594   0.62108   0.04382   0.31369   0.06857   0.13117   0.16474   0.22271   0.19339   1.75972   0.39127  
  3 429.3939   5193.810521  x:  0.26281   0.05233   0.18700   0.28972   0.10795   0.03261   0.17405   0.61990   0.04105   0.31469   0.06748   0.13158   0.15573   0.21576   0.19170   1.86544   0.27284  
  4 4995.6445   5179.887287  x:  0.28847   0.07650   0.20315   0.31044   0.17293   0.02465   0.16309   0.63460   0.07926   0.31374   0.09655   0.10863   0.20039   0.24514   0.20670   2.00617   0.23486  
  5 260.2030   5148.045229  x:  0.34500   0.05148   0.21847   0.35785   0.21195   0.04659   0.17821   0.69460   0.03816   0.29511   0.09607   0.09481   0.25365   0.30021   0.23551   2.54780   0.35381  
  6 301.5733   5144.988155  x:  0.34501   0.05644   0.20288   0.35574   0.19864   0.05132   0.14610   0.70441   0.07952   0.30232   0.08839   0.08675   0.23877   0.28919   0.22335   2.60599   0.37363  
  7 113.7555   5144.740863  x:  0.33715   0.05806   0.19177   0.35669   0.20250   0.05175   0.13711   0.70593   0.07391   0.30590   0.09584   0.08667   0.23964   0.28423   0.22025   2.61113   0.37505  
  8 24.6617   5144.685091  x:  0.33254   0.06108   0.18672   0.35741   0.20488   0.05168   0.14186   0.70701   0.07493   0.30745   0.09491   0.08652   0.24041   0.28189   0.21833   2.61278   0.37592  
  9 10.8974   5144.632659  x:  0.32751   0.05703   0.18595   0.35893   0.20759   0.05155   0.14091   0.70870   0.07608   0.30757   0.09002   0.08725   0.24245   0.28169   0.21954   2.61436   0.37537  
 10  3.1955   5144.240578  x:  0.30771   0.06357   0.19970   0.36174   0.20379   0.05217   0.13851   0.72146   0.07579   0.30816   0.08879   0.08489   0.24151   0.27921   0.22947   2.62914   0.37588  
 11  4.8437   5142.304337  x:  0.29581   0.03904   0.20484   0.36323   0.18825   0.05320   0.15164   0.76167   0.08404   0.31124   0.11263   0.07015   0.23873   0.27879   0.22947   2.69798   0.37044  
 12 18.3274   5134.010463  x:  0.33104   0.05289   0.19668   0.35600   0.17004   0.05778   0.14309   0.88477   0.05037   0.30124   0.08372   0.04894   0.22882   0.28648   0.18513   2.99402   0.34048  
 13 92.6368   5130.680266  x:  0.35045   0.05374   0.18109   0.33565   0.18265   0.06003   0.14547   0.86141   0.04431   0.31273   0.07394   0.03410   0.20320   0.26063   0.23319   3.12384   0.33833  
 14 79.8388   5127.203538  x:  0.32890   0.05323   0.19963   0.32003   0.17238   0.06404   0.14446   0.74861   0.04729   0.31853   0.07459   0.01856   0.22337   0.24994   0.21583   3.26181   0.34624  
 15 66.4063   5126.869351  x:  0.32289   0.05399   0.19767   0.33393   0.17332   0.06424   0.14447   0.73245   0.04797   0.31567   0.07601   0.01708   0.20927   0.26287   0.21365   3.27564   0.34606  
 16 28.2109   5126.849923  x:  0.32380   0.05474   0.19601   0.33896   0.17016   0.06430   0.14427   0.73115   0.04814   0.31544   0.07572   0.01685   0.21134   0.26214   0.21534   3.27618   0.34541  
 17  4.9549   5126.835314  x:  0.32476   0.05418   0.19783   0.34206   0.17135   0.06428   0.14442   0.73048   0.04794   0.31581   0.07578   0.01729   0.21044   0.25876   0.21403   3.27662   0.34543  
 18  1.1311   5125.870044  x:  0.31954   0.05562   0.19605   0.34190   0.17285   0.06616   0.14387   0.68725   0.04639   0.32202   0.07127   0.02960   0.21642   0.26944   0.21418   3.30665   0.34436  
 19  0.6183   5125.803281  x:  0.31819   0.05582   0.19452   0.34086   0.17367   0.06628   0.14380   0.68438   0.04733   0.31008   0.07232   0.03000   0.21670   0.26713   0.21468   3.30878   0.34445  
 20 10.0642   5124.841090  x:  0.32625   0.05485   0.19720   0.34476   0.18264   0.07378   0.14841   0.72406   0.05291   0.31229   0.08106   0.03281   0.22166   0.26909   0.21434   3.49388   0.33335  
 21  0.0967   5124.686109  x:  0.32445   0.05655   0.19711   0.34311   0.18283   0.07791   0.14334   0.71152   0.05129   0.31266   0.07614   0.03175   0.22076   0.26735   0.21545   3.57409   0.33512  
 22  0.0632   5124.666371  x:  0.32400   0.05648   0.19674   0.34337   0.18022   0.07957   0.14267   0.71160   0.05124   0.31306   0.07864   0.03124   0.21962   0.26833   0.21600   3.57896   0.33725  
 23  0.0045   5124.653195  x:  0.32400   0.05555   0.19671   0.34416   0.17999   0.08114   0.14341   0.71589   0.05145   0.31205   0.07696   0.03099   0.21975   0.26886   0.21587   3.57079   0.33753  
 24  0.0048   5124.643575  x:  0.32432   0.05577   0.19660   0.34375   0.18101   0.08236   0.14362   0.71223   0.05075   0.31262   0.07752   0.03108   0.22035   0.26784   0.21569   3.55101   0.33661  
 25  0.0094   5124.642120  x:  0.32421   0.05613   0.19664   0.34377   0.18081   0.08261   0.14296   0.71241   0.05131   0.31255   0.07740   0.03119   0.22001   0.26813   0.21582   3.54603   0.33622  
 26  0.0043   5124.642064  x:  0.32419   0.05612   0.19659   0.34381   0.18084   0.08262   0.14286   0.71267   0.05121   0.31249   0.07745   0.03117   0.22004   0.26822   0.21580   3.54608   0.33608  
 27  0.0004   5124.642060  x:  0.32420   0.05611   0.19659   0.34382   0.18086   0.08262   0.14286   0.71265   0.05123   0.31250   0.07746   0.03114   0.22005   0.26823   0.21579   3.54616   0.33607  
 28  0.0001   5124.642060  x:  0.32420   0.05611   0.19659   0.34382   0.18086   0.08261   0.14286   0.71265   0.05123   0.31250   0.07746   0.03113   0.22005   0.26823   0.21580   3.54613   0.33607  
 29  0.0000   5124.642060  x:  0.32420   0.05611   0.19659   0.34382   0.18086   0.08261   0.14286   0.71265   0.05123   0.31250   0.07746   0.03113   0.22005   0.26823   0.21580   3.54612   0.33607  
 30  0.0000   5124.642060  x:  0.32420   0.05611   0.19659   0.34382   0.18086   0.08261   0.14286   0.71265   0.05123   0.31250   0.07746   0.03113   0.22005   0.26823   0.21580   3.54612   0.33607  