Aquila_chrysaetos Colius_striatus Coloeus_monedula Falco_peregrinus Falco_tinnunculus Haliaeetus_leucocephalus Leptosomus_discolor Tyto_alba
0.00020841 0.087429 4.9058e-06 0.0054965 0.0012055 0.0001025 3.134e-05 1.7631e-05
0.00020675 0.086068 4.4037e-06 0.0054959 0.0012027 9.8853e-05 3.0201e-05 1.652e-05
0.00020513 0.085003 4.0317e-06 0.0054954 0.0012 9.5267e-05 2.9146e-05 1.5486e-05
0.00020348 0.083805 3.6059e-06 0.0054948 0.0011972 9.1647e-05 2.8051e-05 1.4416e-05
0.00020182 0.082458 3.1163e-06 0.0054942 0.0011945 8.7993e-05 2.6913e-05 1.3306e-05
0.00020013 0.080934 2.546e-06 0.0054935 0.0011917 8.4301e-05 2.5728e-05 1.2153e-05
0.00019848 0.079729 2.1225e-06 0.005493 0.0011889 8.0669e-05 2.4629e-05 1.1078e-05
0.00019686 0.078796 1.8099e-06 0.0054925 0.0011862 7.7097e-05 2.361e-05 1.0078e-05
0.00019522 0.077703 1.4362e-06 0.005492 0.0011834 7.3483e-05 2.2542e-05 1.0014e-05
0.00019362 0.073744 1.1724e-06 0.0054916 0.0011807 6.9938e-05 2.1564e-05 9.9676e-06
0.00019205 0.070582 9.8211e-07 0.0054914 0.001178 6.6456e-05 2.0679e-05 9.9358e-06
0.00019045 0.066984 7.52e-07 0.0054911 0.0011753 6.293e-05 1.9748e-05 9.8916e-06
0.0001889 0.064119 5.8609e-07 0.0054909 0.0011726 5.9467e-05 1.8891e-05 9.8626e-06
0.00018732 0.060863 3.8622e-07 0.0054906 0.0011699 5.5962e-05 1.7991e-05 9.8215e-06
0.00018577 0.058293 2.4289e-07 0.0054905 0.0011672 5.2521e-05 1.7164e-05 9.7958e-06
0.00018427 0.050171 1.4328e-07 0.0054905 0.0011646 4.9148e-05 1.6411e-05 9.7868e-06
0.00018264 0.040855 1.3432e-07 0.0054905 0.0011619 4.8858e-05 1.5616e-05 9.7653e-06
0.00018099 0.030089 1.1952e-07 0.0054903 0.0011592 4.855e-05 1.4775e-05 9.7308e-06
0.00017938 0.022037 1.1135e-07 0.0054903 0.0011566 4.8255e-05 1.2093e-05 9.7135e-06
0.00017774 0.012786 9.7927e-08 0.0054902 0.0011539 4.7942e-05 1.1715e-05 9.6837e-06
0.00017608 0.011423 7.8535e-08 0.0054903 0.0011512 4.7611e-05 1.1312e-05 9.6408e-06
0.00017439 0.010414 6.6424e-08 0.0054905 0.0011486 4.7259e-05 1.0964e-05 9.2582e-06
0.00017272 0.0096003 5.7976e-08 0.0054909 0.0011461 4.6915e-05 1.0644e-05 8.9034e-06
0.00017109 0.0089303 5.2025e-08 0.0054914 0.0011435 4.6579e-05 1.0348e-05 8.572e-06
0.00016943 0.008196 4.3201e-08 0.0054918 0.001141 4.623e-05 1.0038e-05 8.2277e-06
0.00016781 0.0075853 3.6393e-08 0.0054923 0.0011384 4.5887e-05 9.7496e-06 7.9048e-06
0.00016621 0.0070745 3.1043e-08 0.0054929 0.0011359 4.555e-05 9.4807e-06 7.6013e-06
0.00016464 0.0066463 2.6771e-08 0.0054936 0.0011334 4.5218e-05 9.2296e-06 7.3156e-06
0.00016309 0.0062876 2.3302e-08 0.0054944 0.0011309 4.4892e-05 8.995e-06 7.0464e-06
0.00016156 0.0059841 2.0305e-08 0.0054953 0.0011285 4.457e-05 8.7748e-06 6.7914e-06
0.00016006 0.0057321 1.7749e-08 0.0054963 0.001126 4.4253e-05 8.5693e-06 6.5511e-06
0.00015857 0.0055251 1.5496e-08 0.0054974 0.0011236 4.394e-05 8.3777e-06 6.3244e-06
0.00015711 0.005355 1.3332e-08 0.0054986 0.0011212 4.3632e-05 8.1983e-06 6.1098e-06
0.00015567 0.0052207 1.1254e-08 0.0054998 0.0011189 4.3328e-05 8.0315e-06 5.9075e-06
0.00015425 0.0051166 9.0746e-09 0.0055012 0.0011165 4.3028e-05 7.876e-06 5.716e-06
0.00015285 0.0050405 6.7017e-09 0.0055026 0.0011142 4.2731e-05 7.7312e-06 5.535e-06
0.00015143 0.0049487 1.6101e-08 0.005504 0.0011118 4.2424e-05 7.5792e-06 5.347e-06
0.00015004 0.0048862 2.6895e-08 0.0055055 0.0011095 4.2121e-05 7.4387e-06 5.1701e-06
0.00014867 0.0048515 3.9671e-08 0.0055071 0.0011072 4.1822e-05 7.3093e-06 5.0035e-06
0.00014729 0.0048018 4.988e-08 0.0055087 0.0011049 4.1513e-05 7.1728e-06 4.8304e-06
0.00014593 0.0047796 6.2504e-08 0.0055104 0.0011026 4.1208e-05 7.0472e-06 4.6675e-06
0.00014456 0.0047421 7.2373e-08 0.005512 0.0011003 4.0892e-05 6.9145e-06 4.4978e-06
0.00014318 0.0046885 7.9513e-08 0.0055136 0.0010979 4.0565e-05 6.7743e-06 4.3211e-06
0.00014182 0.0046618 8.9112e-08 0.0055153 0.0010956 4.0243e-05 6.6448e-06 4.1544e-06
0.00014048 0.0046647 1.0216e-07 0.005517 0.0010934 3.9925e-05 6.5269e-06 3.9986e-06
0.00013913 0.0046485 1.1172e-07 0.0055188 0.0010911 3.9596e-05 6.4003e-06 3.8345e-06
0.0001378 0.0042606 1.2542e-07 0.0055206 0.0010888 3.9272e-05 6.2861e-06 3.6818e-06
0.0001365 0.0039491 1.1215e-07 0.0055226 0.0010865 3.8957e-05 6.1852e-06 3.5414e-06
0.00013522 0.0037008 1.0355e-07 0.0055247 0.0010843 3.8649e-05 6.0972e-06 3.4123e-06
0.00013393 0.0034196 9.1062e-08 0.0055267 0.0010821 3.8328e-05 5.9997e-06 3.2746e-06
0.00013267 0.003193 8.2502e-08 0.0055289 0.0010799 3.8013e-05 5.9139e-06 3.1472e-06
0.00013143 0.0030167 7.7647e-08 0.0055312 0.0010777 3.7706e-05 5.8407e-06 3.0306e-06
0.00013017 0.0028097 6.8983e-08 0.0055334 0.0010755 3.7385e-05 5.7573e-06 2.905e-06
0.0001289 0.0025665 5.6055e-08 0.0055355 0.0010733 3.7048e-05 5.6631e-06 2.7695e-06
0.0001276 0.0026576 3.805e-08 0.0055376 0.001071 3.6695e-05 5.5568e-06 2.6232e-06
0.00012633 0.0025744 2.5965e-08 0.0055398 0.0010688 3.6351e-05 5.4647e-06 2.4893e-06
0.0001251 0.0025251 1.7144e-08 0.0055421 0.0010666 3.6017e-05 5.3861e-06 2.3669e-06
0.00012383 0.0023922 1.7419e-08 0.0055446 0.0010645 3.5664e-05 5.2141e-06 2.376e-06
0.00012255 0.0022274 1.5027e-08 0.0055471 0.0010623 3.5296e-05 5.0279e-06 2.3778e-06
0.0001213 0.0021059 1.3604e-08 0.0055496 0.0010601 3.4936e-05 4.8597e-06 2.386e-06
0.00012007 0.0020205 1.2974e-08 0.0055523 0.001058 3.4586e-05 4.7081e-06 2.4007e-06
0.00011888 0.0019661 1.3064e-08 0.0055552 0.0010559 3.4244e-05 4.5721e-06 2.4221e-06
0.00011771 0.0019396 1.389e-08 0.0055582 0.0010539 3.3911e-05 4.4508e-06 2.4502e-06
0.00011656 0.0019448 5.6902e-09 0.0055468 0.0010521 3.3588e-05 3.9814e-06 2.4891e-06
0.0001154 0.0019289 6.4472e-09 0.0055353 0.0010503 3.325e-05 3.9731e-06 2.52e-06
0.00011423 0.0018916 5.0596e-09 0.0055237 0.0010484 3.2895e-05 3.9556e-06 2.5433e-06
0.00011307 0.0018806 3.7012e-09 0.0055123 0.0010466 3.2549e-05 3.9476e-06 2.5736e-06
0.00011195 0.0018951 2.205e-09 0.005501 0.0010448 3.2211e-05 3.9492e-06 2.6112e-06
0.0001108 0.001889 4.8654e-09 0.0054897 0.001043 3.1857e-05 3.9416e-06 2.6409e-06
0.00010968 0.0019107 7.8929e-09 0.0054786 0.0010412 3.1513e-05 3.7267e-06 2.6786e-06
0.00010855 0.0019117 8.6344e-09 0.0054674 0.0010394 3.1153e-05 3.4969e-06 2.7085e-06
0.00010744 0.0019385 9.7315e-09 0.0054564 0.0010376 3.0802e-05 3.2864e-06 2.7457e-06
0.00010631 0.0019445 8.5197e-09 0.0054452 0.0010358 3.0435e-05 3.0676e-06 2.775e-06
0.0001052 0.0019765 7.6543e-09 0.0054343 0.001034 3.0076e-05 2.867e-06 2.8118e-06
0.00010413 0.0020362 7.0273e-09 0.0054236 0.0010323 2.9724e-05 2.683e-06 2.8563e-06
0.00010307 0.0021299 6.6712e-09 0.005413 0.0010305 2.9382e-05 2.5156e-06 2.9095e-06
0.00010205 0.0022639 6.5402e-09 0.0054024 0.0010288 2.9048e-05 2.3635e-06 2.9719e-06
0.00010104 0.002447 6.6156e-09 0.0053919 0.0010271 2.8723e-05 2.2253e-06 3.0438e-06
0.00010007 0.0026916 6.9112e-09 0.0053816 0.0010254 2.8406e-05 2.1e-06 3.126e-06
9.9074e-05 0.0028942 4.9972e-09 0.0053713 0.0010237 2.8074e-05 1.9639e-06 3.1988e-06
9.8102e-05 0.00316 3.1648e-09 0.0053611 0.001022 2.7748e-05 1.8392e-06 3.2812e-06
9.7041e-05 0.00338 6.6254e-09 0.0053508 0.0010203 2.8782e-05 1.7039e-06 3.354e-06
9.6004e-05 0.0036691 8.7479e-09 0.0053407 0.0010186 2.9833e-05 1.5797e-06 3.4367e-06
9.4949e-05 0.0039089 9.5324e-09 0.0053305 0.0010169 3.0862e-05 1.445e-06 3.5096e-06
9.3917e-05 0.0039076 8.979e-09 0.0053205 0.0010153 3.191e-05 1.3211e-06 3.5927e-06
9.291e-05 0.0039482 8.9256e-09 0.0053106 0.0010136 3.2977e-05 1.208e-06 3.6874e-06
9.1929e-05 0.0040335 9.3621e-09 0.005301 0.001012 3.4066e-05 1.1046e-06 3.7946e-06
9.0971e-05 0.0041693 1.035e-08 0.0052916 0.0010104 3.5175e-05 1.01e-06 3.9149e-06
9.0035e-05 0.0043603 1.1886e-08 0.0052823 0.0010089 3.6304e-05 9.2286e-07 4.0484e-06
8.9082e-05 0.0045108 3.3441e-08 0.005273 0.0010073 3.7411e-05 8.274e-07 4.1701e-06
8.8151e-05 0.0047207 6.3072e-08 0.0052638 0.0010058 3.8537e-05 7.391e-07 4.3053e-06
8.7241e-05 0.0050029 6.8479e-08 0.0052548 0.0010042 3.9685e-05 6.573e-07 4.4549e-06
8.6313e-05 0.0051614 6.6617e-08 0.005246 0.0010028 4.0809e-05 6.588e-07 4.5371e-06
8.5407e-05 0.005383 6.8074e-08 0.0052374 0.0010013 4.1953e-05 6.6274e-07 4.6312e-06
8.4484e-05 0.0055621 6.5666e-08 0.0052286 0.00099982 4.3076e-05 6.6144e-07 5.5095e-06
8.3583e-05 0.0058117 6.667e-08 0.0052201 0.00099836 4.4221e-05 6.6272e-07 6.4639e-06
8.2667e-05 0.0060167 6.3916e-08 0.0052115 0.00099689 4.5344e-05 6.5885e-07 7.3748e-06
8.1771e-05 0.0062961 6.4367e-08 0.005203 0.00099544 4.6488e-05 6.5739e-07 8.3621e-06
8.0895e-05 0.0066664 6.8052e-08 0.0051947 0.00099402 4.7654e-05 6.583e-07 9.4319e-06
8.0005e-05 0.0069804 6.8026e-08 0.0051863 0.00099257 4.8798e-05 6.5418e-07 1.0455e-05
7.9099e-05 0.0072439 6.6669e-08 0.0051779 0.00099111 4.9921e-05 6.4502e-07 1.1434e-05
7.8214e-05 0.0075962 6.3984e-08 0.0051695 0.00098968 5.1066e-05 6.382e-07 1.2494e-05
7.7314e-05 0.0078956 5.9969e-08 0.0051612 0.00098822 5.219e-05 6.2649e-07 1.3509e-05
7.6412e-05 0.0081909 5.4624e-08 0.0051528 0.00098676 5.3309e-05 6.1232e-07 1.4524e-05
7.5507e-05 0.0084819 4.795e-08 0.0051444 0.0009853 5.442e-05 5.957e-07 1.5537e-05
7.46e-05 0.0087687 3.9946e-08 0.005136 0.00098383 5.5526e-05 5.7662e-07 1.6549e-05
7.3677e-05 0.0090041 2.803e-08 0.0051275 0.00098235 5.661e-05 5.5241e-07 1.7515e-05
7.2739e-05 0.0091918 1.175e-08 0.005119 0.00098084 5.7673e-05 5.23e-07 1.8436e-05
7.1784e-05 0.0093342 1.1834e-08 0.0051103 0.00097931 5.8714e-05 4.8823e-07 1.9314e-05
7.0852e-05 0.0095528 1.261e-08 0.0051018 0.00097781 5.9777e-05 4.5623e-07 2.027e-05
6.9903e-05 0.0097246 1.0987e-08 0.0050932 0.00097629 6.0819e-05 4.1903e-07 2.1183e-05
6.8977e-05 0.0099803 1.0065e-08 0.0050849 0.0009748 6.1884e-05 3.8458e-07 2.1382e-05
6.807e-05 0.010329 9.596e-09 0.0050766 0.00097333 6.297e-05 3.5228e-07 2.1611e-05
6.7184e-05 0.010301 9.6695e-09 0.0050686 0.00097189 6.408e-05 3.2224e-07 2.1872e-05
6.6283e-05 0.010251 7.4124e-09 0.0050604 0.00097043 6.5168e-05 2.8722e-07 2.2113e-05
6.5403e-05 0.01027 5.6348e-09 0.0050525 0.000969 6.628e-05 2.5436e-07 2.2387e-05
6.4542e-05 0.010355 3.9915e-09 0.0050447 0.00096759 6.7416e-05 2.2312e-07 2.2695e-05
6.3701e-05 0.010099 2.3847e-09 0.005037 0.00096621 6.8577e-05 1.9421e-07 2.2595e-05
6.288e-05 0.0099305 5.7685e-10 0.0050296 0.00096487 6.9765e-05 1.6667e-07 2.2523e-05
6.2044e-05 0.0097088 5.2885e-10 0.005022 0.0009635 7.0928e-05 1.9905e-07 2.2432e-05
6.1192e-05 0.0094317 2.0218e-09 0.0050147 0.00096215 7.2068e-05 2.268e-07 2.2322e-05
6.0325e-05 0.0090946 1.7145e-09 0.0050072 0.00096079 7.3184e-05 4.5101e-07 2.2193e-05
5.9443e-05 0.0093508 5.6307e-09 0.0049996 0.00095941 7.4276e-05 6.6184e-07 2.2046e-05
5.8578e-05 0.009692 1.0002e-08 0.0049922 0.00095804 7.5389e-05 8.8801e-07 2.1923e-05
5.7702e-05 0.0099929 1.2279e-08 0.0049848 0.00095667 7.6486e-05 1.1046e-06 2.1787e-05
5.684e-05 0.010371 1.4879e-08 0.0049774 0.00095531 7.7599e-05 1.3345e-06 2.1672e-05
5.5992e-05 0.010833 1.7892e-08 0.0049702 0.00095397 7.873e-05 1.578e-06 2.1575e-05
5.5155e-05 0.011392 2.1457e-08 0.0049631 0.00095265 7.9877e-05 1.8354e-06 2.1496e-05
5.4331e-05 0.012062 2.5761e-08 0.0049561 0.00095135 8.104e-05 2.1075e-06 2.1434e-05
5.3498e-05 0.012683 2.7939e-08 0.0049491 0.00095004 8.2189e-05 2.3709e-06 2.1362e-05
5.2676e-05 0.013414 3.0774e-08 0.0049422 0.00094874 8.3352e-05 2.648e-06 2.1306e-05
5.1865e-05 0.014281 3.4571e-08 0.0049353 0.00094745 8.4531e-05 2.9406e-06 2.1265e-05
5.1046e-05 0.015091 3.6171e-08 0.0049285 0.00094616 8.5696e-05 3.2245e-06 2.1216e-05
5.0219e-05 0.015848 3.5592e-08 0.0049216 0.00094485 8.6846e-05 3.4996e-06 2.1159e-05
4.9403e-05 0.016745 3.5993e-08 0.0049148 0.00094357 8.8013e-05 3.7905e-06 2.1117e-05
4.8597e-05 0.016788 3.7421e-08 0.0049081 0.00094229 8.9195e-05 4.0985e-06 2.1091e-05
4.7785e-05 0.016807 3.6674e-08 0.0049014 0.00094101 9.0364e-05 4.3974e-06 2.1056e-05
4.6964e-05 0.016802 3.3748e-08 0.0048946 0.00093971 9.1519e-05 4.6874e-06 2.1014e-05
4.6136e-05 0.016771 2.9025e-08 0.0048878 0.00093841 9.266e-05 4.9686e-06 2.0962e-05
4.53e-05 0.016715 5.0859e-08 0.004881 0.00093709 9.3786e-05 5.2409e-06 2.0902e-05
4.4474e-05 0.016714 7.7608e-08 0.0048743 0.00093579 9.4929e-05 5.5295e-06 2.0857e-05
4.3659e-05 0.016763 1.1017e-07 0.0048676 0.0009345 9.6086e-05 5.8341e-06 2.0827e-05
4.2835e-05 0.016788 1.3868e-07 0.004861 0.0009332 9.723e-05 6.1297e-06 2.0789e-05
4.2004e-05 0.016788 1.6322e-07 0.0048543 0.00093189 9.8359e-05 6.4163e-06 2.0743e-05
4.1183e-05 0.016839 1.9389e-07 0.0048477 0.0009306 9.9503e-05 6.7191e-06 2.071e-05
4.0354e-05 0.016866 2.2039e-07 0.004841 0.00092929 0.00010063 7.0128e-06 2.067e-05
3.9518e-05 0.016867 2.4287e-07 0.0048343 0.00092797 0.00010175 7.2974e-06 2.062e-05
3.8691e-05 0.016922 2.7198e-07 0.0048278 0.00092667 0.00010288 7.599e-06 2.0586e-05
3.7875e-05 0.01703 3.0937e-07 0.0048213 0.00092539 0.00010403 7.9186e-06 2.0567e-05
3.7069e-05 0.017198 3.5736e-07 0.0048149 0.00092412 0.00010519 8.2581e-06 2.0563e-05
3.6275e-05 0.01677 4.2072e-07 0.0048087 0.00092287 0.00010638 8.6211e-06 2.0577e-05
3.5471e-05 0.017267 4.7545e-07 0.0048025 0.00092164 0.00010755 8.9711e-06 2.058e-05
3.4658e-05 0.017713 5.2214e-07 0.0047964 0.00092039 0.0001087 9.3081e-06 2.0573e-05
3.3856e-05 0.018263 5.8367e-07 0.0047903 0.00091916 0.00010987 9.2571e-06 1.9917e-05
3.3045e-05 0.018762 6.3675e-07 0.0047842 0.00091792 0.00011102 9.1979e-06 1.9241e-05
3.2245e-05 0.019375 7.0717e-07 0.0047782 0.0009167 0.00011219 9.1503e-06 1.8607e-05
3.1457e-05 0.019938 7.6906e-07 0.0047721 0.00091546 0.00011339 9.0951e-06 1.7955e-05
3.066e-05 0.020455 8.2342e-07 0.004766 0.00091421 0.00011456 9.0324e-06 1.7285e-05
2.9874e-05 0.021084 8.9496e-07 0.00476 0.00091298 0.00011576 8.9807e-06 1.6655e-05
2.9079e-05 0.021665 9.5834e-07 0.004754 0.00091174 0.00011694 8.9216e-06 1.6007e-05
2.8295e-05 0.022366 1.0409e-06 0.0047481 0.00091051 0.00011814 8.8733e-06 1.5397e-05
2.7521e-05 0.023206 1.1468e-06 0.0047422 0.0009093 0.00011936 8.8355e-06 1.4823e-05
2.6756e-05 0.024207 1.2819e-06 0.0047365 0.00090811 0.0001206 8.8082e-06 1.4282e-05
2.5984e-05 0.025144 1.4048e-06 0.0047308 0.0009069 0.00012182 8.7738e-06 1.3727e-05
2.5221e-05 0.02626 1.4021e-06 0.0047251 0.00090572 0.00012307 8.75e-06 1.3205e-05
2.445e-05 0.027301 1.3928e-06 0.0047195 0.00090452 0.0001243 8.7188e-06 1.2667e-05
2.3688e-05 0.028524 1.3954e-06 0.0047139 0.00090333 0.00012554 8.6972e-06 1.2159e-05
2.2936e-05 0.029978 1.4112e-06 0.0047084 0.00090216 0.00012681 8.6862e-06 1.1681e-05
2.2193e-05 0.031686 1.4399e-06 0.004703 0.00090101 0.0001281 8.685e-06 1.1231e-05
2.1441e-05 0.033277 1.4613e-06 0.0046976 0.00089985 0.00012937 8.676e-06 1.0766e-05
2.0699e-05 0.035177 1.4981e-06 0.0046923 0.0008987 0.00013066 8.6782e-06 1.033e-05
1.9966e-05 0.03549 1.5519e-06 0.0046871 0.00089757 0.00013198 8.6912e-06 9.9211e-06
1.9225e-05 0.035755 1.5964e-06 0.0046819 0.00089643 0.00013328 8.6958e-06 9.4969e-06
1.847e-05 0.036131 1.6618e-06 0.0046767 0.00089531 0.00013454 8.7128e-06 9.1023e-06
1.7726e-05 0.036635 1.7532e-06 0.0046717 0.00089421 0.00013584 8.7424e-06 8.7354e-06
1.6994e-05 0.037291 1.8782e-06 0.0046669 0.00089312 0.00013716 8.7851e-06 8.395e-06
1.6272e-05 0.038134 2.0487e-06 0.0046621 0.00089206 0.00013851 8.8416e-06 8.08e-06
1.554e-05 0.038872 2.1941e-06 0.0046573 0.00089099 0.00013983 8.8873e-06 7.7488e-06
1.4821e-05 0.039833 2.2063e-06 0.0046526 0.00088993 0.00014119 8.9485e-06 7.4447e-06
1.4112e-05 0.041056 2.2411e-06 0.004648 0.0008889 0.00014258 9.0245e-06 7.1647e-06
1.3418e-05 0.043962 2.2164e-06 0.0046434 0.00088785 0.000144 8.938e-06 7.0639e-06
1.2712e-05 0.046523 2.4041e-06 0.0046387 0.00088677 0.0001454 8.839e-06 6.9516e-06
1.2017e-05 0.049735 2.6803e-06 0.0046341 0.00088572 0.00014683 8.7559e-06 6.8535e-06
1.1311e-05 0.052587 2.9125e-06 0.0046294 0.00088465 0.00014824 8.6607e-06 6.7442e-06
1.0616e-05 0.05613 3.2315e-06 0.0046249 0.0008836 0.00014967 8.5808e-06 6.6486e-06
9.9321e-06 0.060531 3.6682e-06 0.0046205 0.00088258 0.00015114 8.5157e-06 6.5658e-06
9.2579e-06 0.061748 4.2664e-06 0.0046163 0.00088157 0.00015264 8.4649e-06 6.4954e-06
8.573e-06 0.062801 4.7713e-06 0.0046119 0.00088055 0.00015411 8.4024e-06 6.4145e-06
8.2019e-06 0.064174 5.4747e-06 0.0046077 0.00087955 0.00015413 8.3552e-06 6.3466e-06
7.8231e-06 0.065386 6.0838e-06 0.0046034 0.00087854 0.00015412 8.2974e-06 6.2694e-06
7.4486e-06 0.066904 6.8897e-06 0.0045993 0.00087754 0.00015413 8.2525e-06 6.203e-06
7.078e-06 0.068785 7.9523e-06 0.0045952 0.00087656 0.00015417 8.2198e-06 6.147e-06
6.7003e-06 0.070475 8.8884e-06 0.0045911 0.00087557 0.00015418 8.1776e-06 6.0825e-06
6.3264e-06 0.072557 1.0114e-05 0.004587 0.00087456 0.00015421 8.1474e-06 6.0279e-06
5.9564e-06 0.075146 1.0419e-05 0.0045829 0.00087356 0.00015426 8.1296e-06 5.9835e-06
5.5799e-06 0.077504 1.0683e-05 0.0045788 0.00087256 0.0001543 8.1033e-06 5.9317e-06
5.1968e-06 0.079655 1.0911e-05 0.0045746 0.00087154 0.00015432 8.0685e-06 5.8723e-06
4.8171e-06 0.082275 1.1223e-05 0.0045706 0.00087053 0.00015435 8.045e-06 5.8221e-06
4.928e-06 0.08469 1.1499e-05 0.0045665 0.00086952 0.00015432 8.0136e-06 5.7651e-06
5.0384e-06 0.087568 1.186e-05 0.0045625 0.00086852 0.0001543 7.992e-06 5.7159e-06
5.1438e-06 0.090231 1.2182e-05 0.0045585 0.0008675 0.00015426 7.9628e-06 5.66e-06
5.2487e-06 0.093387 1.2598e-05 0.0045545 0.0008665 0.00015424 7.9431e-06 5.6117e-06
5.35e-06 0.096536 1.3013e-05 0.0045506 0.0008655 0.00015421 7.9211e-06 5.5612e-06
5.4477e-06 0.099679 1.3427e-05 0.0045466 0.00086449 0.00015418 7.8967e-06 5.5084e-06
5.5418e-06 0.10282 1.384e-05 0.0045427 0.00086348 0.00015414 7.8701e-06 5.4533e-06
5.6324e-06 0.10595 1.4252e-05 0.0045387 0.00086247 0.0001541 7.8411e-06 5.3961e-06
5.7194e-06 0.10907 1.4663e-05 0.0045348 0.00086145 0.00015405 7.8099e-06 5.3365e-06
5.8028e-06 0.11219 1.5074e-05 0.0045308 0.00086042 0.00015399 7.7763e-06 5.2748e-06
5.8826e-06 0.1153 1.5483e-05 0.0045269 0.0008594 0.00015392 7.7404e-06 5.2108e-06
5.9588e-06 0.11841 1.5892e-05 0.0045229 0.00085836 0.00015386 7.7022e-06 5.1445e-06
6.0314e-06 0.12151 1.6299e-05 0.004519 0.00085733 0.00015378 7.6617e-06 5.076e-06
6.0994e-06 0.12443 1.6706e-05 0.004515 0.00085628 0.00015369 7.6147e-06 5.0019e-06
6.1666e-06 0.12784 1.7112e-05 0.0045111 0.00085525 0.00015361 7.5762e-06 4.9344e-06
6.2333e-06 0.13186 1.7517e-05 0.0045072 0.00085423 0.00015355 7.5468e-06 4.8738e-06
6.2992e-06 0.13654 1.7486e-05 0.0045035 0.00085322 0.0001535 7.5254e-06 4.8194e-06
6.3645e-06 0.14204 1.7502e-05 0.0044999 0.00085223 0.00015347 7.5128e-06 4.7715e-06
6.429e-06 0.14842 1.7562e-05 0.0044963 0.00085125 0.00015345 7.508e-06 4.7293e-06
6.4929e-06 0.1559 1.721e-05 0.0044929 0.00085029 0.00015344 7.5117e-06 4.6932e-06
6.5562e-06 0.16466 1.6939e-05 0.0044895 0.00084934 0.00015344 7.5238e-06 4.663e-06
6.6189e-06 0.17489 1.6736e-05 0.0044862 0.0008484 0.00015346 7.5443e-06 4.6386e-06
6.6809e-06 0.18684 1.6592e-05 0.004483 0.00084748 0.00015349 7.5731e-06 4.6198e-06
6.7422e-06 0.20078 1.65e-05 0.0044798 0.00084657 0.00015353 7.6102e-06 4.6066e-06
6.7991e-06 0.21405 1.639e-05 0.0044767 0.00084565 0.00015356 7.6417e-06 4.5886e-06
6.8514e-06 0.22666 1.6263e-05 0.0044735 0.00084472 0.00015358 7.6674e-06 4.5659e-06
6.903e-06 0.24135 1.6185e-05 0.0044704 0.00084381 0.00015361 7.7015e-06 4.5486e-06
6.9502e-06 0.25534 1.6092e-05 0.0044673 0.00084288 0.00015363 7.7299e-06 4.5266e-06
6.9965e-06 0.27149 1.6041e-05 0.0044642 0.00084197 0.00015366 7.7661e-06 4.5096e-06
7.042e-06 0.29011 1.6032e-05 0.0044612 0.00084106 0.0001537 7.81e-06 4.4976e-06
7.0829e-06 0.3078 1.6007e-05 0.0044582 0.00084015 0.00015374 7.8481e-06 4.4807e-06
7.1232e-06 0.32843 1.5479e-05 0.0044553 0.00083925 0.00015378 7.8948e-06 4.4692e-06
7.1629e-06 0.3525 1.5062e-05 0.0044525 0.00083837 0.00015383 7.9504e-06 4.4632e-06
7.1981e-06 0.3754 1.4611e-05 0.0044496 0.00083747 0.00015388 8.0002e-06 4.4525e-06
7.2287e-06 0.3972 1.4125e-05 0.0044467 0.00083657 0.00015391 8.044e-06 4.437e-06
7.2548e-06 0.41789 1.3598e-05 0.0044438 0.00083565 0.00015393 8.0819e-06 4.4167e-06
7.2831e-06 0.44206 1.3183e-05 0.0044409 0.00083475 0.00015037 8.1287e-06 4.4018e-06
7.3106e-06 0.44704 1.2854e-05 0.0044382 0.00083386 0.00014686 8.1839e-06 4.3921e-06
7.3376e-06 0.45291 1.2601e-05 0.0044355 0.00083299 0.00014338 7.8295e-06 4.3878e-06
7.3638e-06 0.45972 1.2405e-05 0.0044329 0.00083212 0.00013995 7.4933e-06 4.3884e-06
7.3855e-06 0.46619 1.219e-05 0.0044303 0.00083125 0.0001365 7.1482e-06 4.3843e-06
7.4026e-06 0.47231 1.1953e-05 0.0044276 0.00083037 0.00013303 6.7938e-06 4.3754e-06
7.4191e-06 0.47949 1.1775e-05 0.004425 0.00082949 0.0001296 6.4585e-06 4.3718e-06
7.4312e-06 0.4863 1.1578e-05 0.0044224 0.00082861 0.00012616 6.1144e-06 4.3635e-06
7.4424e-06 0.4942 1.1431e-05 0.0044199 0.00082775 0.00012275 5.7875e-06 4.3601e-06
7.449e-06 0.50168 1.1265e-05 0.0044173 0.00082687 0.00011933 5.4516e-06 4.3518e-06
7.4551e-06 0.51045 1.0327e-05 0.0044149 0.000826 0.00011594 5.1336e-06 4.349e-06
7.4567e-06 0.51877 9.3197e-06 0.0044124 0.00082513 0.00011254 4.8071e-06 4.3413e-06
7.4536e-06 0.52667 8.2369e-06 0.0044098 0.00082424 0.00010912 4.4718e-06 4.3289e-06
7.446e-06 0.53417 7.0711e-06 0.0044073 0.00082335 0.00010567 4.1276e-06 4.3116e-06
7.4379e-06 0.54296 1.702e-06 0.0044048 0.00082246 0.00010228 3.8018e-06 4.2999e-06
7.4251e-06 0.55128 1.1492e-06 0.0044023 0.00082157 9.8856e-05 3.4666e-06 4.2831e-06
7.4119e-06 0.56104 7.0874e-07 0.0043998 0.00082069 9.548e-05 3.1491e-06 4.2719e-06
7.3982e-06 0.57249 3.571e-07 0.0043975 0.00081983 9.2146e-05 2.8483e-06 4.2662e-06
7.3798e-06 0.58331 3.2641e-07 0.0043951 0.00081895 8.8791e-05 2.5386e-06 4.2555e-06
7.3567e-06 0.59354 2.9078e-07 0.0043927 0.00081807 8.5415e-05 2.2201e-06 4.2397e-06
7.3331e-06 0.60554 2.6355e-07 0.0043904 0.00081719 8.2081e-05 1.9179e-06 4.2295e-06
7.3091e-06 0.61963 2.4322e-07 0.0043881 0.00081633 7.8789e-05 1.6311e-06 4.2248e-06
7.2846e-06 0.63618 2.2871e-07 0.004386 0.00081549 7.5538e-05 1.3588e-06 4.2258e-06
7.2555e-06 0.65183 2.1054e-07 0.0043838 0.00081463 7.2267e-05 1.0786e-06 4.2217e-06
7.2217e-06 0.66661 1.8846e-07 0.0043816 0.00081376 6.8976e-05 7.9007e-07 4.2124e-06
7.1873e-06 0.68388 1.718e-07 0.0043794 0.00081291 6.5724e-05 5.1538e-07 4.2086e-06
7.148e-06 0.70004 2.1527e-07 0.0043773 0.00081205 6.2448e-05 2.3144e-07 4.1991e-06
7.0957e-06 0.71523 2.5293e-07 0.0043751 0.00081117 6.2564e-05 2.0495e-07 4.1838e-06
7.0385e-06 0.72947 2.8503e-07 0.0043728 0.00081028 6.2668e-05 1.7481e-07 4.1628e-06
6.9811e-06 0.74631 3.2738e-07 0.0043706 0.0008094 6.2779e-05 1.4492e-07 4.148e-06
6.9188e-06 0.76217 3.6385e-07 0.0043684 0.00080851 6.2878e-05 1.8126e-07 4.1277e-06
6.8515e-06 0.77707 3.9465e-07 0.0043662 0.00080762 6.2964e-05 2.1396e-07 4.1015e-06
6.7793e-06 0.79111 4.2008e-07 0.0043639 0.0008067 6.3037e-05 2.4303e-07 4.0696e-06
6.7067e-06 0.80746 4.5458e-07 0.0043617 0.00080581 6.3118e-05 2.723e-07 4.0434e-06
6.6339e-06 0.82676 4.3198e-07 0.0043596 0.00080492 6.3206e-05 3.0211e-07 4.0235e-06
6.561e-06 0.84955 4.1779e-07 0.0043576 0.00080406 6.3302e-05 3.3257e-07 4.0099e-06
6.4831e-06 0.87097 3.9857e-07 0.0043555 0.00080318 6.3385e-05 3.5924e-07 3.9905e-06
6.4051e-06 0.89627 3.8724e-07 0.0043536 0.00080231 6.3476e-05 3.8668e-07 3.9774e-06
6.3221e-06 0.92008 3.7111e-07 0.0043516 0.00080144 6.3554e-05 4.1032e-07 3.9585e-06
6.2341e-06 0.94249 3.4983e-07 0.0043495 0.00080055 6.362e-05 4.3012e-07 3.9337e-06
6.1409e-06 0.96355 3.2281e-07 0.0043475 0.00079965 6.3672e-05 4.4601e-07 3.9027e-06
6.0423e-06 0.98325 2.888e-07 0.0043453 0.00079873 6.3709e-05 4.5779e-07 3.8648e-06
5.944e-06 0.98786 2.6515e-07 0.0043433 0.00079783 6.3756e-05 4.7063e-07 3.8344e-06
5.8463e-06 0.989 2.5059e-07 0.0043414 0.00079695 6.3815e-05 4.8499e-07 3.8121e-06
5.7491e-06 0.99039 2.4429e-07 0.0043396 0.00079609 6.3884e-05 5.0073e-07 3.7974e-06
5.6526e-06 0.99213 2.449e-07 0.0043379 0.00079525 6.3965e-05 5.1825e-07 3.7909e-06
5.5567e-06 0.99428 2.5267e-07 0.0043363 0.00079443 6.4057e-05 5.3771e-07 3.7926e-06
5.4549e-06 0.99621 2.5472e-07 0.0043347 0.0007936 6.4133e-05 5.5234e-07 3.7864e-06
5.3539e-06 0.99675 2.6539e-07 0.0043331 0.00079278 6.4221e-05 5.691e-07 3.7887e-06
5.2472e-06 0.99724 2.7014e-07 0.0043316 0.00079195 6.4293e-05 5.8105e-07 3.7833e-06
5.1344e-06 0.99767 2.6891e-07 0.0043299 0.0007911 6.4348e-05 5.8809e-07 3.7698e-06
5.0225e-06 0.99776 2.7554e-07 0.0043285 0.00079027 6.4415e-05 5.9728e-07 3.7663e-06
4.9048e-06 0.99785 2.7653e-07 0.0043269 0.00078942 6.4466e-05 6.0178e-07 3.7552e-06
4.7814e-06 0.99792 2.7185e-07 0.0043255 0.0007886 6.4501e-05 6.0156e-07 3.7365e-06
4.6584e-06 0.99802 2.7426e-07 0.0043241 0.00078779 6.4547e-05 6.0309e-07 3.7255e-06
4.5299e-06 0.99812 2.7151e-07 0.0043228 0.00078697 6.4578e-05 6.0016e-07 3.7075e-06
4.4014e-06 0.99824 2.7491e-07 0.0043215 0.00078616 6.4618e-05 5.9852e-07 3.696e-06
4.2676e-06 0.99836 2.7352e-07 0.0043201 0.00078534 6.4644e-05 5.9261e-07 3.678e-06
4.1285e-06 0.99847 2.6734e-07 0.0043188 0.00078451 6.4655e-05 5.8245e-07 3.6535e-06
3.9893e-06 0.99862 2.6718e-07 0.0043175 0.00078369 6.4676e-05 5.7352e-07 3.6354e-06
3.8448e-06 0.99875 2.6231e-07 0.0043161 0.00078286 6.4682e-05 5.6034e-07 3.6108e-06
3.7004e-06 0.99892 2.639e-07 0.0043149 0.00078205 6.4698e-05 5.4865e-07 3.5933e-06
3.5508e-06 0.99908 2.6075e-07 0.0043136 0.00078122 6.47e-05 5.3269e-07 3.5691e-06
3.3957e-06 0.99923 2.5266e-07 0.0043123 0.00078037 6.4687e-05 5.1239e-07 3.5383e-06
3.2408e-06 0.99924 2.5086e-07 0.004311 0.00077955 6.4684e-05 4.9348e-07 3.5143e-06
3.0802e-06 0.99924 2.4386e-07 0.0043097 0.0007787 6.4665e-05 4.7002e-07 3.4831e-06
2.9201e-06 0.99927 2.4365e-07 0.0043086 0.00077788 6.4657e-05 4.483e-07 3.4595e-06
2.7603e-06 0.99931 2.5033e-07 0.0043075 0.00077708 6.4661e-05 4.2826e-07 3.4437e-06
2.6011e-06 0.99938 2.1981e-07 0.0043066 0.0007763 6.4677e-05 4.0993e-07 3.436e-06
2.4424e-06 0.99936 2.0039e-07 0.0043057 0.00077554 6.4706e-05 3.9324e-07 3.4364e-06
2.278e-06 0.99933 1.7454e-07 0.0043049 0.00077476 6.4718e-05 3.72e-07 3.4292e-06
2.1078e-06 0.9993 1.4153e-07 0.0043039 0.00077396 6.4714e-05 3.4615e-07 3.4143e-06
1.9318e-06 0.99926 9.9992e-08 0.0043029 0.00077315 6.4692e-05 3.1553e-07 3.3914e-06
1.7561e-06 0.99925 6.9647e-08 0.004302 0.00077235 6.4682e-05 2.8642e-07 3.3761e-06
1.5745e-06 0.99922 7.4922e-08 0.004301 0.00077154 6.4655e-05 2.5248e-07 3.3527e-06
1.3867e-06 0.99919 7.4637e-08 0.0043001 0.00077075 6.4609e-05 2.7882e-07 3.3022e-06
1.4297e-06 0.99915 7.0498e-08 0.0042992 0.00076994 6.4502e-05 3.0071e-07 3.2435e-06
1.4711e-06 0.99914 6.9799e-08 0.0042984 0.00076915 6.4406e-05 3.2385e-07 3.1934e-06
1.5078e-06 0.99912 6.5545e-08 0.0042976 0.00076835 6.4295e-05 3.4269e-07 3.1358e-06
1.5398e-06 0.99909 5.7671e-08 0.0042966 0.00076753 6.4169e-05 3.5731e-07 3.0707e-06
1.567e-06 0.99906 4.586e-08 0.0042957 0.00076669 6.4026e-05 3.6767e-07 2.9978e-06
1.5924e-06 0.99885 3.7301e-08 0.0042948 0.00076587 6.3893e-05 3.788e-07 2.9325e-06
1.6161e-06 0.99869 3.1343e-08 0.004294 0.00076507 6.3772e-05 3.9097e-07 2.8749e-06
1.6351e-06 0.99851 2.2323e-08 0.0042932 0.00076426 6.3635e-05 3.99e-07 2.8103e-06
1.6525e-06 0.99838 1.5442e-08 0.0042925 0.00076346 6.351e-05 4.0806e-07 2.7531e-06
1.6651e-06 0.99823 5.6329e-09 0.0042917 0.00076265 6.3368e-05 4.1289e-07 2.6889e-06
1.6731e-06 0.99807 6.3217e-09 0.0042909 0.00076182 6.3212e-05 4.1359e-07 2.6176e-06
1.6794e-06 0.99795 6.9739e-09 0.0042902 0.00076101 6.3067e-05 4.153e-07 2.5537e-06
1.6839e-06 0.99739 7.5505e-09 0.0042894 0.00076018 6.2931e-05 4.1791e-07 2.4965e-06
1.6866e-06 0.99693 8.1433e-09 0.0042887 0.00075937 6.2805e-05 4.2146e-07 2.4458e-06
1.6876e-06 0.99495 8.7836e-09 0.0042882 0.00075858 6.269e-05 4.2594e-07 2.4011e-06
1.6865e-06 0.99327 9.3864e-09 0.0042877 0.0007578 6.2583e-05 4.3101e-07 2.3615e-06
1.6836e-06 0.99186 1.008e-08 0.0042873 0.00075704 6.2484e-05 4.3682e-07 2.3269e-06
1.6786e-06 0.99066 1.083e-08 0.004287 0.0007563 6.2393e-05 4.4314e-07 2.2967e-06
1.6692e-06 0.98938 3.3252e-08 0.0042867 0.00075554 6.2289e-05 4.4561e-07 2.2611e-06
1.6554e-06 0.98803 5.1847e-08 0.0042863 0.00075477 6.2172e-05 4.4438e-07 2.2205e-06
1.6396e-06 0.9866 6.6975e-08 0.0042859 0.00075398 6.2064e-05 4.3949e-07 2.1749e-06
1.6195e-06 0.98509 7.8997e-08 0.0042855 0.00075319 6.1943e-05 4.3105e-07 2.1245e-06
1.5951e-06 0.9835 8.8133e-08 0.004285 0.00075238 6.1811e-05 4.1912e-07 2.0695e-06
1.5665e-06 0.98181 9.4445e-08 0.0042845 0.00075156 6.1668e-05 4.0367e-07 2.0097e-06
1.5357e-06 0.98039 1.0359e-07 0.0042841 0.00075076 6.1531e-05 3.8851e-07 1.954e-06
1.5027e-06 0.97918 1.1604e-07 0.0042837 0.00074997 6.14e-05 3.7357e-07 1.9021e-06
1.4655e-06 0.97791 1.2553e-07 0.0042833 0.00074917 6.1258e-05 3.5525e-07 1.8458e-06
1.426e-06 0.97684 1.337e-07 0.0042831 0.00074838 6.1122e-05 3.3709e-07 1.7932e-06
1.3843e-06 0.97593 1.4054e-07 0.0042828 0.0007476 6.0992e-05 3.1886e-07 1.7437e-06
7.5734e-07 0.9466 1.0916e-07 0.0042837 0.00073789 5.927e-05 6.0272e-07 1.1402e-06
8.5982e-07 0.94496 1.0196e-07 0.004284 0.00073717 5.9129e-05 6.6197e-07 1.0952e-06
9.6023e-07 0.94357 9.7215e-08 0.0042844 0.00073647 5.8994e-05 7.2324e-07 1.0521e-06
1.0563e-06 0.94209 8.9733e-08 0.0042848 0.00073575 5.8847e-05 7.8033e-07 1.0051e-06
1.1504e-06 0.94084 8.4549e-08 0.0042853 0.00073504 5.8705e-05 8.3957e-07 9.6002e-07
1.2401e-06 0.93951 7.6662e-08 0.0042857 0.00073433 5.8552e-05 8.9454e-07 9.1091e-07
1.3279e-06 0.93841 7.1176e-08 0.0042862 0.00073362 5.8405e-05 9.522e-07 8.6409e-07
1.4139e-06 0.93751 6.7813e-08 0.0042868 0.00073293 5.8265e-05 1.0128e-06 8.1947e-07
1.4954e-06 0.93653 6.1794e-08 0.0042874 0.00073223 5.8113e-05 1.0689e-06 7.7069e-07
1.5752e-06 0.9318 5.7701e-08 0.0042666 0.00073158 5.7967e-05 1.1279e-06 7.2398e-07
1.6531e-06 0.92777 5.5271e-08 0.004246 0.00073094 5.7827e-05 1.1903e-06 6.792e-07
1.7294e-06 0.92439 5.457e-08 0.0042257 0.00073031 5.7695e-05 1.2566e-06 6.365e-07
1.8012e-06 0.92077 5.1371e-08 0.0042053 0.00072968 5.755e-05 1.3179e-06 5.8968e-07
1.8679e-06 0.91776 4.9884e-08 0.0041851 0.00072905 5.7389e-05 1.3836e-06 5.4493e-07
1.9329e-06 0.91524 5.0003e-08 0.0041651 0.00072845 5.7235e-05 1.4538e-06 5.0208e-07
1.9963e-06 0.91312 5.1558e-08 0.0041453 0.00072785 5.7088e-05 1.5286e-06 4.607e-07
2.0581e-06 0.91135 5.4705e-08 0.0041257 0.00072727 5.6949e-05 1.6083e-06 4.2069e-07
2.1152e-06 0.90943 5.5131e-08 0.004106 0.00072668 5.6795e-05 1.682e-06 3.7652e-07
2.1709e-06 0.90104 5.7601e-08 0.0040865 0.00072611 5.6651e-05 1.7617e-06 3.341e-07
2.2218e-06 0.89197 5.7198e-08 0.004067 0.00072551 5.6492e-05 1.8349e-06 2.8739e-07
2.2715e-06 0.88447 5.8998e-08 0.0040477 0.00072494 5.6342e-05 1.9147e-06 2.4245e-07
2.3198e-06 0.85372 3.862e-08 0.0040286 0.00072438 5.6201e-05 2.0012e-06 1.9893e-07
2.3668e-06 0.82786 2.2441e-08 0.0040097 0.00072384 5.6069e-05 2.0949e-06 1.566e-07
2.4089e-06 0.79981 2.6757e-08 0.0039908 0.00072328 5.5921e-05 2.181e-06 1.1004e-07
2.9612e-06 0.79622 2.8278e-08 0.0039717 0.00072271 5.5693e-05 2.2535e-06 1.1891e-07
3.5194e-06 0.79326 3.0944e-08 0.0039528 0.00072215 5.5474e-05 2.3326e-06 1.2709e-07
4.0707e-06 0.79008 3.1316e-08 0.0039339 0.00072158 5.5241e-05 2.4057e-06 1.3221e-07
4.627e-06 0.78742 3.2603e-08 0.0039152 0.00072103 5.5016e-05 2.4846e-06 1.3646e-07
5.1875e-06 0.78517 3.4649e-08 0.0038966 0.00072048 5.4795e-05 2.5687e-06 1.3969e-07
5.7526e-06 0.7833 3.7671e-08 0.0038782 0.00071995 5.4581e-05 2.6587e-06 1.4197e-07
6.3118e-06 0.78131 3.8551e-08 0.0038598 0.00071941 5.4355e-05 2.7433e-06 1.4136e-07
6.875e-06 0.77963 4.0258e-08 0.0038415 0.00071887 5.4134e-05 2.8333e-06 1.3968e-07
7.4323e-06 0.77785 3.9842e-08 0.0038232 0.00071833 5.3902e-05 2.918e-06 1.3512e-07
7.9838e-06 0.77595 3.7311e-08 0.0038048 0.00071778 5.3659e-05 2.9976e-06 1.277e-07
8.5398e-06 0.77438 3.5723e-08 0.0037866 0.00071724 5.3421e-05 3.083e-06 1.1927e-07
9.1003e-06 0.7731 3.4997e-08 0.0037686 0.00071671 5.3189e-05 3.1744e-06 1.0981e-07
9.6656e-06 0.77207 3.5102e-08 0.0037507 0.00071619 5.2962e-05 3.2722e-06 9.9294e-08
1.0225e-05 0.77097 3.3176e-08 0.0037328 0.00071566 5.2724e-05 3.3647e-06 8.5956e-08
1.0789e-05 0.77009 3.1925e-08 0.0037151 0.00071514 5.249e-05 3.4632e-06 7.1456e-08
1.1346e-05 0.76913 2.8599e-08 0.0036973 0.00071462 5.2245e-05 3.5562e-06 1.0759e-07
1.1898e-05 0.77166 2.3173e-08 0.0036795 0.00071408 5.199e-05 3.6437e-06 1.4058e-07
1.2444e-05 0.77406 4.0358e-08 0.0036616 0.00071353 5.1724e-05 3.726e-06 1.7047e-07
1.2984e-05 0.77633 5.4879e-08 0.0036436 0.00071297 5.1448e-05 3.803e-06 1.973e-07
1.3519e-05 0.77847 6.6763e-08 0.0036256 0.00071241 5.116e-05 3.8748e-06 2.2104e-07
1.4058e-05 0.78101 8.1475e-08 0.0036078 0.00071185 5.0878e-05 3.953e-06 2.4452e-07
1.4601e-05 0.78402 9.9722e-08 0.0035902 0.0007113 5.0601e-05 4.0376e-06 2.6782e-07
1.515e-05 0.78416 1.2198e-07 0.0035727 0.00071077 5.0328e-05 4.1284e-06 2.9085e-07
1.5703e-05 0.78448 1.4967e-07 0.0035554 0.00071025 5.0059e-05 4.2263e-06 3.1381e-07
1.6261e-05 0.78499 1.8412e-07 0.0035382 0.00070973 4.9796e-05 4.3314e-06 3.3677e-07
1.6813e-05 0.78544 2.146e-07 0.003521 0.00070921 4.9522e-05 4.4312e-06 3.566e-07
1.736e-05 0.78583 2.4114e-07 0.0035037 0.00070868 4.9237e-05 4.5254e-06 3.7327e-07
1.7911e-05 0.78642 2.7498e-07 0.0034866 0.00070816 4.8958e-05 4.627e-06 3.8997e-07
1.8467e-05 0.7872 2.5961e-07 0.0034696 0.00070765 4.8682e-05 4.7358e-06 4.0657e-07
1.9029e-05 0.7882 2.4935e-07 0.0034528 0.00070715 4.841e-05 4.8525e-06 4.2328e-07
1.9596e-05 0.78946 2.4371e-07 0.0034362 0.00070666 4.8144e-05 4.9777e-06 4.4016e-07
2.0167e-05 0.79097 2.4203e-07 0.0034197 0.00070618 4.7881e-05 5.111e-06 4.5708e-07
2.0733e-05 0.79239 2.3717e-07 0.0034032 0.0007057 4.7607e-05 5.2382e-06 4.7075e-07
2.1304e-05 0.7941 2.366e-07 0.0033868 0.00070522 4.7338e-05 5.3745e-06 4.8469e-07
2.1882e-05 0.79617 2.4034e-07 0.0033705 0.00070476 4.7074e-05 5.5205e-06 4.9895e-07
2.2465e-05 0.79863 2.4864e-07 0.0033545 0.0007043 4.6815e-05 5.6767e-06 5.1361e-07
2.3054e-05 0.80155 2.6208e-07 0.0033385 0.00070386 4.656e-05 5.8438e-06 5.2876e-07
2.3637e-05 0.80431 2.7184e-07 0.0033226 0.00070341 4.6295e-05 6.0039e-06 5.405e-07
2.4213e-05 0.80689 2.7769e-07 0.0033065 0.00070295 4.6017e-05 6.1565e-06 5.487e-07
2.4255e-05 0.80929 2.7939e-07 0.0032905 0.00070247 4.6256e-05 6.3009e-06 5.5319e-07
2.43e-05 0.81215 2.8644e-07 0.0032745 0.00070201 4.6499e-05 6.4566e-06 5.5832e-07
2.4339e-05 0.81481 2.892e-07 0.0032585 0.00070153 4.673e-05 6.6039e-06 5.5969e-07
2.4371e-05 0.81729 2.8757e-07 0.0032427 0.00070107 4.6949e-05 6.7428e-06 5.5727e-07
2.4406e-05 0.82023 2.9154e-07 0.003227 0.00070062 4.7173e-05 6.8933e-06 5.5557e-07
2.4444e-05 0.82374 3.0132e-07 0.0032115 0.00070018 4.7403e-05 7.0563e-06 5.5463e-07
2.4485e-05 0.82791 3.1759e-07 0.0031962 0.00069976 4.764e-05 7.2325e-06 5.545e-07
2.452e-05 0.83178 3.3069e-07 0.0031808 0.00069932 4.7863e-05 7.3993e-06 5.5047e-07
2.4547e-05 0.83536 3.3868e-07 0.0031653 0.00069887 4.8073e-05 7.5562e-06 5.4244e-07
2.4579e-05 0.83963 3.5377e-07 0.00315 0.00069844 4.8289e-05 7.7271e-06 5.3538e-07
2.4603e-05 0.84357 3.6332e-07 0.0031346 0.00069799 4.8492e-05 7.8875e-06 5.2418e-07
2.4618e-05 0.84837 3.8153e-07 0.0031194 0.00069755 4.8677e-05 7.7583e-06 5.1524e-07
2.4638e-05 0.8494 3.5355e-07 0.0031044 0.00069714 4.8871e-05 7.6438e-06 5.0764e-07
2.4661e-05 0.85073 3.2427e-07 0.0030893 0.0006967 4.9072e-05 7.5419e-06 5.0102e-07
2.4688e-05 0.85239 2.9369e-07 0.0030744 0.00069628 4.9281e-05 7.4525e-06 4.9542e-07
2.4709e-05 0.85392 2.6181e-07 0.0030594 0.00069585 4.9477e-05 7.3549e-06 4.8606e-07
2.4732e-05 0.8558 2.3845e-07 0.0030445 0.00069543 4.968e-05 7.2688e-06 4.7747e-07
2.475e-05 0.85755 2.1033e-07 0.0030296 0.000695 4.9871e-05 7.1751e-06 4.6528e-07
2.4771e-05 0.85966 1.8943e-07 0.0030149 0.00069459 5.0068e-05 7.0921e-06 4.5373e-07
2.4786e-05 0.86164 1.6408e-07 0.0030001 0.00069416 5.0253e-05 7.0016e-06 4.3857e-07
2.4803e-05 0.86398 1.445e-07 0.0029855 0.00069374 5.0444e-05 6.9207e-06 4.2379e-07
2.4823e-05 0.86673 1.2959e-07 0.002971 0.00069334 5.064e-05 6.8492e-06 4.0935e-07
2.4846e-05 0.86996 1.1858e-07 0.0029566 0.00069295 5.0842e-05 6.7867e-06 3.9519e-07
2.4862e-05 0.873 1.0412e-07 0.0029422 0.00069254 5.1031e-05 6.7169e-06 3.7747e-07
2.4872e-05 0.87585 8.601e-08 0.0029278 0.00069213 5.1208e-05 6.6396e-06 3.5615e-07
2.4885e-05 0.8792 7.1872e-08 0.0029134 0.00069172 5.1391e-05 6.5718e-06 3.352e-07
2.4901e-05 0.88314 6.153e-08 0.0028993 0.00069133 5.158e-05 6.5135e-06 3.146e-07
2.492e-05 0.88777 5.3707e-08 0.0028853 0.00069095 5.1775e-05 6.4646e-06 2.9431e-07
2.4932e-05 0.8921 4.2842e-08 0.0028712 0.00069056 5.1958e-05 6.4077e-06 2.7033e-07
2.4938e-05 0.89616 5.8532e-08 0.002857 0.00069016 5.2127e-05 6.3427e-06 2.4266e-07
2.4947e-05 0.90095 7.8414e-08 0.002843 0.00068977 5.2303e-05 6.2877e-06 2.1542e-07
2.496e-05 0.90657 1.0398e-07 0.0028292 0.00068939 5.2487e-05 6.2426e-06 1.8851e-07
2.4976e-05 0.90779 1.3809e-07 0.0028155 0.00068903 5.2679e-05 6.2083e-06 1.6207e-07
2.4986e-05 0.9089 1.6623e-07 0.0028018 0.00068866 5.2857e-05 6.1657e-06 1.3194e-07
2.4999e-05 0.91027 1.6062e-07 0.0027882 0.0006883 5.3044e-05 6.1332e-06 1.0208e-07
2.5005e-05 0.91152 1.5061e-07 0.0027746 0.00068793 5.3215e-05 6.0917e-06 1.2296e-07
2.5015e-05 0.91144 1.453e-07 0.0027611 0.00068757 5.3395e-05 6.0603e-06 1.4366e-07
2.5029e-05 0.91151 1.4475e-07 0.0027477 0.00068723 5.3584e-05 6.0397e-06 1.6441e-07
2.5036e-05 0.91152 1.4018e-07 0.0027343 0.00068687 5.3759e-05 6.0108e-06 1.8162e-07
2.5036e-05 0.91148 1.3153e-07 0.0027209 0.0006865 5.3919e-05 5.9734e-06 1.9531e-07
2.5029e-05 0.91139 1.1863e-07 0.0027073 0.00068611 5.4066e-05 5.9276e-06 2.0549e-07
2.5015e-05 0.91123 1.0113e-07 0.0026937 0.00068571 5.4198e-05 5.873e-06 2.1216e-07
2.4994e-05 0.91102 7.8309e-08 0.00268 0.00068529 5.4315e-05 5.8092e-06 2.1523e-07
2.4977e-05 0.91094 6.1525e-08 0.0026664 0.00068489 5.4441e-05 5.7562e-06 2.1821e-07
2.4964e-05 0.91101 4.9333e-08 0.002653 0.00068451 5.4576e-05 5.7142e-06 2.2119e-07
2.4956e-05 0.90999 4.0742e-08 0.0026398 0.00068414 5.4722e-05 5.6835e-06 2.243e-07
2.4953e-05 0.90612 3.52e-08 0.0026265 0.00068375 5.4879e-05 5.6653e-06 2.2779e-07
2.4955e-05 0.89204 3.2002e-08 0.0026134 0.00068339 5.5048e-05 5.6594e-06 2.3169e-07
2.4963e-05 0.88049 3.0529e-08 0.0026002 0.000683 5.5227e-05 5.6647e-06 2.3583e-07
2.4974e-05 0.8356 3.0611e-08 0.0025871 0.00068263 5.5418e-05 5.6811e-06 2.4021e-07
2.4991e-05 0.79862 3.2442e-08 0.0025743 0.00068227 5.5619e-05 5.7096e-06 2.45e-07
2.5e-05 0.76005 3.1356e-08 0.0025613 0.00068191 5.5805e-05 5.7281e-06 2.4593e-07
2.5014e-05 0.7281 3.1919e-08 0.0025485 0.00068155 5.6001e-05 5.7582e-06 2.4717e-07
2.502e-05 0.69362 3.0477e-08 0.0025356 0.00068119 5.6182e-05 5.7792e-06 2.4473e-07
2.5031e-05 0.66486 3.0465e-08 0.0025229 0.00068084 5.6372e-05 5.8109e-06 2.4242e-07
2.5035e-05 0.63404 2.7936e-08 0.0025102 0.00068047 5.6549e-05 5.8345e-06 2.3662e-07
2.5043e-05 0.6082 2.6633e-08 0.0024976 0.00068012 5.6734e-05 5.8682e-06 2.3081e-07
2.5043e-05 0.58047 2.2872e-08 0.0024849 0.00067976 5.6906e-05 5.8937e-06 2.2152e-07
2.5048e-05 0.55719 2.0166e-08 0.0024723 0.00067941 5.7086e-05 5.9292e-06 2.1215e-07
2.5056e-05 0.53761 1.8282e-08 0.0024599 0.00067908 5.7275e-05 5.9748e-06 2.0265e-07
2.5058e-05 0.5167 1.4168e-08 0.0024475 0.00067874 5.745e-05 6.0125e-06 1.8979e-07
2.5063e-05 0.49894 1.0616e-08 0.0024352 0.0006784 5.7634e-05 6.0596e-06 1.7662e-07
2.5072e-05 0.48403 7.505e-09 0.002423 0.00067809 5.7825e-05 6.1172e-06 1.6325e-07
2.5074e-05 0.46799 1.4989e-08 0.0024108 0.00067775 5.8003e-05 6.1663e-06 1.4646e-07
2.508e-05 0.45459 2.4246e-08 0.0023987 0.00067744 5.819e-05 6.2263e-06 1.2945e-07
2.5079e-05 0.44019 3.0672e-08 0.0023866 0.00067711 5.8363e-05 6.2779e-06 1.0909e-07
2.5071e-05 0.42463 3.4376e-08 0.0023744 0.00067677 5.8522e-05 6.3211e-06 8.5322e-08
2.5057e-05 0.40771 3.5387e-08 0.0023621 0.00067641 5.8667e-05 6.3557e-06 5.8083e-08
2.5047e-05 0.39392 3.8187e-08 0.0023497 0.00067603 5.8821e-05 6.402e-06 3.0827e-08
2.503e-05 0.37877 3.8147e-08 0.0023372 0.00067564 5.8961e-05 6.4391e-06 3.4676e-08
2.5016e-05 0.36631 3.9793e-08 0.0023249 0.00067526 5.911e-05 6.4873e-06 3.7072e-08
2.5007e-05 0.35621 4.3549e-08 0.0023128 0.0006749 5.927e-05 6.5479e-06 3.8107e-08
2.4991e-05 0.345 4.418e-08 0.0023006 0.00067452 5.9414e-05 6.5984e-06 8.4008e-08
2.4979e-05 0.33598 4.3478e-08 0.0022885 0.00067417 5.9569e-05 6.6618e-06 1.3144e-07
2.496e-05 0.32592 4.1445e-08 0.0022764 0.00067379 5.9708e-05 6.7149e-06 1.7443e-07
2.4945e-05 0.31775 3.808e-08 0.0022644 0.00067343 5.9857e-05 6.7803e-06 2.1888e-07
2.4922e-05 0.30857 3.1431e-08 0.0022523 0.00067306 5.999e-05 6.8348e-06 2.5873e-07
2.4904e-05 0.30133 2.7433e-08 0.0022404 0.0006727 6.0134e-05 6.9035e-06 3.0058e-07
2.489e-05 0.29552 2.5063e-08 0.0022287 0.00067236 6.029e-05 6.9858e-06 3.4444e-07
2.4869e-05 0.28896 1.977e-08 0.0022169 0.00067201 6.0429e-05 7.0567e-06 3.8345e-07
2.484e-05 0.28196 3.0307e-08 0.0022049 0.00067163 6.055e-05 7.1156e-06 4.1746e-07
2.4815e-05 0.2591 4.4577e-08 0.0021932 0.00067127 6.0683e-05 7.1887e-06 4.536e-07
2.4796e-05 0.24114 6.4749e-08 0.0021816 0.00067094 6.0829e-05 7.2776e-06 4.9245e-07
2.4782e-05 0.22703 9.3487e-08 0.0021702 0.00067062 6.0988e-05 7.3831e-06 5.3427e-07
2.4773e-05 0.21593 1.3465e-07 0.0021589 0.00067033 6.116e-05 7.5061e-06 5.794e-07
2.4757e-05 0.20338 1.6691e-07 0.0021476 0.00067001 6.1315e-05 7.6162e-06 6.1914e-07
2.4732e-05 0.18902 1.9103e-07 0.0021362 0.00066968 6.1452e-05 7.7129e-06 6.5339e-07
2.4713e-05 0.14428 2.2781e-07 0.0021249 0.00066936 6.1602e-05 7.8311e-06 6.1763e-07
2.4685e-05 0.1376 2.5558e-07 0.0021136 0.00066903 6.1735e-05 7.9323e-06 6.9984e-07
2.4649e-05 0.12991 2.7516e-07 0.0021021 0.00066868 6.185e-05 8.0201e-06 7.7502e-07
2.4618e-05 0.12385 3.0596e-07 0.0020908 0.00066835 6.1977e-05 8.1241e-06 8.5578e-07
2.4578e-05 0.11687 3.2793e-07 0.0020794 0.000668 6.2085e-05 8.2146e-06 9.2945e-07
2.453e-05 0.10885 3.4189e-07 0.002068 0.00066763 6.2176e-05 8.2918e-06 9.9617e-07
2.4487e-05 0.10253 3.6671e-07 0.0020566 0.00066728 6.2279e-05 8.3852e-06 9.7234e-07
2.4436e-05 0.095244 3.83e-07 0.0020452 0.00066691 6.2363e-05 8.4651e-06 9.4263e-07
2.4389e-05 0.089512 4.1115e-07 0.002034 0.00066656 6.246e-05 8.5615e-06 9.1643e-07
2.4335e-05 0.082942 4.3431e-07 0.0020226 0.00066619 6.254e-05 8.6447e-06 8.8454e-07
2.4286e-05 0.077869 4.7281e-07 0.0020114 0.00066584 6.2632e-05 8.7461e-06 8.5651e-07
2.4242e-05 0.073956 5.3185e-07 0.0020004 0.00066551 6.2739e-05 8.8667e-06 8.3214e-07
2.4204e-05 0.070946 6.1955e-07 0.0019896 0.0006652 6.2859e-05 9.0075e-06 8.1126e-07
2.4171e-05 0.068599 7.5277e-07 0.0019789 0.00066491 6.2992e-05 9.1681e-06 7.9336e-07
2.4144e-05 0.066814 9.4694e-07 0.0019684 0.00066464 6.3139e-05 9.3515e-06 7.7871e-07
2.4122e-05 0.065471 1.0039e-06 0.0019581 0.0006644 6.33e-05 9.5595e-06 7.6722e-07
2.4106e-05 0.064478 9.9647e-07 0.0019479 0.00066417 6.3476e-05 9.7937e-06 7.588e-07
2.4096e-05 0.063769 9.1519e-07 0.0019378 0.00066396 6.3666e-05 1.0056e-05 7.534e-07
2.4091e-05 0.063293 8.6576e-07 0.001928 0.00066378 6.387e-05 1.0349e-05 7.5096e-07
2.4091e-05 0.063004 6.9004e-07 0.0019182 0.00066361 6.4087e-05 1.0673e-05 7.5111e-07
2.4083e-05 0.062607 4.7501e-07 0.0019084 0.00066342 6.4287e-05 1.0975e-05 7.4605e-07
2.408e-05 0.062399 3.2676e-07 0.0018987 0.00066326 6.45e-05 1.1312e-05 7.4391e-07
2.407e-05 0.062088 1.4534e-07 0.001889 0.00066307 6.4696e-05 1.1626e-05 7.3657e-07
2.4064e-05 0.061948 2.3937e-08 0.0018794 0.00066291 6.4905e-05 1.1973e-05 7.3178e-07
2.405e-05 0.061706 6.5312e-09 0.0018697 0.00066273 6.5096e-05 1.2298e-05 7.218e-07
2.4027e-05 0.061359 4.7995e-09 0.0018599 0.00066252 6.5268e-05 1.26e-05 7.0659e-07
2.4011e-05 0.061196 3.3337e-09 0.0018503 0.00066234 6.5455e-05 1.2938e-05 6.943e-07
2.3986e-05 0.060932 7.5952e-09 0.0018406 0.00066214 6.5624e-05 1.3253e-05 6.7683e-07
2.3966e-05 0.059506 1.2933e-08 0.0018311 0.00066196 6.5807e-05 1.3604e-05 6.6216e-07
2.3952e-05 0.058431 2.0005e-08 0.0018216 0.0006618 6.6005e-05 1.3993e-05 6.501e-07
2.392e-05 0.047772 5.9919e-08 0.0017584 0.00066101 6.7593e-05 1.4171e-05 5.8878e-07
2.3918e-05 0.046098 5.8705e-08 0.0017497 0.00066093 6.7832e-05 1.423e-05 5.7907e-07
2.3919e-05 0.044709 5.9499e-08 0.001741 0.00066085 6.808e-05 1.4304e-05 5.7041e-07
2.3924e-05 0.043575 6.2517e-08 0.0017324 0.00066079 6.8339e-05 1.4396e-05 5.6298e-07
2.3931e-05 0.042637 6.7698e-08 0.001724 0.00066075 6.8607e-05 1.4503e-05 5.5648e-07
2.3942e-05 0.041869 7.5413e-08 0.0017156 0.00066072 6.8885e-05 1.4627e-05 5.5089e-07
2.3946e-05 0.041025 7.9996e-08 0.0017072 0.00066067 6.9148e-05 1.474e-05 5.4139e-07
2.3954e-05 0.040099 8.1503e-08 0.0016987 0.00066061 6.9423e-05 1.4843e-05 5.2797e-07
2.3956e-05 0.039077 7.9856e-08 0.0016902 0.00066054 6.9684e-05 1.4934e-05 5.1053e-07
2.396e-05 0.034532 8.0706e-08 0.0016818 0.00066048 6.9954e-05 1.5041e-05 4.9404e-07
2.3968e-05 0.030687 8.4015e-08 0.0016734 0.00066044 7.0233e-05 1.5165e-05 4.7842e-07
2.3979e-05 0.027469 9.0265e-08 0.0016652 0.0006604 7.0523e-05 1.5308e-05 4.6383e-07
2.3993e-05 0.024742 9.9613e-08 0.0016571 0.00066039 7.0824e-05 1.5469e-05 4.4998e-07
2.4011e-05 0.022459 1.1319e-07 0.0016491 0.00066039 7.1135e-05 1.5651e-05 4.3705e-07
2.4022e-05 0.020002 1.2293e-07 0.001641 0.00066037 7.1432e-05 1.582e-05 4.2027e-07
2.4025e-05 0.017961 1.3762e-07 0.001633 0.00066037 7.1708e-05 1.6011e-05 4.0447e-07
2.4021e-05 0.015743 1.4799e-07 0.001625 0.00066035 7.1969e-05 1.6193e-05 3.8469e-07
2.402e-05 0.013881 1.6341e-07 0.0016171 0.00066035 7.2241e-05 1.6397e-05 3.6564e-07
2.4012e-05 0.011937 1.7441e-07 0.0016091 0.00066034 7.2497e-05 1.6587e-05 3.427e-07
2.3998e-05 0.0098279 1.8122e-07 0.001601 0.00066031 7.2739e-05 1.6764e-05 3.1588e-07
2.3986e-05 0.0080598 1.9308e-07 0.0015931 0.00066029 7.2991e-05 1.6962e-05 2.8977e-07
2.3979e-05 0.0065755 2.1088e-07 0.0015853 0.00066029 7.3253e-05 1.7182e-05 2.6426e-07
2.3964e-05 0.0064655 2.2384e-07 0.0015774 0.00066028 7.3501e-05 1.7388e-05 2.3492e-07
2.3953e-05 0.0063961 2.4336e-07 0.0015696 0.00066028 7.3759e-05 1.7616e-05 2.0614e-07
2.3945e-05 0.0063651 2.71e-07 0.0015619 0.00066029 7.4028e-05 1.7867e-05 1.7779e-07
2.3942e-05 0.0063754 3.101e-07 0.0015543 0.00066032 7.4309e-05 1.8146e-05 1.4994e-07
2.3941e-05 0.0064255 3.6348e-07 0.0015468 0.00066036 7.4601e-05 1.8451e-05 1.223e-07
2.3934e-05 0.0064485 4.0688e-07 0.0015392 0.00066039 7.4877e-05 1.8739e-05 9.0899e-08
2.3919e-05 0.0064435 4.4114e-07 0.0015316 0.0006604 7.5136e-05 1.9009e-05 1.0742e-07
2.3897e-05 0.0064102 4.6706e-07 0.0015239 0.0006604 7.5379e-05 1.9261e-05 1.2047e-07
2.3878e-05 0.0064197 5.0608e-07 0.0015164 0.00066041 7.5633e-05 1.954e-05 1.3313e-07
2.3864e-05 0.0064742 5.6247e-07 0.0015089 0.00066044 7.5901e-05 1.985e-05 1.455e-07
2.3855e-05 0.006579 6.4313e-07 0.0015015 0.00066049 7.6183e-05 1.9735e-05 1.5774e-07
2.3837e-05 0.0066474 7.0692e-07 0.0014941 0.00066051 7.6446e-05 1.9601e-05 1.6623e-07
2.3811e-05 0.006679 7.556e-07 0.0014868 0.00066056 7.6689e-05 1.9449e-05 1.7092e-07
2.379e-05 0.0067638 7.4723e-07 0.0014796 0.00066063 7.6948e-05 1.9323e-05 1.756e-07
2.3774e-05 0.0065724 6.7157e-07 0.0014725 0.00066072 7.7223e-05 1.9225e-05 1.8049e-07
2.3755e-05 0.0063768 5.9464e-07 0.0014654 0.00066081 7.7492e-05 1.9125e-05 1.83e-07
2.3733e-05 0.0061772 5.1647e-07 0.0014583 0.00066089 7.7754e-05 1.9022e-05 1.8312e-07
2.3707e-05 0.0059733 4.3703e-07 0.0014512 0.00066096 7.801e-05 1.8918e-05 1.8085e-07
2.3672e-05 0.0057449 3.4804e-07 0.0014441 0.00066102 7.8245e-05 1.8794e-05 1.7471e-07
2.3644e-05 0.0054268 2.3616e-07 0.0014368 0.00066105 7.8499e-05 1.8606e-05 2.2379e-07
2.3608e-05 0.0050488 2.2895e-07 0.0014295 0.00066107 7.8734e-05 1.8398e-05 2.6782e-07
2.3575e-05 0.0047518 2.2042e-07 0.0014223 0.00066111 7.8982e-05 1.8215e-05 3.137e-07
2.3536e-05 0.0044106 2.1057e-07 0.0014151 0.00066113 7.9214e-05 1.8017e-05 3.5508e-07
2.3499e-05 0.0041348 1.9941e-07 0.0014079 0.00066116 7.9456e-05 1.784e-05 3.9793e-07
2.3456e-05 0.0038257 1.8368e-07 0.0014007 0.00066118 7.9684e-05 1.7651e-05 4.367e-07
2.3416e-05 0.0035717 1.7327e-07 0.0013936 0.00066121 7.9922e-05 1.7481e-05 4.7676e-07
2.3379e-05 0.0033634 1.6731e-07 0.0013865 0.00066126 8.0169e-05 1.733e-05 5.1821e-07
2.3344e-05 0.0031297 1.5753e-07 0.0013794 0.00066129 8.0426e-05 1.7167e-05 5.5559e-07
2.3312e-05 0.0029392 1.5207e-07 0.0013724 0.00066133 8.0693e-05 1.7023e-05 5.9453e-07
2.3275e-05 0.0027279 1.4326e-07 0.0013654 0.00066139 8.0947e-05 1.6869e-05 6.2963e-07
2.3232e-05 0.0024963 1.3123e-07 0.0013585 0.00066144 8.119e-05 1.6706e-05 6.6105e-07
2.3191e-05 0.0023025 1.2286e-07 0.0013516 0.0006615 8.144e-05 1.6559e-05 6.9371e-07
2.3152e-05 0.0021404 1.1759e-07 0.0013447 0.00066156 8.17e-05 1.6429e-05 7.2765e-07
2.3108e-05 0.0019626 1.0955e-07 0.0013379 0.00066162 8.1947e-05 1.629e-05 7.5799e-07
2.3066e-05 0.0018129 1.0428e-07 0.0013311 0.00066169 8.2203e-05 1.6166e-05 7.8959e-07
2.3026e-05 0.0016875 1.0149e-07 0.0013243 0.00066177 8.2466e-05 1.6057e-05 8.2251e-07
2.298e-05 0.0015495 9.6199e-08 0.0013176 0.00066184 8.2719e-05 1.594e-05 8.5191e-07
2.2937e-05 0.0014319 9.2996e-08 0.0013109 0.00066192 8.2978e-05 1.5836e-05 8.8242e-07
2.2895e-05 0.0013321 9.1741e-08 0.0013042 0.00066201 8.3245e-05 1.4854e-05 9.1413e-07
2.2847e-05 0.0012213 8.8081e-08 0.0012976 0.00066209 8.3501e-05 1.3852e-05 9.423e-07
2.2802e-05 0.0011281 8.6503e-08 0.001291 0.00066218 8.3764e-05 1.2903e-05 9.7194e-07
2.2752e-05 0.0010245 8.2559e-08 0.0012843 0.00066226 8.4016e-05 1.1937e-05 9.9804e-07
2.2703e-05 0.00093568 8.0377e-08 0.0012778 0.00066235 8.4276e-05 1.1017e-05 1.0254e-06
2.2655e-05 0.00086101 8.0081e-08 0.0012713 0.00066245 8.4543e-05 1.0146e-05 1.0543e-06
2.2603e-05 0.00077661 7.7419e-08 0.0012647 0.00066254 8.4799e-05 1.0185e-05 1.0796e-06
2.2546e-05 0.0006823 7.2381e-08 0.0012582 0.00066262 8.5044e-05 1.0218e-05 1.1013e-06
2.249e-05 0.00060034 6.8968e-08 0.0012517 0.0006627 8.5296e-05 1.0261e-05 1.1244e-06
2.2435e-05 0.00052905 6.7036e-08 0.0012452 0.0006628 8.5555e-05 1.0312e-05 1.1488e-06
2.2376e-05 0.0004491 6.2863e-08 0.0012388 0.00066289 8.5803e-05 1.0358e-05 1.1696e-06
2.2318e-05 0.00037974 6.0276e-08 0.0012324 0.00066299 8.6059e-05 1.0413e-05 1.1921e-06
2.2255e-05 0.00030208 5.5481e-08 0.001226 0.00066308 8.6304e-05 1.0463e-05 1.2111e-06
2.2194e-05 0.00023301 5.1969e-08 0.0012196 0.00066318 8.6556e-05 1.0522e-05 1.2315e-06
2.2128e-05 0.00015572 4.6237e-08 0.0012132 0.00066327 8.6797e-05 1.0574e-05 1.2482e-06
2.2056e-05 0.00018057 3.8253e-08 0.0012068 0.00066335 8.7027e-05 1.062e-05 1.2613e-06
2.198e-05 0.00019928 2.7978e-08 0.0012003 0.00066342 8.7245e-05 1.066e-05 1.2707e-06
2.1905e-05 0.00022087 1.9175e-08 0.0011939 0.0006635 8.7472e-05 1.071e-05 1.2818e-06
2.1832e-05 0.00024583 1.1421e-08 0.0011876 0.00066359 8.7707e-05 1.0771e-05 1.2947e-06
2.1754e-05 0.0002645 1.6385e-09 0.0011813 0.00066367 8.793e-05 1.0826e-05 1.304e-06
2.1671e-05 0.00027689 9.2856e-10 0.0011749 0.00066374 8.8143e-05 1.0874e-05 1.3097e-06
2.1583e-05 0.00028293 3.6172e-09 0.0011685 0.0006638 8.8344e-05 1.0915e-05 1.3117e-06
2.1496e-05 0.00029236 5.8295e-09 0.0011621 0.00066387 8.8554e-05 1.0967e-05 1.3154e-06
2.1411e-05 0.00030487 7.6016e-09 0.0011559 0.00066396 8.8771e-05 1.1029e-05 1.3207e-06
2.1328e-05 0.00032125 9.079e-09 0.0011496 0.00066405 8.8995e-05 1.1102e-05 1.3278e-06
2.1246e-05 0.00034185 1.0331e-08 0.0011435 0.00066415 8.9228e-05 1.1186e-05 1.3367e-06
2.1166e-05 0.00036717 1.1418e-08 0.0011373 0.00066426 8.947e-05 1.1282e-05 1.3474e-06
2.1088e-05 0.00039779 1.239e-08 0.0011313 0.00066438 8.9719e-05 1.1389e-05 1.36e-06
2.1011e-05 0.00043373 1.3209e-08 0.0011253 0.00066451 8.9976e-05 1.1507e-05 1.3743e-06
2.0935e-05 0.00047648 1.3997e-08 0.0011193 0.00066466 9.0242e-05 1.1637e-05 1.3904e-06
2.0862e-05 0.00052705 1.4794e-08 0.0011135 0.00066481 9.0515e-05 1.178e-05 1.4086e-06
2.0783e-05 0.00056966 1.381e-08 0.0011075 0.00066495 9.0778e-05 1.1915e-05 1.423e-06
2.0699e-05 0.0006044 1.1037e-08 0.0011016 0.00066508 9.1029e-05 1.2044e-05 1.4337e-06
2.061e-05 0.00063134 2.4662e-08 0.0010957 0.0006652 9.1269e-05 1.2165e-05 1.4405e-06
2.0522e-05 0.00066536 4.0372e-08 0.0010897 0.00066533 9.1516e-05 1.2298e-05 1.4492e-06
2.0436e-05 0.00070808 3.5649e-08 0.0010839 0.00066548 9.1772e-05 1.2445e-05 1.4599e-06
2.0345e-05 0.00074274 6.2482e-08 0.001078 0.00066561 9.2017e-05 1.2584e-05 1.4668e-06
2.0249e-05 0.00076926 8.5991e-08 0.0010721 0.00066573 9.225e-05 1.2716e-05 1.47e-06
2.0155e-05 0.00080467 1.1475e-07 0.0010663 0.00066587 9.2492e-05 1.2861e-05 1.4753e-06
2.0062e-05 0.00084883 1.4956e-07 0.0010605 0.00066601 9.2742e-05 1.3019e-05 1.4823e-06
1.9963e-05 0.00088468 1.8049e-07 0.0010546 0.00066614 9.298e-05 1.317e-05 1.4856e-06
1.986e-05 0.00091212 2.0757e-07 0.0010488 0.00066626 9.3207e-05 1.3313e-05 1.4851e-06
1.9752e-05 0.00093119 2.3093e-07 0.0010429 0.00066638 9.3423e-05 1.3449e-05 1.4809e-06
1.9645e-05 0.00095898 2.6032e-07 0.0010371 0.0006665 9.3647e-05 1.3598e-05 1.4784e-06
1.9539e-05 0.00099704 2.4258e-07 0.0010314 0.00066663 9.3879e-05 1.3761e-05 1.478e-06
1.9429e-05 0.0010266 2.2139e-07 0.0010256 0.00066676 9.41e-05 1.3916e-05 1.4739e-06
1.932e-05 0.001066 2.0513e-07 0.0010198 0.00066687 9.4328e-05 1.4085e-05 1.4716e-06
1.9212e-05 0.001117 1.9348e-07 0.001014 0.00066699 9.4565e-05 1.4269e-05 1.4712e-06
1.91e-05 0.0011588 1.7867e-07 0.0010082 0.00066711 9.4791e-05 1.4445e-05 1.4671e-06
1.8988e-05 0.0012118 1.6768e-07 0.0010025 0.00066723 9.5025e-05 1.4635e-05 1.4648e-06
1.8878e-05 0.0012783 1.6038e-07 0.00099681 0.00066736 9.5267e-05 1.484e-05 1.4644e-06
1.8763e-05 0.001335 1.502e-07 0.0009911 0.00066748 9.5499e-05 1.5038e-05 1.4603e-06
1.8649e-05 0.001406 1.4342e-07 0.00098545 0.00066762 9.5738e-05 1.5252e-05 1.4582e-06
1.8531e-05 0.0014673 1.3392e-07 0.00097977 0.00066774 9.5967e-05 1.5458e-05 1.4525e-06
1.8407e-05 0.0015186 1.2158e-07 0.00097408 0.00066785 9.6184e-05 1.5656e-05 1.443e-06
1.8285e-05 0.0015848 1.1246e-07 0.00096843 0.00066798 9.6411e-05 1.587e-05 1.4354e-06
1.8164e-05 0.0016661 1.0588e-07 0.00096283 0.00066811 9.6644e-05 1.61e-05 1.4296e-06
1.8038e-05 0.0017365 9.6674e-08 0.00095721 0.00066823 9.6867e-05 1.6322e-05 1.4201e-06
1.7914e-05 0.0018245 9.0035e-08 0.00095164 0.00066837 9.7098e-05 1.6561e-05 1.4125e-06
1.7784e-05 0.0019013 8.0859e-08 0.00094605 0.00066849 9.7318e-05 1.6792e-05 1.4011e-06
1.7656e-05 0.0019952 7.3759e-08 0.0009405 0.00066863 9.7546e-05 1.7039e-05 1.3915e-06
1.7522e-05 0.0020776 6.4193e-08 0.00093493 0.00066875 9.7763e-05 1.7277e-05 1.3781e-06
1.739e-05 0.0021801 5.6697e-08 0.00092941 0.00066889 9.7988e-05 1.7534e-05 1.3666e-06
1.7259e-05 0.0023031 5.072e-08 0.00092394 0.00066903 9.8222e-05 1.7809e-05 1.3568e-06
1.7129e-05 0.0024492 4.6018e-08 0.00091852 0.00066918 9.8463e-05 1.8103e-05 1.3485e-06
1.7001e-05 0.0026237 4.2567e-08 0.00091314 0.00066934 9.8714e-05 1.8417e-05 1.3421e-06
1.6873e-05 0.0028307 4.0208e-08 0.00090774 0.0006695 9.8974e-05 1.8753e-05 1.3376e-06
1.6747e-05 0.0027606 3.8676e-08 0.00090238 0.00066966 9.9242e-05 1.9111e-05 1.3347e-06
1.6622e-05 0.0027109 3.8051e-08 0.00089708 0.00066983 9.9519e-05 1.9493e-05 1.3336e-06
1.6498e-05 0.0026804 3.8302e-08 0.00089182 0.00067001 9.9806e-05 1.99e-05 1.3344e-06
1.6375e-05 0.0026669 3.9292e-08 0.00088661 0.0006702 0.0001001 2.0331e-05 1.3367e-06
1.6248e-05 0.0026424 3.8256e-08 0.00088137 0.00067038 0.00010038 2.0752e-05 1.3353e-06
1.6121e-05 0.0026346 3.7962e-08 0.00087618 0.00067057 0.00010068 2.1197e-05 1.3355e-06
1.5995e-05 0.0026436 3.8404e-08 0.00087104 0.00067077 0.00010098 2.1669e-05 1.3373e-06
1.5864e-05 0.0026411 3.6774e-08 0.00086587 0.00067096 0.00010127 2.2129e-05 1.3354e-06
1.5728e-05 0.0026271 3.305e-08 0.00086068 0.00067114 0.00010154 2.2577e-05 1.3297e-06
1.5593e-05 0.0026317 3.0227e-08 0.00085553 0.00067133 0.00010183 2.3054e-05 1.3259e-06
1.546e-05 0.0026552 2.8186e-08 0.00085044 0.00067154 0.00010213 2.3563e-05 1.3242e-06
1.5328e-05 0.0026972 2.6726e-08 0.00084539 0.00067175 0.00010243 2.4102e-05 1.3241e-06
1.519e-05 0.0027258 2.3152e-08 0.00084032 0.00067195 0.00010273 2.4626e-05 1.3201e-06
1.5054e-05 0.0027768 2.0367e-08 0.0008353 0.00067217 0.00010303 2.5188e-05 1.3184e-06
1.4913e-05 0.0028124 1.5353e-08 0.00083024 0.00067237 0.00010332 2.573e-05 1.3124e-06
1.4765e-05 0.00283 2.5982e-08 0.00082515 0.00067255 0.0001036 2.6252e-05 1.3013e-06
1.462e-05 0.0028734 2.2757e-08 0.00082012 0.00067276 0.00010389 2.6814e-05 1.2933e-06
1.4477e-05 0.0026892 2.0745e-08 0.00081516 0.00067298 0.00010419 2.6767e-05 1.2899e-06
1.4328e-05 0.0024778 1.6264e-08 0.00081016 0.00067318 0.00010448 2.6704e-05 1.2814e-06
1.4172e-05 0.0022353 9.1464e-09 0.00080511 0.00067337 0.00010475 2.6627e-05 1.2676e-06
1.401e-05 0.0019582 1.3228e-08 0.00080002 0.00067354 0.000105 2.6533e-05 1.2486e-06
1.385e-05 0.0017331 1.806e-08 0.00079499 0.00067373 0.00010527 2.6464e-05 1.2326e-06
1.3684e-05 0.0014773 2.0502e-08 0.00078992 0.0006739 0.00010552 2.6379e-05 1.2115e-06
1.3511e-05 0.001187 5.9681e-08 0.00078481 0.00067406 0.00010575 2.6279e-05 1.1852e-06
1.334e-05 0.0009501 1.0936e-07 0.00077977 0.00067423 0.000106 2.6202e-05 1.1621e-06
1.3163e-05 0.00097563 1.5214e-07 0.00077468 0.00067439 0.00010623 2.6111e-05 1.1338e-06
1.2989e-05 0.001017 2.0816e-07 0.00076965 0.00067456 0.00010648 2.6045e-05 1.109e-06
1.2818e-05 0.0010756 2.1379e-07 0.0007647 0.00067475 0.00010674 2.6004e-05 1.0877e-06
1.265e-05 0.0011537 2.2526e-07 0.00075981 0.00067496 0.00010702 2.5988e-05 1.0695e-06
1.2485e-05 0.0010945 2.0075e-07 0.00075499 0.00067519 0.00010732 2.5997e-05 1.0545e-06
1.2313e-05 0.0010207 1.7065e-07 0.00075013 0.0006754 0.0001076 2.5991e-05 1.0346e-06
1.2143e-05 0.00096324 1.4775e-07 0.00074533 0.00067562 0.00010789 2.6007e-05 1.0171e-06
1.1975e-05 0.00091976 1.3046e-07 0.00074058 0.00067586 0.0001082 2.6044e-05 1.002e-06
1.181e-05 0.0008886 1.1764e-07 0.00073589 0.00067612 0.00010853 2.6103e-05 9.8898e-07
1.1645e-05 0.00086869 1.0853e-07 0.00073125 0.00067639 0.00010886 2.6183e-05 9.7812e-07
1.1475e-05 0.00083811 9.6019e-08 0.00072658 0.00067664 0.00010918 2.625e-05 9.6279e-07
1.1307e-05 0.00081837 8.6881e-08 0.00072196 0.00067691 0.00010952 2.6339e-05 9.4955e-07
1.1141e-05 0.00080891 8.0617e-08 0.0007174 0.00067719 0.00010987 2.645e-05 9.3835e-07
1.0968e-05 0.00079216 7.1106e-08 0.00071279 0.00067746 0.0001102 2.6546e-05 9.2256e-07
1.0797e-05 0.00078556 6.4279e-08 0.00070824 0.00067774 0.00011055 2.6666e-05 9.0883e-07
1.0628e-05 0.00078902 5.9736e-08 0.00070375 0.00067804 0.00011091 2.6808e-05 8.9713e-07
9.954e-06 0.00087149 4.1849e-08 0.00068614 0.00067932 0.00011245 2.7555e-05 8.5847e-07
9.7781e-06 0.0008864 3.2037e-08 0.00068173 0.00067963 0.00011282 2.7743e-05 8.4399e-07
9.6049e-06 0.00091693 2.499e-08 0.00067739 0.00067997 0.00011321 2.7964e-05 8.3235e-07
9.4345e-06 0.00089642 2.2776e-08 0.00067312 0.00068032 0.00011363 2.796e-05 7.7759e-07
9.2667e-06 0.00089109 2.1763e-08 0.00066891 0.00068069 0.00011406 2.7984e-05 7.2686e-07
9.1013e-06 0.00090055 2.2232e-08 0.00066475 0.00068108 0.00011452 2.8036e-05 6.7984e-07
8.9275e-06 0.00079104 2.384e-08 0.00066066 0.00068148 0.00011495 2.8118e-05 6.3649e-07
8.756e-06 0.00070461 2.6596e-08 0.00065663 0.00068191 0.00011539 2.8227e-05 5.9606e-07
8.5865e-06 0.00063655 3.0659e-08 0.00065266 0.00068235 0.00011586 2.8363e-05 5.5821e-07
8.4189e-06 0.00058346 3.6314e-08 0.00064874 0.00068281 0.00011634 2.7962e-05 5.2266e-07
8.2529e-06 0.00054242 4.3846e-08 0.00064487 0.00068329 0.00011684 2.7596e-05 4.8902e-07
8.0888e-06 0.00051236 5.3977e-08 0.00064105 0.00068378 0.00011736 2.7265e-05 4.5731e-07
7.9259e-06 0.00049089 6.7093e-08 0.00063729 0.00068429 0.0001179 2.6964e-05 4.27e-07
7.7647e-06 0.00047795 5.9648e-08 0.00063357 0.00068482 0.00011846 2.6693e-05 3.9815e-07
7.6047e-06 0.00047276 5.4624e-08 0.0006299 0.00068536 0.00011903 2.6451e-05 3.7052e-07
7.446e-06 0.00047501 5.162e-08 0.00062629 0.00068591 0.00011962 2.6235e-05 3.4389e-07
7.2884e-06 0.0004848 5.0441e-08 0.00062271 0.00068649 0.00012023 2.6045e-05 3.181e-07
7.1251e-06 0.00048567 4.6617e-08 0.00061911 0.00068705 0.00012082 2.584e-05 2.8852e-07
6.9628e-06 0.00049409 4.4504e-08 0.00061555 0.00068762 0.00012143 2.5661e-05 2.5966e-07
6.795e-06 0.00049381 3.9853e-08 0.00061196 0.00068818 0.00012203 2.5468e-05 2.2714e-07
6.6282e-06 0.00050123 3.6791e-08 0.00060842 0.00068876 0.00012264 2.5299e-05 1.9527e-07
6.4621e-06 0.00051597 3.4956e-08 0.00060491 0.00068935 0.00012327 2.5152e-05 1.6374e-07
6.2904e-06 0.00052154 3.065e-08 0.00060138 0.00068992 0.00012388 2.4992e-05 1.2858e-07
6.1198e-06 0.00053585 2.7722e-08 0.00059789 0.00069052 0.00012451 2.4856e-05 9.3952e-08
5.9503e-06 0.00055998 2.6027e-08 0.00059445 0.00069113 0.00012516 2.4743e-05 5.976e-08
5.7749e-06 0.00057347 2.1805e-08 0.00059098 0.00069172 0.00012579 2.4616e-05 2.1843e-08
5.5934e-06 0.00057538 3.6534e-08 0.00058746 0.0006923 0.00012639 2.4472e-05 1.9802e-08
5.8449e-06 0.00056562 4.7513e-08 0.00058391 0.00069286 0.00012691 2.4311e-05 4.2758e-08
6.0987e-06 0.00056587 4.1688e-08 0.00058041 0.00069343 0.00012745 2.3328e-05 6.5252e-08
6.3548e-06 0.0005759 3.7915e-08 0.00057695 0.00069403 0.000128 2.2416e-05 8.7399e-08
6.6127e-06 0.00059428 3.5499e-08 0.00057353 0.00069464 0.00012858 2.1562e-05 1.0907e-07
6.8726e-06 0.00062194 3.4338e-08 0.00057016 0.00069526 0.00012917 2.0765e-05 1.3043e-07
7.1344e-06 0.00065935 3.4274e-08 0.00056683 0.0006959 0.00012978 2.002e-05 1.5152e-07
7.3982e-06 0.00070744 3.5258e-08 0.00056354 0.00069655 0.0001304 1.9323e-05 1.724e-07
7.6635e-06 0.00076638 3.7165e-08 0.00056029 0.00069722 0.00013105 1.8667e-05 1.9298e-07
7.9308e-06 0.00083895 4.0272e-08 0.00055707 0.0006979 0.00013171 1.8054e-05 2.1348e-07
8.2002e-06 0.00092742 4.4794e-08 0.00055389 0.0006986 0.00013238 1.748e-05 2.3399e-07
8.4637e-06 0.0010037 4.6856e-08 0.00055069 0.00069928 0.00013304 1.6887e-05 2.5109e-07
8.7294e-06 0.0010974 5.0471e-08 0.00054752 0.00069998 0.00013372 1.6333e-05 2.6824e-07
8.9972e-06 0.0010402 5.591e-08 0.00054439 0.00070069 0.00013442 1.5814e-05 2.8554e-07
9.2669e-06 0.00099603 6.3313e-08 0.0005413 0.00070142 0.00013513 1.5328e-05 3.0288e-07
9.5306e-06 0.00094068 6.789e-08 0.00053817 0.00070213 0.00013583 1.4824e-05 3.1671e-07
9.7967e-06 0.00089894 4.834e-08 0.00053509 0.00070286 0.00013654 1.4354e-05 3.3081e-07
1.0057e-05 0.00084624 2.5044e-08 0.00053198 0.00070358 0.00013724 1.3868e-05 3.4137e-07
1.0319e-05 0.00080531 5.7979e-09 0.0005289 0.0007043 0.00013795 1.3412e-05 3.5206e-07
1.0575e-05 0.00075384 4.5924e-09 0.00052579 0.00070502 0.00013865 1.294e-05 3.5924e-07
1.0834e-05 0.00071465 3.1253e-09 0.00052273 0.00070575 0.00013937 1.2499e-05 3.6677e-07
1.1086e-05 0.000665 8.5239e-09 0.00051963 0.00070647 0.00014007 1.2043e-05 3.7074e-07
1.1341e-05 0.00062547 1.4416e-08 0.00051657 0.0007072 0.00014079 1.1614e-05 3.7482e-07
1.159e-05 0.00057613 1.8119e-08 0.00051348 0.00070792 0.00014149 1.1171e-05 3.7541e-07
1.1833e-05 0.00051675 1.97e-08 0.00051037 0.00070862 0.00014217 1.0714e-05 3.7254e-07
1.207e-05 0.00062739 1.9177e-08 0.00050723 0.00070931 0.00014284 1.0241e-05 3.662e-07
1.2309e-05 0.00075754 1.9156e-08 0.00050412 0.00071002 0.00014353 9.7971e-06 3.6007e-07
1.255e-05 0.0009088 1.9472e-08 0.00050105 0.00071074 0.00014423 9.3791e-06 3.5392e-07
1.2784e-05 0.0010871 2.0251e-08 0.00049801 0.00071147 0.00014491 8.9869e-06 3.479e-07
1.302e-05 0.0012947 2.139e-08 0.000495 0.00071222 0.0001456 8.6169e-06 3.4179e-07
1.325e-05 0.0014846 2.0495e-08 0.00049196 0.00071295 0.00014628 8.2351e-06 3.3234e-07
1.3482e-05 0.0017088 2.0066e-08 0.00048896 0.0007137 0.00014698 7.8762e-06 3.2293e-07
1.3716e-05 0.0019734 2.0071e-08 0.00048599 0.00071446 0.0001477 7.539e-06 3.1351e-07
1.3953e-05 0.0022858 2.052e-08 0.00048305 0.00071523 0.00014843 7.2222e-06 3.0405e-07
1.4184e-05 0.002574 1.8942e-08 0.00048009 0.000716 0.00014914 6.8947e-06 2.9129e-07
1.4417e-05 0.0025663 1.7813e-08 0.00047716 0.00071677 0.00014988 6.5871e-06 2.7851e-07
1.4652e-05 0.0025787 1.707e-08 0.00047426 0.00071756 0.00015063 6.2985e-06 2.6566e-07
1.4882e-05 0.0025782 1.4657e-08 0.00047134 0.00071834 0.00015137 5.9999e-06 2.4955e-07
1.5114e-05 0.0025964 1.2453e-08 0.00046845 0.00071913 0.00015212 5.7182e-06 2.3319e-07
1.534e-05 0.0026016 8.3064e-09 0.00046553 0.00071991 0.00015286 5.4267e-06 2.1358e-07
1.5569e-05 0.0026257 4.2734e-09 0.00046264 0.0007207 0.00015362 5.1518e-06 1.937e-07
1.5791e-05 0.0026361 8.0035e-09 0.00045973 0.00072148 0.00015436 4.8666e-06 1.7052e-07
1.6016e-05 0.0026676 1.1908e-08 0.00045685 0.00072228 0.00015511 4.5989e-06 1.4719e-07
1.6235e-05 0.0026898 1.3866e-08 0.00045395 0.00072306 0.00015586 4.321e-06 1.9201e-07
1.6457e-05 0.0027318 1.5975e-08 0.00045108 0.00072385 0.00015661 4.0585e-06 2.3749e-07
1.668e-05 0.0027955 1.8395e-08 0.00044823 0.00072466 0.00015739 3.8108e-06 2.8387e-07
1.6906e-05 0.0028802 2.1089e-08 0.00044541 0.00072548 0.00015818 3.5756e-06 3.3098e-07
1.7133e-05 0.0029874 2.4152e-08 0.00044262 0.00072631 0.00015899 3.3521e-06 3.7888e-07
1.7362e-05 0.0031191 2.77e-08 0.00043985 0.00072716 0.00015981 3.1393e-06 4.2765e-07
1.7586e-05 0.0032368 2.9282e-08 0.00043706 0.00072799 0.00016062 2.9199e-06 4.7295e-07
1.7812e-05 0.0033802 3.1392e-08 0.0004343 0.00072884 0.00016145 2.7108e-06 5.1914e-07
1.8039e-05 0.0035547 3.4259e-08 0.00043156 0.00072969 0.00016229 2.512e-06 5.6657e-07
1.8262e-05 0.0037131 3.5095e-08 0.0004288 0.00073054 0.00016312 2.3069e-06 6.1045e-07
1.8486e-05 0.0039024 3.6592e-08 0.00042606 0.00073139 0.00016396 2.1109e-06 6.554e-07
1.8712e-05 0.0041295 3.8965e-08 0.00042335 0.00073226 0.00016482 1.9244e-06 7.0176e-07
1.894e-05 0.0043964 4.217e-08 0.00042066 0.00073314 0.00016569 1.7459e-06 7.4942e-07
1.9162e-05 0.0046439 4.3306e-08 0.00041795 0.00073401 0.00016655 1.5617e-06 7.935e-07
1.9387e-05 0.0049347 4.5341e-08 0.00041526 0.00073489 0.00016743 1.3854e-06 8.3895e-07
1.9606e-05 0.0052038 4.5244e-08 0.00042148 0.00073568 0.00016829 1.4511e-06 8.8073e-07
1.9828e-05 0.0055237 4.6232e-08 0.00042775 0.00073648 0.00016917 1.5203e-06 9.2421e-07
2.0044e-05 0.0058216 4.5139e-08 0.000434 0.00073727 0.00017004 1.5853e-06 9.6409e-07
2.0256e-05 0.0060985 4.1965e-08 0.00044023 0.00073806 0.00017089 1.646e-06 1.0004e-06
2.0469e-05 0.0064243 3.9683e-08 0.0004465 0.00073885 0.00017176 1.7098e-06 1.0381e-06
2.0677e-05 0.0067276 3.5348e-08 0.00045275 0.00073963 0.00017262 1.7694e-06 1.0723e-06
2.088e-05 0.0070085 2.8903e-08 0.00045897 0.0007404 0.00017346 1.8247e-06 1.1028e-06
2.1085e-05 0.0073443 2.3434e-08 0.00046524 0.00074119 0.00017432 1.8836e-06 1.135e-06
2.1292e-05 0.0077428 1.868e-08 0.00047157 0.00074199 0.0001752 1.9462e-06 1.1691e-06
2.1502e-05 0.0082135 1.4416e-08 0.00047794 0.0007428 0.00017609 2.0127e-06 1.2052e-06
2.1713e-05 0.0087611 1.0336e-08 0.00048436 0.00074362 0.000177 2.083e-06 1.243e-06
2.1927e-05 0.009397 6.2722e-09 0.00049083 0.00074445 0.00017793 2.1571e-06 1.2826e-06
2.2135e-05 0.0099944 1.2556e-08 0.00049727 0.00074527 0.00017884 2.2266e-06 1.3185e-06
2.2336e-05 0.010696 1.942e-08 0.00050377 0.0007461 0.00017974 2.3007e-06 1.3566e-06
2.254e-05 0.011519 2.7191e-08 0.00051032 0.00074694 0.00018065 2.3795e-06 1.397e-06
2.2739e-05 0.012296 3.29e-08 0.00051684 0.00074778 0.00018155 2.4536e-06 1.4336e-06
2.2939e-05 0.013196 3.9561e-08 0.00052341 0.00074862 0.00018246 2.5322e-06 1.4724e-06
2.3142e-05 0.014238 4.7452e-08 0.00053004 0.00074948 0.00018339 2.6153e-06 1.5133e-06
2.3339e-05 0.015222 5.3086e-08 0.00053663 0.00075032 0.00018431 2.6936e-06 1.5503e-06
2.3539e-05 0.016361 6.0138e-08 0.00054328 0.00075118 0.00018524 2.7766e-06 1.5895e-06
2.3733e-05 0.01744 6.4919e-08 0.0005499 0.00075203 0.00018616 2.8549e-06 1.6249e-06
2.3922e-05 0.018458 6.7395e-08 0.0005565 0.00075287 0.00018707 2.9282e-06 1.6563e-06
2.4113e-05 0.019639 7.1376e-08 0.00056315 0.00075372 0.00018799 3.0065e-06 1.6901e-06
2.4299e-05 0.020756 7.3049e-08 0.00056985 0.00075458 0.0001889 3.0798e-06 1.7199e-06
2.448e-05 0.021809 7.2365e-08 0.00057653 0.00075543 0.00018979 3.1482e-06 1.7457e-06
2.4663e-05 0.023046 7.3449e-08 0.00058326 0.00075629 0.00019071 3.2221e-06 1.7743e-06
2.4849e-05 0.024496 7.6356e-08 0.00059005 0.00075717 0.00019164 3.3018e-06 1.8057e-06
2.5037e-05 0.026195 8.1248e-08 0.0005969 0.00075805 0.00019259 3.3877e-06 1.84e-06
2.5221e-05 0.027803 8.3696e-08 0.00060372 0.00075893 0.00019353 3.4683e-06 1.8703e-06
2.5406e-05 0.029672 8.8099e-08 0.00061059 0.00075982 0.00019449 3.5549e-06 1.9034e-06
2.5595e-05 0.031849 9.4724e-08 0.00061753 0.00076072 0.00019547 3.648e-06 1.9394e-06
2.5787e-05 0.034427 1.0456e-07 0.00062453 0.00076164 0.00019647 3.7491e-06 1.9793e-06
2.5982e-05 0.037452 1.1771e-07 0.00063159 0.00076257 0.00019749 3.8578e-06 2.0226e-06
2.6181e-05 0.041058 1.0169e-07 0.00063872 0.00076352 0.00019853 3.9758e-06 1.8937e-06
2.6374e-05 0.044427 8.2151e-08 0.00064582 0.00076445 0.00019956 4.0868e-06 1.759e-06
2.6561e-05 0.047569 5.8741e-08 0.00065288 0.00076537 0.00020057 4.1906e-06 1.618e-06
2.6751e-05 0.051264 3.9763e-08 0.00066001 0.00076631 0.0002016 4.303e-06 1.4838e-06
2.6944e-05 0.055619 2.4161e-08 0.00066721 0.00076726 0.00020265 4.4244e-06 1.3562e-06
2.7142e-05 0.060833 1.1345e-08 0.00067448 0.00076823 0.00020373 4.5563e-06 1.2354e-06
2.7333e-05 0.065657 1.3867e-08 0.00068171 0.00076918 0.00020479 4.68e-06 1.1084e-06
2.7527e-05 0.071383 1.6732e-08 0.00068901 0.00077015 0.00020588 4.8141e-06 9.8769e-07
2.7727e-05 0.078295 2.0318e-08 0.00069639 0.00077113 0.00020699 4.9603e-06 8.7342e-07
2.7932e-05 0.084581 2.1512e-08 0.00070372 0.0007721 0.00020814 5.0944e-06 9.2242e-07
2.8142e-05 0.090346 1.8398e-08 0.00071114 0.00077309 0.00020931 5.2175e-06 9.6567e-07
2.8357e-05 0.097238 1.5992e-08 0.00071863 0.00077409 0.00021051 5.3521e-06 1.0119e-06
2.8576e-05 0.10534 1.3945e-08 0.00072619 0.00077511 0.00021174 5.4977e-06 1.0608e-06
2.8799e-05 0.11486 1.2112e-08 0.00073383 0.00077615 0.00021299 5.6545e-06 1.1125e-06
2.9016e-05 0.12377 8.2823e-09 0.00074143 0.00077717 0.00021423 5.8029e-06 1.1595e-06
2.9236e-05 0.13418 4.5516e-09 0.0007491 0.0007782 0.00021549 5.9626e-06 1.2093e-06
2.945e-05 0.14399 8.7978e-09 0.00075673 0.00077923 0.00021673 6.1143e-06 1.2546e-06
2.9667e-05 0.15542 1.3248e-08 0.00076443 0.00078026 0.00021799 6.2774e-06 1.3027e-06
2.9889e-05 0.16872 1.8162e-08 0.00077221 0.00078131 0.00021928 6.4524e-06 1.3537e-06
3.0104e-05 0.18129 2.097e-08 0.00077995 0.00078235 0.00022055 6.6193e-06 1.4002e-06
3.0312e-05 0.19316 2.1668e-08 0.00078765 0.00078338 0.0002218 6.7778e-06 1.4421e-06
3.0525e-05 0.2071 2.2986e-08 0.00079543 0.00078442 0.00022308 6.9494e-06 1.4873e-06
3.0732e-05 0.22025 2.2164e-08 0.00080317 0.00078545 0.00022434 7.1124e-06 1.5279e-06
3.0943e-05 0.2357 2.2004e-08 0.00081099 0.0007865 0.00022563 7.2891e-06 1.572e-06
3.1159e-05 0.23898 2.2528e-08 0.00081889 0.00078756 0.00022695 7.4807e-06 1.6204e-06
3.1368e-05 0.24206 2.0916e-08 0.00082675 0.00078861 0.00022824 7.6632e-06 1.6641e-06
3.157e-05 0.24494 1.71e-08 0.00083458 0.00078964 0.00022952 7.8362e-06 1.7028e-06
3.1777e-05 0.24837 1.3956e-08 0.00084248 0.00079069 0.00023083 8.0243e-06 1.7454e-06
3.1989e-05 0.25244 1.125e-08 0.00085047 0.00079176 0.00023216 8.2283e-06 1.7921e-06
3.2206e-05 0.25722 8.6956e-09 0.00085853 0.00079285 0.00023352 8.4482e-06 1.8427e-06
3.2427e-05 0.25801 6.2486e-09 0.00086668 0.00079395 0.00023492 8.6866e-06 1.898e-06
3.2654e-05 0.25692 3.7385e-09 0.00087493 0.00079507 0.00023634 8.9448e-06 1.9583e-06
3.2886e-05 0.25609 9.8424e-10 0.00088326 0.0007962 0.0002378 9.2243e-06 2.0239e-06
3.3111e-05 0.25516 1.4933e-09 0.00089154 0.00079733 0.00023924 9.4909e-06 2.0837e-06
3.3329e-05 0.25411 8.5853e-09 0.00089978 0.00079843 0.00024065 9.7448e-06 2.1378e-06
3.3551e-05 0.25331 1.6606e-08 0.0009081 0.00079956 0.00024209 1.0018e-05 2.1967e-06
3.3765e-05 0.24834 2.6366e-08 0.00091651 0.0008007 0.0002435 1.0314e-05 2.2612e-06
3.3971e-05 0.24307 3.3586e-08 0.00092489 0.00080183 0.0002449 1.0599e-05 2.3205e-06
3.4172e-05 0.23751 3.8454e-08 0.00093323 0.00080294 0.00024627 1.0874e-05 2.375e-06
3.4367e-05 0.23162 4.1029e-08 0.00094153 0.00080405 0.00024763 1.1139e-05 2.4246e-06
3.4565e-05 0.2266 4.4853e-08 0.00094992 0.00080517 0.00024901 1.1422e-05 2.4785e-06
3.4758e-05 0.22131 4.6457e-08 0.00095827 0.00080628 0.00025038 1.1696e-05 2.5279e-06
3.4955e-05 0.2168 4.9357e-08 0.0009667 0.0008074 0.00025177 1.1989e-05 2.5817e-06
3.5146e-05 0.21203 4.9992e-08 0.0009751 0.00080851 0.00025315 1.2273e-05 2.6308e-06
3.5341e-05 0.20797 5.1966e-08 0.00098357 0.00080964 0.00025455 1.2576e-05 2.6843e-06
3.554e-05 0.1883 5.538e-08 0.00099212 0.00081078 0.00025598 1.2899e-05 2.7425e-06
3.5742e-05 0.17126 6.0206e-08 0.0010007 0.00081193 0.00025744 1.3243e-05 2.8049e-06
3.5948e-05 0.15651 6.6678e-08 0.0010094 0.0008131 0.00025892 1.3607e-05 2.8719e-06
3.6159e-05 0.14096 7.0668e-08 0.0010181 0.00081425 0.00026043 1.396e-05 2.9339e-06
3.6364e-05 0.12456 7.2224e-08 0.0010267 0.0008154 0.00026192 1.4303e-05 2.9911e-06
3.6563e-05 0.10728 7.1361e-08 0.0010353 0.00081653 0.00026339 1.4636e-05 3.0436e-06
3.7371e-05 0.083509 6.7192e-08 0.0010702 0.00082114 0.00026944 1.6094e-05 3.2741e-06
3.757e-05 0.076858 6.2827e-08 0.001079 0.00082229 0.00027097 1.6475e-05 3.332e-06
3.7774e-05 0.071159 5.7133e-08 0.0010878 0.00082346 0.00027252 1.688e-05 3.3951e-06
3.7972e-05 0.065168 5.011e-08 0.0010967 0.00082462 0.00027405 1.7275e-05 3.4536e-06
3.8175e-05 0.060031 4.4652e-08 0.0011056 0.00082579 0.00027562 1.7695e-05 3.5172e-06
3.838e-05 0.055579 4.0313e-08 0.0011145 0.00082698 0.00027721 1.8139e-05 3.5857e-06
3.859e-05 0.051762 3.7064e-08 0.0011236 0.00082817 0.00027882 1.8611e-05 3.6597e-06
3.8804e-05 0.04849 3.4746e-08 0.0011327 0.00082939 0.00028047 1.9113e-05 3.7395e-06
3.9022e-05 0.045686 3.3248e-08 0.001142 0.00083061 0.00028214 1.9644e-05 3.8251e-06
3.9234e-05 0.042729 2.972e-08 0.0011511 0.00083183 0.0002838 2.0164e-05 3.9058e-06
3.945e-05 0.040197 2.6936e-08 0.0011604 0.00083306 0.00028548 2.0714e-05 3.9926e-06
3.967e-05 0.038032 2.4769e-08 0.0011698 0.0008343 0.0002872 2.1299e-05 4.0859e-06
3.9885e-05 0.035743 2.0625e-08 0.0011791 0.00083553 0.00028889 2.1869e-05 4.1739e-06
4.0103e-05 0.033768 1.6898e-08 0.0011885 0.00083678 0.00029062 2.2473e-05 4.268e-06
4.0326e-05 0.032089 1.3552e-08 0.0011979 0.00083804 0.00029237 2.3113e-05 4.3693e-06
4.0543e-05 0.030307 8.3012e-09 0.0012074 0.00083928 0.00029411 2.3739e-05 4.465e-06
4.0754e-05 0.028408 1.0619e-09 0.0012168 0.00084052 0.00029583 2.4348e-05 4.555e-06
4.0959e-05 0.026371 3.0316e-10 0.0012262 0.00084175 0.00029753 2.494e-05 4.6389e-06
4.1157e-05 0.024176 5.9527e-10 0.0012355 0.00084296 0.00029921 2.5515e-05 4.7168e-06
4.1349e-05 0.021806 4.0804e-09 0.0012448 0.00084416 0.00030087 2.6073e-05 4.7885e-06
4.1545e-05 0.019835 7.4105e-09 0.0012542 0.00084538 0.00030256 2.667e-05 4.8681e-06
4.1736e-05 0.017782 8.925e-09 0.0012636 0.00084659 0.00030424 2.725e-05 4.9415e-06
4.1931e-05 0.01605 1.0291e-08 0.001273 0.00084781 0.00030594 2.7868e-05 5.0223e-06
4.2131e-05 0.014589 1.1578e-08 0.0012825 0.00084905 0.00030768 2.8526e-05 5.1108e-06
4.2336e-05 0.013355 1.2862e-08 0.0012922 0.0008503 0.00030945 2.9226e-05 5.2074e-06
4.2546e-05 0.012325 1.4434e-08 0.0013019 0.00085157 0.00031126 2.9976e-05 5.3131e-06
4.2762e-05 0.011466 1.633e-08 0.0013117 0.00085285 0.0003131 3.0777e-05 5.4286e-06
4.2971e-05 0.010535 1.6191e-08 0.0013215 0.00085413 0.00031492 3.1555e-05 5.5367e-06
4.3186e-05 0.00975 1.6317e-08 0.0013314 0.00085541 0.00031678 3.2382e-05 5.6541e-06
4.3393e-05 0.0089004 1.4414e-08 0.0013412 0.00085669 0.00031861 3.3187e-05 5.7642e-06
4.3594e-05 0.0079784 1.0435e-08 0.001351 0.00085795 0.00032042 3.3967e-05 5.867e-06
4.38e-05 0.0072075 6.7872e-09 0.0013609 0.00085923 0.00032227 3.48e-05 5.9797e-06
4.3999e-05 0.0063614 1.2766e-08 0.0013707 0.0008605 0.00032409 3.5607e-05 6.0842e-06
4.419e-05 0.0054293 1.646e-08 0.0013805 0.00086175 0.00032589 3.6386e-05 6.1805e-06
4.4387e-05 0.004662 1.8817e-08 0.0013904 0.00086302 0.00032773 3.7222e-05 6.2877e-06
4.4591e-05 0.0040335 1.9839e-08 0.0014004 0.00086431 0.00032961 3.8121e-05 6.4065e-06
4.4786e-05 0.0033243 1.9526e-08 0.0014104 0.00086558 0.00033145 3.8983e-05 6.5152e-06
4.499e-05 0.0027642 2.0293e-08 0.0014205 0.00086687 0.00033335 3.904e-05 6.6384e-06
4.5202e-05 0.0023238 2.228e-08 0.0014307 0.00086819 0.0003353 3.9132e-05 6.7772e-06
4.5423e-05 0.0019748 2.5622e-08 0.001441 0.00086953 0.00033731 3.8603e-05 6.9319e-06
4.5634e-05 0.0019946 2.763e-08 0.0014513 0.00087085 0.00033927 3.8041e-05 7.0735e-06
4.5853e-05 0.0018466 2.8304e-08 0.0014615 0.00087215 0.00034128 3.7542e-05 7.2355e-06
4.6062e-05 0.0016685 2.7644e-08 0.0014716 0.00087343 0.00034326 3.7011e-05 7.3845e-06
4.6268e-05 0.0014863 2.5649e-08 0.0014817 0.0008747 0.00034524 3.6479e-05 7.5314e-06
4.6471e-05 0.0013 2.2319e-08 0.0014918 0.00087597 0.00034721 3.5944e-05 7.6761e-06
4.6671e-05 0.0011096 1.7656e-08 0.0015019 0.00087723 0.00034917 3.5408e-05 7.8187e-06
4.688e-05 0.00095982 1.4284e-08 0.0015121 0.00087852 0.00035119 3.4922e-05 7.9781e-06
4.7097e-05 0.00084244 1.1817e-08 0.0015225 0.00087983 0.00035326 3.4484e-05 8.1555e-06
4.7323e-05 0.00075116 9.9812e-09 0.001533 0.00088117 0.00035538 3.409e-05 8.352e-06
4.7558e-05 0.00068116 8.5798e-09 0.0015436 0.00088253 0.00035756 3.3739e-05 8.5689e-06
4.7802e-05 0.00063031 7.5842e-09 0.0015544 0.00088391 0.0003598 3.3431e-05 8.8095e-06
4.8057e-05 0.00059567 6.8858e-09 0.0015654 0.00088532 0.0003621 3.3164e-05 9.0796e-06
4.8321e-05 0.00057398 6.298e-09 0.0015772 0.00088208 0.00036446 3.2934e-05 9.3757e-06
4.8596e-05 0.00056518 5.8566e-09 0.0015892 0.00087887 0.00036689 3.2742e-05 9.7019e-06
4.8881e-05 0.00056879 5.5102e-09 0.0016014 0.00087569 0.00036938 3.2587e-05 1.0061e-05
4.9177e-05 0.00058401 5.1277e-09 0.0016137 0.00087255 0.00037193 3.2465e-05 1.0453e-05
4.9482e-05 0.00061186 4.6761e-09 0.0016262 0.00086944 0.00037455 3.2375e-05 1.088e-05
4.9797e-05 0.00055239 4.1164e-09 0.0016388 0.00086636 0.00037723 3.2318e-05 1.1346e-05
5.0123e-05 0.00050881 3.3881e-09 0.0016517 0.00086331 0.00037998 3.2292e-05 1.1855e-05
5.0459e-05 0.00032227 2.4111e-09 0.0016647 0.00086029 0.00038279 3.2299e-05 1.2409e-05
5.0809e-05 0.00031212 5.9274e-09 0.0016776 0.00085725 0.00038569 3.2275e-05 1.2921e-05
5.1171e-05 0.00031107 1.0174e-08 0.0016907 0.00085424 0.00038867 3.2285e-05 1.3483e-05
5.1522e-05 0.00046153 1.1872e-08 0.0017036 0.0008512 0.0003916 3.2273e-05 1.4013e-05
5.1883e-05 0.00065167 1.4318e-08 0.0017168 0.0008482 0.0003946 3.2293e-05 1.4592e-05
5.2256e-05 0.00089267 1.7803e-08 0.0017301 0.00084523 0.00039767 3.2345e-05 1.5222e-05
5.2617e-05 0.0010971 1.8573e-08 0.0017434 0.00084223 0.00040069 3.2375e-05 1.5819e-05
5.2989e-05 0.0013581 2.0498e-08 0.0017568 0.00083927 0.00040378 3.2437e-05 1.6469e-05
5.3373e-05 0.0016974 2.403e-08 0.0017704 0.00083634 0.00040696 3.2534e-05 1.7183e-05
5.3746e-05 0.0019865 2.4632e-08 0.0017839 0.00083338 0.00041008 3.2609e-05 1.7859e-05
5.4107e-05 0.0022287 5.0953e-08 0.0017973 0.0008304 0.00041316 3.2661e-05 1.8498e-05
5.4456e-05 0.0028785 6.231e-08 0.0018109 0.00082746 0.00041618 3.2457e-05 1.9987e-05
5.4816e-05 0.0037239 5.7346e-08 0.0018132 0.00082465 0.00041927 3.2293e-05 2.1615e-05
5.5165e-05 0.0044476 4.8143e-08 0.0018155 0.00082187 0.00042232 3.2103e-05 2.3161e-05
5.5525e-05 0.0053732 4.236e-08 0.0018178 0.00081913 0.00042544 3.1948e-05 2.4841e-05
5.5896e-05 0.0065566 3.9281e-08 0.0018203 0.00081641 0.00042863 3.1828e-05 2.6668e-05
5.6279e-05 0.0080689 3.8528e-08 0.0018228 0.00081373 0.00043191 3.174e-05 2.8653e-05
5.6647e-05 0.0086534 4.2761e-08 0.0018255 0.00081107 0.00043511 3.1786e-05 2.9388e-05
5.7004e-05 0.0091502 4.3526e-08 0.0018281 0.00080839 0.00043826 3.181e-05 3.0083e-05
5.7348e-05 0.0095692 4.0853e-08 0.0018306 0.00080569 0.00044136 3.1812e-05 3.0739e-05
5.7681e-05 0.012614 3.453e-08 0.001833 0.00080297 0.00044441 3.1791e-05 3.1356e-05
5.8025e-05 0.013597 3.0678e-08 0.0018356 0.00080028 0.00044754 3.1802e-05 3.2034e-05
5.8381e-05 0.014862 2.8821e-08 0.0018382 0.00079761 0.00045074 3.1845e-05 3.2777e-05
6.1504e-05 0.015952 2.3799e-08 0.0018408 0.00079492 0.0004537 3.1866e-05 3.3479e-05
6.4695e-05 0.017379 2.0795e-08 0.0018435 0.00079227 0.00045673 3.1922e-05 3.4253e-05
6.7955e-05 0.019243 1.9382e-08 0.0018462 0.00078964 0.00045985 3.2013e-05 3.5106e-05
7.128e-05 0.02163 1.9178e-08 0.001849 0.00078704 0.00046305 3.2137e-05 3.5247e-05
7.4688e-05 0.023682 1.6138e-08 0.0018518 0.00078442 0.00046634 3.2238e-05 3.5365e-05
7.8275e-05 0.026314 1.4231e-08 0.0018547 0.00078183 0.00046612 3.1831e-05 3.5518e-05
8.182e-05 0.028592 9.6329e-09 0.0018575 0.00077921 0.00046586 3.1393e-05 3.5647e-05
8.5134e-05 0.030549 1.505e-08 0.0018602 0.00077658 0.00047239 3.0922e-05 3.5753e-05
0.00010986 0.033612 4.1802e-08 0.0018812 0.0007587 0.00052122 2.8611e-05 3.7128e-05
0.00011086 0.03394 4.0294e-08 0.0018844 0.00075619 0.00052871 2.8347e-05 3.785e-05
0.00011184 0.034184 3.7454e-08 0.0018875 0.00075366 0.00053611 2.8059e-05 3.8531e-05
0.00011281 0.034351 3.3282e-08 0.0018905 0.0007511 0.00054342 2.7745e-05 3.9175e-05
0.00011376 0.034441 2.5579e-08 0.0018935 0.00074853 0.00055064 2.7403e-05 3.978e-05
0.00011473 0.034653 2.0146e-08 0.0018965 0.00074598 0.00055801 2.7101e-05 4.0446e-05
0.00011572 0.035 1.6334e-08 0.0018997 0.00074345 0.00056554 2.6836e-05 4.1175e-05
0.00011674 0.035501 1.3695e-08 0.0019029 0.00074095 0.00057322 2.5709e-05 4.1973e-05
0.00011774 0.035903 8.3026e-09 0.0019061 0.00073844 0.0005808 2.452e-05 4.2727e-05
0.00011873 0.036214 1.2285e-08 0.0019092 0.00073589 0.0005883 2.4505e-05 4.3439e-05
0.00011973 0.036671 1.739e-08 0.0019124 0.00073338 0.00059594 2.4516e-05 4.4217e-05
0.00012072 0.037037 1.9688e-08 0.0019155 0.00073084 0.0006035 2.4508e-05 4.4954e-05
0.00012173 0.037569 2.347e-08 0.0019187 0.00072833 0.00061122 2.4529e-05 4.4971e-05
0.00012273 0.038015 2.4516e-08 0.0019219 0.0007258 0.00061886 2.4533e-05 4.4968e-05
0.00012375 0.038613 2.682e-08 0.0019251 0.00072329 0.00062664 2.4561e-05 4.4998e-05
0.00012479 0.039387 3.0572e-08 0.0019284 0.00072081 0.00063457 2.4613e-05 4.5058e-05
0.00012582 0.040064 3.1527e-08 0.0019317 0.00071831 0.00064242 2.465e-05 4.51e-05
0.00012686 0.040927 3.3999e-08 0.0019351 0.00071583 0.00065042 2.4711e-05 4.5172e-05
0.00012794 0.041689 3.3653e-08 0.0019384 0.00071333 0.00065859 2.4755e-05 4.5225e-05
0.00012899 0.04236 3.0501e-08 0.0019416 0.00071081 0.00066668 2.4785e-05 4.526e-05
0.00013007 0.043211 2.8822e-08 0.0019449 0.00070832 0.00067492 2.4837e-05 4.5325e-05
0.00013118 0.044272 2.8445e-08 0.0019484 0.00070585 0.00068331 2.4914e-05 4.5421e-05
0.00013227 0.045222 2.5405e-08 0.0019517 0.00070336 0.00069162 2.4975e-05 4.5497e-05
0.00013334 0.046069 4.5011e-08 0.001955 0.00070086 0.00069986 2.502e-05 4.5555e-05
0.00013439 0.046818 6.0362e-08 0.0019583 0.00069833 0.00070802 2.5049e-05 4.5593e-05
0.00013547 0.047774 8.1038e-08 0.0019616 0.00069583 0.00071633 2.5104e-05 4.5665e-05
0.00013654 0.048623 9.7031e-08 0.0019649 0.00069332 0.00072456 2.5143e-05 4.5716e-05
0.00013763 0.049702 1.2e-07 0.0019683 0.00069082 0.00073296 2.5207e-05 4.5801e-05
0.00013874 0.051037 1.4165e-07 0.0019717 0.00068835 0.00074152 2.5297e-05 4.5919e-05
0.00013987 0.052681 1.6198e-07 0.0019753 0.0006859 0.00075023 2.5411e-05 4.607e-05
0.00014104 0.054705 1.8101e-07 0.0019789 0.00068348 0.00075911 2.5551e-05 4.6255e-05
0.00014222 0.057195 2.0794e-07 0.0019826 0.00068108 0.00076816 2.5719e-05 4.6476e-05
0.00014339 0.059417 2.2844e-07 0.0019862 0.00067865 0.00077711 2.5867e-05 4.6673e-05
0.00014459 0.062273 2.5898e-07 0.00199 0.00067626 0.00078625 2.6046e-05 4.691e-05
0.00014581 0.065864 3.028e-07 0.0019938 0.0006739 0.00079559 2.6257e-05 4.719e-05
0.00014707 0.070386 3.6479e-07 0.0019977 0.00067156 0.00080512 2.6501e-05 4.7514e-05
0.00014836 0.076097 4.5217e-07 0.0020017 0.00066924 0.00081485 2.6272e-05 4.7884e-05
0.00014967 0.083202 5.7232e-07 0.0020058 0.00066695 0.00082477 2.6073e-05 4.8311e-05
0.00015096 0.089496 6.7157e-07 0.0020099 0.00066464 0.00083459 2.5854e-05 4.8708e-05
0.00015229 0.097436 8.1157e-07 0.002014 0.00066235 0.00084461 2.5666e-05 4.9156e-05
0.0001536 0.10451 9.2838e-07 0.0020181 0.00066005 0.00085453 2.546e-05 4.9574e-05
0.00015488 0.1108 1.0244e-06 0.0020221 0.00065772 0.00086434 2.5232e-05 4.9962e-05
0.00015615 0.11637 1.8085e-06 0.0020261 0.00065537 0.00087404 2.4982e-05 5.032e-05
0.00015744 0.1234 2.0332e-06 0.0020301 0.00065305 0.00088395 2.4767e-05 5.0729e-05
0.00015872 0.12964 2.2206e-06 0.0020341 0.00065071 0.00089375 2.4529e-05 5.1106e-05
0.00016003 0.13135 2.4789e-06 0.0020382 0.00064839 0.00089566 2.4323e-05 5.1531e-05
0.00016138 0.13352 2.8498e-06 0.0020424 0.0006461 0.00089765 2.4146e-05 5.2007e-05
0.00016275 0.13623 3.3485e-06 0.0020467 0.00064383 0.0008997 2.3997e-05 5.2534e-05
0.00016416 0.13963 4.0286e-06 0.002051 0.00064158 0.00090184 2.3876e-05 5.3119e-05
0.0001656 0.14382 4.935e-06 0.0020555 0.00063935 0.00090404 2.3781e-05 5.376e-05
0.00016706 0.14896 5.1783e-06 0.00206 0.00063714 0.00090632 2.3709e-05 5.4462e-05
0.00016856 0.15022 5.5191e-06 0.0020647 0.00063496 0.00090868 2.3664e-05 5.5231e-05
0.00017004 0.15132 5.8134e-06 0.0020692 0.00063276 0.00091099 2.3603e-05 5.5966e-05
0.00017151 0.1523 6.0682e-06 0.0020738 0.00063054 0.00091326 2.3528e-05 5.6669e-05
0.000173 0.15353 6.4052e-06 0.0020784 0.00062834 0.0009156 2.3474e-05 5.7429e-05
0.00017447 0.15465 6.7024e-06 0.002083 0.00062613 0.00091791 2.3407e-05 5.8159e-05
0.00017597 0.15604 7.0915e-06 0.0020876 0.00062394 0.00092027 2.336e-05 5.8947e-05
0.0001775 0.15778 7.6101e-06 0.0020923 0.00062176 0.00092271 2.3337e-05 5.9801e-05
0.00017902 0.15936 8.0694e-06 0.002097 0.00061957 0.00092511 2.33e-05 6.0623e-05
0.00018052 0.16079 8.4744e-06 0.0021017 0.00061736 0.00092748 2.3249e-05 6.1411e-05
0.00018204 0.16055 8.5291e-06 0.0021064 0.00061517 0.00092991 2.3219e-05 6.2262e-05
0.0001836 0.16049 8.6269e-06 0.0021112 0.000613 0.0009324 2.321e-05 6.318e-05
0.00018513 0.16034 8.7018e-06 0.0021159 0.00061082 0.00093486 2.3187e-05 6.4061e-05
0.0001867 0.16037 8.8229e-06 0.0021208 0.00060865 0.00093738 2.3185e-05 6.5009e-05
0.00018829 0.16058 9.0003e-06 0.0021257 0.0006065 0.00093997 2.3203e-05 6.603e-05
0.00018987 0.1607 9.1483e-06 0.0021305 0.00060433 0.00094253 2.3209e-05 6.7013e-05
0.00019143 0.16073 9.2685e-06 0.0021354 0.00060215 0.00094504 2.32e-05 6.7957e-05
0.00019302 0.16095 9.4464e-06 0.0021403 0.00059999 0.00094762 2.3212e-05 6.8975e-05
0.00019464 0.16138 9.7052e-06 0.0021453 0.00059784 0.00095028 2.3248e-05 7.008e-05
0.00019624 0.1617 9.921e-06 0.0021502 0.00059568 0.00095289 2.3269e-05 7.1139e-05
0.00019788 0.16055 1.0239e-05 0.0021552 0.00059355 0.00095559 2.3316e-05 7.2295e-05
0.00019955 0.1597 1.0689e-05 0.0021604 0.00059143 0.00095838 2.3388e-05 7.3551e-05
0.0002012 0.16132 1.1056e-05 0.0021655 0.00058929 0.0009611 2.3441e-05 7.4744e-05
0.00020283 0.1627 1.1352e-05 0.0021705 0.00058714 0.00096377 2.3476e-05 7.5876e-05
0.00020449 0.16384 1.1585e-05 0.0021754 0.00058496 0.00096653 2.3491e-05 7.6947e-05
0.00020613 0.16475 1.3331e-05 0.0021793 0.00058833 0.00096924 2.4576e-05 7.7933e-05
0.00020774 0.16548 1.4773e-05 0.0021832 0.00059168 0.00097189 2.5604e-05 7.8863e-05
0.0002094 0.16655 1.6839e-05 0.0021872 0.00059506 0.00097463 2.6731e-05 7.9891e-05
0.00021109 0.16801 1.7493e-05 0.0021912 0.00059847 0.00097746 2.796e-05 8.1017e-05
0.00021278 0.16947 1.8146e-05 0.0021953 0.00060188 0.00098028 2.9187e-05 8.2141e-05
0.00021447 0.17092 1.8799e-05 0.0021994 0.00060528 0.00098311 3.0413e-05 8.3265e-05
