

TREE # 1

  0  0.0000   5517.102437  x:  0.09960   0.09162   0.05909   0.04443   0.03552   0.07453   0.10545   0.06876   0.01701   0.06100   0.06170   0.04823   0.05137   0.01551   0.01927   0.05949   0.08302   0.05425   0.03748   0.03083   0.04620   0.04980   0.04387   0.04094   0.22680   0.26757   0.00000   0.10305   0.17692   0.06584   0.07070   0.09016   0.19289   0.81138   0.89292  
  1 99.0000   5436.913335  x:  0.10280   0.09417   0.04961   0.05023   0.05117   0.06532   0.10984   0.07190   0.01777   0.05110   0.05289   0.04741   0.03199   0.00000   0.00300   0.04443   0.08317   0.04903   0.04162   0.01996   0.03047   0.03975   0.03595   0.02566   0.23865   0.28092   0.09956   0.11712   0.19215   0.07747   0.07063   0.09037   0.20900   0.83477   0.87793  
  2 1852.6036   5427.473814  x:  0.10333   0.09460   0.04803   0.05120   0.05378   0.06378   0.11057   0.07242   0.01790   0.04945   0.05142   0.04727   0.02875   0.00054   0.00030   0.04191   0.08320   0.04816   0.04231   0.01814   0.02784   0.03807   0.03463   0.02310   0.24063   0.28315   0.11613   0.11947   0.19470   0.07941   0.07062   0.09040   0.21169   0.83868   0.87542  
  3 75127.5522   5396.597905  x:  0.10770   0.09810   0.03455   0.05862   0.07268   0.05063   0.11664   0.07658   0.01879   0.03546   0.03916   0.04625   0.00000   0.00338   0.05748   0.02025   0.08347   0.04112   0.04762   0.00400   0.00540   0.02424   0.02412   0.00168   0.25622   0.30098   0.22441   0.13771   0.21578   0.09530   0.07066   0.09056   0.23356   0.87287   0.85320  
  4 5993.1836   5387.187476  x:  0.10953   0.09966   0.02846   0.06069   0.07687   0.04424   0.11941   0.07801   0.01889   0.02935   0.03438   0.04610   0.00000   0.00397   0.06936   0.01084   0.08378   0.03933   0.04909   0.01674   0.00583   0.02019   0.02240   0.03282   0.26298   0.30905   0.24719   0.14454   0.22566   0.10205   0.07090   0.09041   0.24342   0.89299   0.83925  
  5 1446.7835   5319.645396  x:  0.11730   0.10776   0.00233   0.06253   0.07151   0.01292   0.13364   0.08192   0.01844   0.00825   0.02246   0.04747   0.00000   0.00369   0.06427   0.01424   0.08678   0.03452   0.05109   0.01836   0.01559   0.03038   0.03634   0.02596   0.29818   0.35289   0.22292   0.17122   0.27953   0.13230   0.07334   0.08812   0.29557   1.03418   0.73427  
  6 644.1129   5286.705263  x:  0.12211   0.11289   0.01734   0.06382   0.06905   0.00151   0.14259   0.08427   0.01933   0.00621   0.01757   0.04821   0.00000   0.00354   0.06159   0.01417   0.08865   0.03305   0.05232   0.01940   0.01757   0.03434   0.04260   0.02295   0.32076   0.38105   0.20915   0.18807   0.31377   0.15091   0.07478   0.08672   0.32887   1.12573   0.66513  
  7 6719.5223   5185.948754  x:  0.14060   0.13272   0.05016   0.06882   0.06143   0.03064   0.17819   0.09360   0.02253   0.00861   0.00244   0.05096   0.00000   0.00298   0.05178   0.01268   0.09588   0.02706   0.05689   0.02350   0.02374   0.04806   0.06530   0.01237   0.40968   0.49197   0.15700   0.25412   0.44829   0.22348   0.08031   0.08132   0.45990   1.48711   0.39110  
  8 20203.9370   5154.751670  x:  0.14875   0.14179   0.06208   0.07103   0.05848   0.04073   0.19438   0.09778   0.02370   0.01246   0.02526   0.05211   0.00000   0.00275   0.04766   0.01146   0.09908   0.02479   0.05878   0.02504   0.02514   0.05300   0.07442   0.00835   0.45130   0.54389   0.13403   0.28478   0.51106   0.25691   0.08280   0.07893   0.52116   1.65713   0.26146  
  9 29554.6554   5138.544389  x:  0.14115   0.14105   0.05158   0.06748   0.06429   0.03343   0.19054   0.09491   0.01899   0.03950   0.02148   0.04983   0.00000   0.00256   0.04421   0.01326   0.09681   0.03686   0.05384   0.01436   0.00366   0.03500   0.05575   0.01425   0.46054   0.55565   0.12221   0.28581   0.52226   0.25506   0.08215   0.08067   0.53372   1.71333   0.22121  
 10 789.2778   5132.388272  x:  0.13030   0.13905   0.05060   0.06401   0.07093   0.03257   0.18323   0.09134   0.01707   0.04057   0.02083   0.04808   0.00000   0.00250   0.04303   0.00944   0.09356   0.04112   0.05091   0.00900   0.01719   0.01763   0.03304   0.01293   0.46423   0.56026   0.11767   0.28169   0.52397   0.24652   0.08100   0.08306   0.53752   1.74833   0.20971  
 11 514.6065   5127.118611  x:  0.11787   0.13708   0.05165   0.06113   0.07653   0.03373   0.17460   0.08795   0.01801   0.03239   0.02133   0.04719   0.00000   0.00245   0.04214   0.01357   0.09034   0.04191   0.04911   0.01585   0.01266   0.01466   0.01422   0.01045   0.46695   0.56352   0.11503   0.27580   0.52336   0.23523   0.07966   0.08558   0.53947   1.78173   0.21012  
 12 538.1371   5118.062294  x:  0.08959   0.13275   0.05318   0.05568   0.08819   0.03534   0.15403   0.08091   0.01864   0.02295   0.02219   0.04548   0.00000   0.00240   0.04125   0.00377   0.08374   0.04384   0.04528   0.00994   0.00599   0.01747   0.01357   0.01273   0.47043   0.56751   0.11323   0.25991   0.51744   0.20626   0.07638   0.09113   0.53971   1.84880   0.21995  
 13 589.9126   5111.545066  x:  0.06292   0.12900   0.05490   0.05124   0.09955   0.03665   0.13432   0.07468   0.01892   0.01797   0.02295   0.04398   0.00000   0.00245   0.04218   0.01050   0.07783   0.04561   0.04240   0.00368   0.00492   0.01778   0.01812   0.01669   0.47362   0.57106   0.11587   0.24433   0.51111   0.17764   0.07316   0.09635   0.53952   1.91333   0.22998  
 14 3108.6138   5106.630141  x:  0.04179   0.12704   0.05374   0.04891   0.10831   0.03555   0.11724   0.07051   0.01860   0.02434   0.02260   0.04328   0.00000   0.00251   0.04330   0.01125   0.07396   0.04758   0.04173   0.01328   0.00794   0.01734   0.02549   0.01273   0.47575   0.57323   0.11997   0.22895   0.50363   0.14992   0.07030   0.10064   0.53793   1.97217   0.23942  
 15 1741.7825   5096.777309  x:  0.05314   0.14100   0.04980   0.06054   0.10636   0.03251   0.10171   0.07817   0.02211   0.04042   0.02178   0.04987   0.00000   0.00261   0.04507   0.01109   0.08089   0.03867   0.05421   0.00850   0.01332   0.02820   0.01667   0.01544   0.47572   0.57084   0.12780   0.19296   0.47889   0.08978   0.06718   0.10344   0.52619   2.09158   0.26872  
 16 465.4987   5092.412188  x:  0.06379   0.14680   0.05008   0.06254   0.10117   0.03311   0.10403   0.08105   0.01848   0.03603   0.02218   0.04978   0.00000   0.00261   0.04487   0.01067   0.08386   0.03784   0.05436   0.01004   0.00887   0.01356   0.02184   0.01489   0.47285   0.56606   0.13002   0.17659   0.46392   0.06772   0.06760   0.10284   0.51691   2.14292   0.28040  
 17 555.9551   5088.116356  x:  0.07176   0.14553   0.05029   0.05461   0.09157   0.03336   0.12214   0.07899   0.01080   0.03439   0.02230   0.04093   0.00000   0.00273   0.04697   0.01136   0.08342   0.05189   0.04078   0.01106   0.01158   0.02046   0.02068   0.01505   0.46033   0.54882   0.14104   0.15568   0.43253   0.06134   0.07191   0.09890   0.49295   2.20886   0.28705  
 18 272.4040   5085.147596  x:  0.07381   0.14035   0.04898   0.04992   0.08313   0.03282   0.13588   0.07697   0.02944   0.03475   0.02213   0.03957   0.00000   0.00280   0.04820   0.01129   0.08237   0.05839   0.03640   0.01106   0.01248   0.01962   0.02117   0.01538   0.44563   0.52904   0.14907   0.13929   0.40049   0.06859   0.07558   0.09490   0.46722   2.26930   0.29291  
 19 540.9236   5079.535749  x:  0.06921   0.12607   0.04858   0.05161   0.07556   0.03231   0.14688   0.07539   0.02057   0.03609   0.02188   0.05196   0.00000   0.00286   0.04922   0.01099   0.07945   0.05171   0.05435   0.01012   0.01139   0.01732   0.02051   0.01643   0.41513   0.48843   0.15866   0.12167   0.34198   0.10237   0.07884   0.08912   0.41774   2.37118   0.30307  
 20 439.7497   5077.456997  x:  0.07527   0.12482   0.04853   0.06004   0.08355   0.03197   0.13726   0.07960   0.01900   0.03709   0.02172   0.04220   0.00000   0.00286   0.04918   0.01118   0.08246   0.04103   0.04312   0.01081   0.01111   0.01683   0.02116   0.01631   0.39968   0.46737   0.15974   0.13065   0.31991   0.11635   0.07562   0.09064   0.39550   2.40958   0.30623  
 21 180.8310   5076.656584  x:  0.08250   0.12787   0.04874   0.05532   0.08761   0.03241   0.12844   0.07969   0.01966   0.03479   0.02189   0.04640   0.00000   0.00287   0.04939   0.01143   0.08426   0.04984   0.04436   0.01149   0.01141   0.01747   0.02216   0.01597   0.39004   0.45354   0.16075   0.14719   0.31351   0.11720   0.07297   0.09372   0.38332   2.42632   0.30694  
 22 88.8706   5076.327845  x:  0.08037   0.12749   0.04851   0.05283   0.08241   0.03225   0.13096   0.07806   0.01982   0.03590   0.02181   0.04287   0.00000   0.00287   0.04946   0.01130   0.08246   0.04700   0.04719   0.01109   0.01132   0.01718   0.02165   0.01621   0.38377   0.44378   0.16155   0.16139   0.31700   0.11161   0.07405   0.09432   0.37614   2.43393   0.30826  
 23 42.4151   5076.236266  x:  0.07878   0.12680   0.04846   0.05499   0.08158   0.03220   0.13300   0.07828   0.01970   0.03610   0.02179   0.04605   0.00000   0.00288   0.04947   0.01127   0.08210   0.04661   0.04493   0.01101   0.01138   0.01715   0.02145   0.01624   0.38155   0.43997   0.16177   0.16518   0.31991   0.10932   0.07454   0.09364   0.37334   2.43613   0.30854  
 24 36.8374   5076.194303  x:  0.07840   0.12615   0.04850   0.05672   0.08366   0.03222   0.13414   0.07902   0.01987   0.03568   0.02182   0.04514   0.00000   0.00287   0.04940   0.01128   0.08286   0.04787   0.04613   0.01103   0.01136   0.01725   0.02154   0.01619   0.38019   0.43691   0.16154   0.16471   0.32412   0.10860   0.07462   0.09227   0.37093   2.43715   0.30847  
 25 13.8963   5076.156542  x:  0.07946   0.12592   0.04849   0.05457   0.08484   0.03216   0.13373   0.07875   0.01981   0.03597   0.02180   0.04562   0.00000   0.00287   0.04938   0.01130   0.08319   0.04657   0.04570   0.01108   0.01134   0.01728   0.02160   0.01618   0.37919   0.43363   0.16164   0.16254   0.32971   0.10905   0.07475   0.09176   0.36851   2.43817   0.30874  
 26 13.3617   5076.131066  x:  0.08004   0.12591   0.04852   0.05557   0.08276   0.03225   0.13205   0.07850   0.01970   0.03591   0.02183   0.04526   0.00000   0.00287   0.04940   0.01130   0.08197   0.04738   0.04546   0.01108   0.01136   0.01719   0.02158   0.01615   0.37908   0.43171   0.16194   0.16099   0.33286   0.11010   0.07464   0.09334   0.36768   2.43885   0.30908  
 27  7.3795   5075.995609  x:  0.07837   0.12481   0.04864   0.05523   0.07956   0.03241   0.13195   0.07957   0.01958   0.03529   0.02184   0.04522   0.00000   0.00287   0.04931   0.01127   0.08778   0.04726   0.04538   0.01107   0.01118   0.01727   0.02149   0.01610   0.38168   0.42613   0.16182   0.15963   0.33376   0.10996   0.06932   0.09630   0.37017   2.44084   0.30761  
 28  2.4249   5074.624966  x:  0.08147   0.12733   0.04915   0.05677   0.08594   0.03275   0.13853   0.07961   0.02048   0.03323   0.02210   0.04683   0.00000   0.00276   0.04721   0.01167   0.08073   0.04211   0.04825   0.01210   0.00985   0.01939   0.02277   0.01464   0.40895   0.38437   0.15244   0.15752   0.33047   0.10626   0.06979   0.10809   0.39842   2.46220   0.30115  
 29 16.4393   5072.693619  x:  0.08131   0.13151   0.04913   0.05643   0.07978   0.03327   0.13391   0.08104   0.01892   0.03600   0.02302   0.04558   0.00000   0.00259   0.04401   0.01163   0.08591   0.04592   0.04606   0.01167   0.00882   0.01806   0.02214   0.01264   0.44001   0.35884   0.13841   0.16661   0.33591   0.11632   0.07820   0.08555   0.42856   2.49863   0.31793  
 30 56.3704   5065.533215  x:  0.09710   0.11924   0.05099   0.06360   0.06654   0.03589   0.12473   0.07585   0.01934   0.02795   0.02457   0.04790   0.00000   0.00214   0.03509   0.01274   0.08466   0.03507   0.05067   0.01490   0.00315   0.02388   0.02529   0.00621   0.45543   0.41141   0.09922   0.18441   0.35528   0.11050   0.07367   0.06849   0.40949   2.60647   0.30490  
 31 31.1388   5063.717387  x:  0.09637   0.12174   0.05107   0.06205   0.06925   0.03610   0.13390   0.08482   0.01869   0.02948   0.02533   0.04830   0.00000   0.00198   0.03198   0.01290   0.09072   0.03532   0.05108   0.01492   0.00197   0.02372   0.02544   0.00429   0.45543   0.43242   0.08522   0.19212   0.36567   0.11724   0.08047   0.08571   0.40684   2.63976   0.31568  
 32 135.4688   5063.514640  x:  0.09640   0.12634   0.05094   0.06230   0.07079   0.03599   0.13804   0.08283   0.01863   0.03051   0.02545   0.04825   0.00000   0.00195   0.03152   0.01290   0.08722   0.03551   0.05101   0.01482   0.00196   0.02347   0.02537   0.00403   0.45094   0.43525   0.08314   0.19284   0.36780   0.11963   0.07205   0.08594   0.40999   2.64422   0.31953  
 33 30.3263   5063.357439  x:  0.09489   0.13170   0.05107   0.06293   0.07004   0.03615   0.13677   0.08134   0.01864   0.02982   0.02547   0.04826   0.00000   0.00195   0.03132   0.01291   0.08894   0.03494   0.05112   0.01488   0.00180   0.02369   0.02544   0.00392   0.43161   0.43544   0.08290   0.18992   0.36842   0.11948   0.07431   0.08505   0.42184   2.64696   0.31771  
 34 12.1385   5063.301040  x:  0.09645   0.12727   0.05109   0.06190   0.06976   0.03616   0.13631   0.08511   0.01864   0.02992   0.02549   0.04828   0.00000   0.00194   0.03122   0.01292   0.08724   0.03512   0.05106   0.01489   0.00186   0.02372   0.02547   0.00384   0.42516   0.43582   0.08264   0.18964   0.36888   0.11903   0.07357   0.08456   0.42711   2.64841   0.31829  
 35 11.9496   5063.253618  x:  0.09897   0.12243   0.05104   0.06267   0.07038   0.03612   0.13667   0.08198   0.01860   0.03031   0.02552   0.04829   0.00000   0.00193   0.03112   0.01294   0.08829   0.03533   0.05107   0.01490   0.00200   0.02369   0.02553   0.00377   0.42215   0.43646   0.08215   0.19006   0.36948   0.11897   0.07374   0.08548   0.43040   2.64992   0.31983  
 36  8.8701   5060.408628  x:  0.08657   0.15754   0.05161   0.06240   0.06720   0.03714   0.13861   0.09069   0.01845   0.02895   0.02651   0.04903   0.00000   0.00172   0.02660   0.01269   0.09278   0.03320   0.05195   0.01331   0.00687   0.02560   0.02686   0.00293   0.41362   0.46388   0.06245   0.19384   0.37779   0.12265   0.08002   0.09055   0.41666   2.72714   0.31554  
 37  1.1830   5055.966705  x:  0.09337   0.14262   0.04894   0.06140   0.07259   0.03722   0.14044   0.08777   0.01846   0.03118   0.02854   0.04937   0.00000   0.00143   0.01893   0.01286   0.08986   0.03868   0.05224   0.00906   0.00667   0.02604   0.02664   0.01243   0.37492   0.49624   0.04071   0.19529   0.37625   0.11646   0.07162   0.10079   0.40688   2.94843   0.33136  
 38  0.2941   5050.226890  x:  0.09682   0.11689   0.04271   0.05789   0.07246   0.03643   0.12809   0.07844   0.01965   0.02846   0.03023   0.04790   0.00000   0.00117   0.00666   0.01289   0.08389   0.04723   0.04799   0.00819   0.00704   0.02419   0.02648   0.01199   0.42152   0.47272   0.06750   0.18051   0.34688   0.09726   0.07129   0.09398   0.36976   3.25654   0.32686  
 39  0.2184   5048.849412  x:  0.09595   0.12050   0.04062   0.05775   0.07182   0.03615   0.13246   0.07954   0.01932   0.02876   0.03102   0.04754   0.00000   0.00111   0.00203   0.01327   0.08544   0.04477   0.04757   0.00892   0.00741   0.02384   0.02658   0.01191   0.41964   0.47404   0.07261   0.18031   0.35449   0.10301   0.07310   0.09170   0.38829   3.31652   0.32790  
 40  0.1048   5048.054942  x:  0.09318   0.12965   0.03925   0.05799   0.07103   0.03565   0.13861   0.08218   0.01890   0.02936   0.03113   0.04739   0.00000   0.00133   0.00412   0.01369   0.08777   0.04101   0.04772   0.01064   0.00768   0.02358   0.02659   0.01210   0.40772   0.47489   0.08581   0.18026   0.36369   0.11184   0.07497   0.09115   0.40826   3.29023   0.32804  
 41  0.0948   5047.429325  x:  0.09094   0.13408   0.03333   0.06075   0.07301   0.03412   0.13712   0.08385   0.01929   0.02774   0.03172   0.04798   0.00000   0.00159   0.00229   0.01397   0.08864   0.03812   0.04988   0.01297   0.00784   0.02376   0.02663   0.01012   0.41127   0.47011   0.08606   0.18622   0.37425   0.11518   0.07518   0.08979   0.41304   3.34272   0.32682  
 42  0.0291   5046.984443  x:  0.09082   0.13053   0.02683   0.06088   0.07188   0.03234   0.13444   0.08257   0.01983   0.02680   0.03202   0.04840   0.00000   0.00198   0.00353   0.01356   0.08765   0.04250   0.05014   0.01358   0.00767   0.02362   0.02663   0.00841   0.41635   0.47160   0.08120   0.18780   0.37224   0.11288   0.07425   0.09145   0.40640   3.38310   0.32929  
 43  0.0227   5046.861861  x:  0.09161   0.12933   0.02491   0.05905   0.07243   0.03213   0.13739   0.08208   0.01947   0.02665   0.03252   0.04782   0.00000   0.00215   0.00347   0.01323   0.08761   0.04058   0.04853   0.01235   0.00764   0.02352   0.02674   0.00932   0.41114   0.47874   0.08120   0.18470   0.36886   0.11178   0.07398   0.09294   0.40775   3.41118   0.33197  
 44  0.0181   5046.818548  x:  0.09218   0.13083   0.02537   0.05976   0.07251   0.03294   0.13727   0.08239   0.01948   0.02526   0.03300   0.04772   0.00000   0.00225   0.00340   0.01316   0.08808   0.04146   0.04878   0.01142   0.00760   0.02383   0.02688   0.00975   0.41336   0.47903   0.07906   0.18444   0.37036   0.11228   0.07464   0.09174   0.41033   3.41402   0.33099  
 45  0.0034   5046.788783  x:  0.09257   0.13110   0.02454   0.06028   0.07198   0.03321   0.13616   0.08259   0.01966   0.02653   0.03340   0.04797   0.00000   0.00244   0.00336   0.01322   0.08785   0.04095   0.04946   0.01093   0.00748   0.02410   0.02684   0.00972   0.41481   0.47581   0.07937   0.18605   0.37234   0.11286   0.07462   0.09103   0.40996   3.42297   0.33106  
 46  0.0047   5046.745521  x:  0.09293   0.12970   0.02513   0.05989   0.07277   0.03463   0.13644   0.08238   0.01974   0.02599   0.03418   0.04813   0.00000   0.00277   0.00347   0.01368   0.08755   0.04108   0.04941   0.01131   0.00725   0.02386   0.02648   0.00954   0.41173   0.47318   0.08196   0.18668   0.37118   0.11279   0.07392   0.09199   0.40704   3.42321   0.33012  
 47  0.0021   5046.723067  x:  0.09186   0.13053   0.02516   0.05957   0.07222   0.03536   0.13693   0.08234   0.01956   0.02668   0.03458   0.04784   0.00000   0.00300   0.00342   0.01366   0.08802   0.04134   0.04891   0.01132   0.00718   0.02367   0.02664   0.00942   0.41422   0.47727   0.08035   0.18516   0.36990   0.11247   0.07480   0.09187   0.40927   3.41423   0.33054  
 48  0.0054   5046.716151  x:  0.09181   0.13093   0.02498   0.06000   0.07227   0.03555   0.13642   0.08243   0.01953   0.02655   0.03460   0.04785   0.00000   0.00310   0.00335   0.01353   0.08773   0.04092   0.04915   0.01161   0.00723   0.02376   0.02685   0.00932   0.41259   0.47738   0.07964   0.18492   0.37047   0.11214   0.07416   0.09193   0.40893   3.40442   0.32991  
 49  0.0047   5046.710803  x:  0.09209   0.13052   0.02502   0.05984   0.07236   0.03561   0.13661   0.08248   0.01957   0.02665   0.03442   0.04791   0.00000   0.00317   0.00333   0.01330   0.08782   0.04125   0.04911   0.01160   0.00736   0.02378   0.02685   0.00959   0.41212   0.47646   0.08007   0.18514   0.37027   0.11223   0.07439   0.09181   0.40790   3.38993   0.33021  
 50  0.0056   5046.709837  x:  0.09208   0.13040   0.02479   0.05980   0.07227   0.03551   0.13656   0.08232   0.01957   0.02650   0.03434   0.04789   0.00000   0.00320   0.00334   0.01328   0.08784   0.04115   0.04904   0.01160   0.00740   0.02377   0.02672   0.00957   0.41304   0.47600   0.07998   0.18519   0.36994   0.11228   0.07444   0.09181   0.40834   3.38865   0.33007  
 51  0.0011   5046.708796  x:  0.09201   0.13056   0.02494   0.05986   0.07227   0.03552   0.13646   0.08235   0.01957   0.02656   0.03413   0.04787   0.00000   0.00324   0.00335   0.01341   0.08777   0.04112   0.04908   0.01150   0.00746   0.02379   0.02659   0.00954   0.41273   0.47625   0.08011   0.18508   0.36977   0.11232   0.07434   0.09175   0.40847   3.38665   0.32985  
 52  0.0004   5046.708061  x:  0.09212   0.13036   0.02487   0.05984   0.07229   0.03544   0.13664   0.08240   0.01957   0.02651   0.03397   0.04790   0.00000   0.00328   0.00332   0.01347   0.08785   0.04124   0.04907   0.01151   0.00749   0.02377   0.02671   0.00947   0.41261   0.47656   0.08000   0.18518   0.37006   0.11232   0.07442   0.09181   0.40814   3.38890   0.33013  
 53  0.0010   5046.707675  x:  0.09212   0.13037   0.02498   0.05979   0.07230   0.03544   0.13655   0.08232   0.01957   0.02651   0.03388   0.04789   0.00000   0.00330   0.00334   0.01344   0.08781   0.04111   0.04903   0.01151   0.00747   0.02377   0.02683   0.00951   0.41287   0.47612   0.07995   0.18515   0.37010   0.11223   0.07440   0.09184   0.40836   3.39073   0.33024  
 54  0.0008   5046.707425  x:  0.09199   0.13052   0.02496   0.05982   0.07228   0.03543   0.13652   0.08237   0.01957   0.02651   0.03383   0.04788   0.00000   0.00332   0.00334   0.01340   0.08782   0.04120   0.04906   0.01155   0.00744   0.02377   0.02678   0.00953   0.41284   0.47615   0.08011   0.18517   0.37006   0.11228   0.07439   0.09179   0.40849   3.39329   0.33023  
 55  0.0011   5046.707368  x:  0.09206   0.13044   0.02498   0.05983   0.07229   0.03543   0.13658   0.08237   0.01957   0.02652   0.03382   0.04789   0.00000   0.00333   0.00334   0.01339   0.08783   0.04116   0.04907   0.01156   0.00742   0.02378   0.02674   0.00954   0.41288   0.47638   0.08000   0.18520   0.37008   0.11229   0.07440   0.09179   0.40837   3.39323   0.33021  
 56  0.0002   5046.707360  x:  0.09208   0.13046   0.02498   0.05982   0.07228   0.03541   0.13657   0.08236   0.01957   0.02652   0.03381   0.04789   0.00000   0.00333   0.00333   0.01338   0.08783   0.04116   0.04906   0.01155   0.00742   0.02378   0.02673   0.00953   0.41281   0.47634   0.08000   0.18517   0.37011   0.11229   0.07440   0.09181   0.40841   3.39319   0.33020  
 57  0.0001   5046.707353  x:  0.09208   0.13046   0.02499   0.05982   0.07230   0.03540   0.13658   0.08238   0.01957   0.02652   0.03382   0.04789   0.00000   0.00333   0.00334   0.01337   0.08783   0.04116   0.04906   0.01155   0.00741   0.02377   0.02674   0.00952   0.41286   0.47631   0.08002   0.18518   0.37009   0.11230   0.07441   0.09181   0.40838   3.39317   0.33021  
 58  0.0000   5046.707346  x:  0.09208   0.13045   0.02499   0.05983   0.07228   0.03539   0.13658   0.08237   0.01957   0.02651   0.03383   0.04789   0.00000   0.00333   0.00334   0.01337   0.08783   0.04116   0.04907   0.01154   0.00741   0.02378   0.02674   0.00953   0.41284   0.47636   0.08003   0.18518   0.37008   0.11229   0.07440   0.09181   0.40838   3.39262   0.33020  
 59  0.0002   5046.707339  x:  0.09207   0.13046   0.02499   0.05982   0.07230   0.03536   0.13657   0.08236   0.01957   0.02651   0.03384   0.04789   0.00000   0.00333   0.00333   0.01338   0.08783   0.04116   0.04906   0.01155   0.00741   0.02378   0.02674   0.00953   0.41282   0.47637   0.08001   0.18517   0.37009   0.11229   0.07441   0.09181   0.40841   3.39284   0.33019  
 60  0.0001   5046.707337  x:  0.09207   0.13046   0.02499   0.05982   0.07229   0.03536   0.13658   0.08237   0.01957   0.02651   0.03384   0.04789   0.00000   0.00333   0.00333   0.01338   0.08783   0.04116   0.04906   0.01155   0.00741   0.02378   0.02674   0.00953   0.41284   0.47633   0.08001   0.18518   0.37009   0.11230   0.07440   0.09181   0.40838   3.39287   0.33020  
 61  0.0000   5046.707336  x:  0.09207   0.13046   0.02500   0.05982   0.07229   0.03536   0.13658   0.08237   0.01957   0.02651   0.03385   0.04789   0.00000   0.00333   0.00333   0.01338   0.08783   0.04116   0.04906   0.01155   0.00742   0.02377   0.02674   0.00953   0.41284   0.47633   0.08001   0.18518   0.37009   0.11229   0.07440   0.09181   0.40839   3.39308   0.33021  
 62  0.0001   5046.707336  x:  0.09207   0.13046   0.02500   0.05982   0.07229   0.03536   0.13658   0.08237   0.01957   0.02651   0.03385   0.04789   0.00000   0.00333   0.00333   0.01338   0.08783   0.04116   0.04906   0.01155   0.00742   0.02378   0.02674   0.00953   0.41284   0.47634   0.08001   0.18518   0.37009   0.11229   0.07440   0.09181   0.40839   3.39297   0.33020  
 63  0.0001   5046.707336  x:  0.09207   0.13046   0.02500   0.05982   0.07229   0.03536   0.13658   0.08237   0.01957   0.02651   0.03385   0.04789   0.00000   0.00333   0.00333   0.01338   0.08783   0.04116   0.04906   0.01155   0.00742   0.02378   0.02674   0.00953   0.41284   0.47634   0.08001   0.18518   0.37009   0.11229   0.07440   0.09181   0.40839   3.39301   0.33020  
 64  0.0000   5046.707336  x:  0.09207   0.13046   0.02500   0.05982   0.07229   0.03536   0.13658   0.08237   0.01957   0.02651   0.03385   0.04789   0.00000   0.00333   0.00333   0.01338   0.08783   0.04116   0.04906   0.01155   0.00742   0.02378   0.02674   0.00953   0.41284   0.47634   0.08001   0.18518   0.37009   0.11229   0.07440   0.09181   0.40839   3.39302   0.33020  
 65  0.0001   5046.707336  x:  0.09207   0.13046   0.02500   0.05982   0.07229   0.03536   0.13658   0.08237   0.01957   0.02651   0.03385   0.04789   0.00000   0.00333   0.00333   0.01338   0.08783   0.04116   0.04906   0.01155   0.00742   0.02378   0.02674   0.00953   0.41284   0.47634   0.08001   0.18518   0.37009   0.11229   0.07440   0.09181   0.40839   3.39301   0.33020  
 66  0.0000   5046.707336  x:  0.09207   0.13046   0.02500   0.05982   0.07229   0.03536   0.13658   0.08237   0.01957   0.02651   0.03385   0.04789   0.00000   0.00333   0.00333   0.01338   0.08783   0.04116   0.04906   0.01155   0.00742   0.02378   0.02674   0.00953   0.41284   0.47634   0.08001   0.18518   0.37009   0.11229   0.07440   0.09181   0.40839   3.39301   0.33020  