

TREE # 1

  0  0.0000   2687.048958  x:  0.51007   0.23269   0.02351   0.01588   0.17332   0.00817   0.01278   0.81247   1.02238  
  1 99.0000   2684.914323  x:  0.50671   0.23077   0.01836   0.02145   0.17192   0.01847   0.00582   0.83167   1.00988  
  2 156.5901   2678.016988  x:  0.49171   0.22247   0.00590   0.03307   0.16618   0.02894   0.02150   0.91832   0.95283  
  3 547.2130   2650.611021  x:  0.40794   0.17844   0.05199   0.07978   0.13698   0.04993   0.04817   1.40825   0.62703  
  4 2577.5214   2608.956805  x:  0.35751   0.16405   0.02882   0.05875   0.13344   0.00429   0.01775   1.78282   0.36764  
  5 1973.1692   2600.100822  x:  0.35603   0.17501   0.02930   0.02202   0.14599   0.01663   0.01772   1.89766   0.28725  
  6 1096.6556   2592.250429  x:  0.41895   0.23219   0.03154   0.04029   0.19132   0.01135   0.01890   2.03653   0.23429  
  7 252.0348   2582.094118  x:  0.52856   0.23911   0.02969   0.01342   0.17114   0.00850   0.01272   2.27290   0.29261  
  8 157.9155   2581.929336  x:  0.52092   0.23513   0.02961   0.01304   0.18598   0.00841   0.01259   2.28109   0.30130  
  9 16.6567   2581.913673  x:  0.51703   0.24002   0.02958   0.01299   0.18468   0.00840   0.01257   2.28284   0.30362  
 10  2.4831   2580.567869  x:  0.53918   0.24232   0.02819   0.02598   0.18582   0.00992   0.01241   2.37860   0.32658  
 11  0.3191   2578.838775  x:  0.55021   0.24583   0.01982   0.02696   0.18644   0.00762   0.00598   2.59986   0.31979  
 12  0.2843   2576.760073  x:  0.56691   0.24919   0.01078   0.02460   0.18442   0.01350   0.00881   2.97652   0.31828  
 13  0.3568   2576.253032  x:  0.53911   0.24625   0.01252   0.02803   0.19062   0.01189   0.01109   3.11570   0.30891  
 14  0.0723   2576.095070  x:  0.54123   0.24408   0.01094   0.02829   0.18547   0.01156   0.01038   3.30387   0.31728  
 15  0.0963   2576.060303  x:  0.54346   0.24318   0.01316   0.02719   0.18421   0.01137   0.01027   3.32716   0.32148  
 16  0.0157   2576.055668  x:  0.54223   0.24262   0.01329   0.02637   0.18522   0.01132   0.01010   3.33436   0.32077  
 17  0.0053   2576.055634  x:  0.54230   0.24274   0.01328   0.02634   0.18511   0.01135   0.01010   3.33372   0.32072  
 18  0.0006   2576.055633  x:  0.54228   0.24274   0.01328   0.02635   0.18511   0.01136   0.01010   3.33387   0.32071  
 19  0.0001   2576.055633  x:  0.54228   0.24274   0.01328   0.02635   0.18511   0.01136   0.01010   3.33390   0.32072  
 20  0.0000   2576.055633  x:  0.54228   0.24274   0.01328   0.02635   0.18511   0.01136   0.01010   3.33390   0.32072  
 21  0.0000   2576.055633  x:  0.54228   0.24274   0.01328   0.02635   0.18511   0.01136   0.01010   3.33390   0.32072  