

TREE # 1

  0  0.0000   2567.830307  x:  0.00000   0.03838   0.07897   0.04360   0.02176   0.03271   0.32311   0.05998   0.07515   1.00944   0.84945  
  1 99.0000   2565.878115  x:  0.00723   0.03881   0.07895   0.04352   0.02120   0.03181   0.32362   0.06017   0.07500   1.00993   0.84908  
  2 1258.6429   2562.223299  x:  0.00713   0.04532   0.07816   0.03841   0.01120   0.01525   0.33282   0.06338   0.07245   1.01888   0.84234  
  3 243.0064   2559.804075  x:  0.00714   0.05201   0.07647   0.03214   0.02106   0.00821   0.35032   0.06798   0.06827   1.03705   0.82856  
  4 241.3912   2553.336038  x:  0.00704   0.07136   0.07063   0.01746   0.02170   0.01921   0.40799   0.08149   0.05578   1.09892   0.78130  
  5 710.6483   2543.136134  x:  0.00505   0.08716   0.06219   0.05881   0.02265   0.02438   0.53043   0.09977   0.04151   1.24395   0.66800  
  6 930.0260   2523.645201  x:  0.00512   0.03009   0.08083   0.05225   0.01784   0.02182   0.65958   0.08700   0.08610   1.45831   0.48569  
  7 604.5378   2510.197059  x:  0.00465   0.05216   0.09187   0.05318   0.01920   0.02278   0.68069   0.03038   0.10622   1.61710   0.32503  
  8 454.6840   2500.698046  x:  0.00447   0.05583   0.08247   0.05440   0.01983   0.02330   0.65936   0.04549   0.11464   1.73396   0.19576  
  9 555.4956   2498.345586  x:  0.00471   0.04094   0.07597   0.05142   0.01856   0.02162   0.64014   0.03920   0.08606   1.80332   0.19339  
 10 85.9907   2486.391205  x:  0.00457   0.03921   0.12064   0.04997   0.01846   0.02154   0.51341   0.06465   0.04638   2.26838   0.26601  
 11 262.7865   2478.494823  x:  0.00483   0.04344   0.06770   0.04710   0.01878   0.02014   0.44169   0.06627   0.06280   2.55478   0.32476  
 12 519.7956   2473.931123  x:  0.00367   0.05844   0.09429   0.04439   0.01377   0.01939   0.45726   0.06862   0.09062   3.07635   0.29685  
 13  0.4087   2470.188302  x:  0.00252   0.05858   0.06331   0.03891   0.01271   0.01703   0.49863   0.07333   0.08113   3.69886   0.28486  
 14  0.3720   2468.860781  x:  0.00179   0.05525   0.07519   0.03945   0.02031   0.01901   0.49634   0.07609   0.07092   4.13436   0.27894  
 15  0.3187   2468.433503  x:  0.00126   0.05321   0.07556   0.04084   0.01612   0.01842   0.50868   0.07658   0.06661   4.49246   0.29424  
 16  0.1932   2468.374517  x:  0.00128   0.05407   0.07440   0.04229   0.01613   0.01899   0.50462   0.07511   0.07105   4.59068   0.29404  
 17  0.0621   2468.369227  x:  0.00136   0.05356   0.07470   0.04244   0.01611   0.01903   0.50362   0.07452   0.07035   4.62138   0.29254  
 18  0.0211   2468.368442  x:  0.00147   0.05340   0.07473   0.04234   0.01613   0.01900   0.50462   0.07414   0.07063   4.61822   0.29251  
 19  0.0016   2468.368063  x:  0.00159   0.05348   0.07462   0.04219   0.01612   0.01897   0.50382   0.07415   0.07058   4.61676   0.29287  
 20  0.0007   2468.367996  x:  0.00161   0.05351   0.07470   0.04218   0.01612   0.01899   0.50404   0.07427   0.07054   4.61956   0.29281  
 21  0.0016   2468.367994  x:  0.00162   0.05351   0.07467   0.04218   0.01613   0.01899   0.50406   0.07428   0.07054   4.61983   0.29279  
 22  0.0002   2468.367994  x:  0.00162   0.05351   0.07467   0.04218   0.01612   0.01899   0.50406   0.07429   0.07054   4.61977   0.29278  
 23  0.0000   2468.367994  x:  0.00162   0.05351   0.07467   0.04218   0.01612   0.01899   0.50405   0.07429   0.07054   4.61972   0.29278  
 24  0.0000   2468.367994  x:  0.00162   0.05351   0.07467   0.04218   0.01612   0.01899   0.50405   0.07429   0.07054   4.61973   0.29278  
 25  0.0000   2468.367994  x:  0.00162   0.05351   0.07467   0.04218   0.01612   0.01899   0.50405   0.07429   0.07054   4.61973   0.29278  