Aquila_chrysaetos Camarhynchus_parvulus Colius_striatus Falco_peregrinus Falco_tinnunculus Haliaeetus_leucocephalus Leptosomus_discolor Tyto_alba
0.00019521 1.314e-06 0.078826 0.0046949 0.0011061 9.4611e-05 3.683e-05 1.445e-05
0.00019359 1.1688e-06 0.077461 0.0046938 0.0011034 9.1191e-05 3.5449e-05 1.3496e-05
0.00019201 1.0661e-06 0.076407 0.0046928 0.0011007 8.7832e-05 3.4174e-05 1.2613e-05
0.0001904 9.4617e-07 0.075214 0.0046917 0.0010981 8.4439e-05 3.2849e-05 1.1697e-05
0.00018878 8.0531e-07 0.073863 0.0046906 0.0010953 8.1012e-05 3.1469e-05 1.0744e-05
0.00018714 6.3736e-07 0.072322 0.0046894 0.0010926 7.7546e-05 3.0029e-05 9.7498e-06
0.00018553 5.1816e-07 0.07112 0.0046883 0.0010899 7.4141e-05 2.8697e-05 8.8285e-06
0.00018395 4.3436e-07 0.070204 0.0046874 0.0010872 7.0797e-05 2.7469e-05 7.9767e-06
0.00018235 3.3064e-07 0.069114 0.0046864 0.0010846 6.7408e-05 2.6174e-05 7.9146e-06
0.00018079 2.6225e-07 0.065381 0.0046855 0.0010819 6.4091e-05 2.4997e-05 7.8681e-06
0.00017927 2.1589e-07 0.062475 0.0046847 0.0010793 6.0838e-05 2.3943e-05 7.8355e-06
0.00017772 1.6423e-07 0.059097 0.0046839 0.0010766 5.754e-05 2.2826e-05 7.7914e-06
0.00017621 1.2925e-07 0.056477 0.0046832 0.001074 5.4306e-05 2.1805e-05 7.7612e-06
0.00017467 8.53e-08 0.053443 0.0046824 0.0010714 5.1029e-05 2.0727e-05 7.7199e-06
0.00017317 5.5505e-08 0.051099 0.0046817 0.0010688 4.7815e-05 1.9741e-05 7.6926e-06
0.00017171 3.6058e-08 0.043842 0.0046812 0.0010662 4.4671e-05 1.8849e-05 7.6804e-06
0.00017013 3.5435e-08 0.03543 0.0046806 0.0010636 4.4388e-05 1.7904e-05 7.657e-06
0.00016853 3.3139e-08 0.025613 0.00468 0.001061 4.4089e-05 1.6901e-05 7.6221e-06
0.00016696 3.276e-08 0.018412 0.0046794 0.0010584 4.3802e-05 1.3719e-05 7.6028e-06
0.00016537 3.0818e-08 0.010058 0.0046788 0.0010558 4.3498e-05 1.3269e-05 7.5724e-06
0.00016375 2.7164e-08 0.0088262 0.0046784 0.0010532 4.3177e-05 1.2787e-05 7.5304e-06
0.0001621 2.5598e-08 0.0079348 0.0046781 0.0010507 4.2835e-05 1.2376e-05 7.2045e-06
0.00016048 2.52e-08 0.0072232 0.0046778 0.0010482 4.2501e-05 1.1999e-05 6.9036e-06
0.00015889 2.5772e-08 0.0066424 0.0046777 0.0010457 4.2175e-05 1.1649e-05 6.6236e-06
0.00015728 2.5366e-08 0.0060028 0.0046776 0.0010432 4.1836e-05 1.1284e-05 6.3322e-06
0.0001557 2.456e-08 0.0054766 0.0046775 0.0010407 4.1504e-05 1.0945e-05 6.0602e-06
0.00015415 2.3355e-08 0.0050408 0.0046776 0.0010383 4.1179e-05 1.063e-05 5.8055e-06
0.00015262 2.1751e-08 0.0046787 0.0046777 0.0010359 4.0858e-05 1.0336e-05 5.5667e-06
0.00015112 2.0901e-08 0.0043777 0.004678 0.0010335 4.0543e-05 1.0062e-05 5.3424e-06
0.00014964 2.064e-08 0.0041241 0.0046783 0.0010311 4.0232e-05 9.8055e-06 5.1304e-06
0.00014818 2.1022e-08 0.0039151 0.0046787 0.0010287 3.9926e-05 9.566e-06 4.931e-06
0.00014674 2.2065e-08 0.0037446 0.0046791 0.0010264 3.9624e-05 9.3429e-06 4.7435e-06
0.00014532 2.3741e-08 0.0036051 0.0046797 0.001024 3.9326e-05 9.134e-06 4.5662e-06
0.00014393 2.624e-08 0.0034958 0.0046804 0.0010217 3.9033e-05 8.9401e-06 4.3995e-06
0.00014255 2.9608e-08 0.0034115 0.0046811 0.0010194 3.8743e-05 8.7591e-06 4.2419e-06
0.00014119 3.403e-08 0.0033503 0.0046819 0.0010172 3.8456e-05 8.5905e-06 4.0929e-06
0.00013982 3.7517e-08 0.0032755 0.0046827 0.0010149 3.816e-05 8.4138e-06 3.9384e-06
0.00013848 4.2347e-08 0.003225 0.0046835 0.0010126 3.7868e-05 8.2504e-06 3.793e-06
0.00013715 4.8843e-08 0.0031976 0.0046845 0.0010104 3.758e-05 8.0999e-06 3.6565e-06
0.00013581 5.4216e-08 0.0031572 0.0046854 0.0010081 3.7282e-05 7.9413e-06 3.5145e-06
0.0001345 6.1546e-08 0.0031395 0.0046864 0.0010059 3.6988e-05 7.7955e-06 3.3812e-06
0.00013317 6.7624e-08 0.0031086 0.0046874 0.0010036 3.6684e-05 7.6414e-06 3.2423e-06
0.00013184 7.2465e-08 0.0030636 0.0046883 0.0010014 3.637e-05 7.4786e-06 3.0974e-06
0.00013052 7.9315e-08 0.003041 0.0046893 0.00099913 3.606e-05 7.3284e-06 2.961e-06
0.00012923 8.9028e-08 0.0030434 0.0046905 0.00099692 3.5755e-05 7.1921e-06 2.834e-06
0.00012792 9.6846e-08 0.0030284 0.0046915 0.00099468 3.5438e-05 7.0451e-06 2.6997e-06
0.00012664 1.0823e-07 0.002724 0.0046927 0.00099248 3.5129e-05 6.9135e-06 2.5757e-06
0.00012539 1.0584e-07 0.0024871 0.004694 0.0009903 3.4828e-05 6.7992e-06 2.4627e-06
0.00012416 1.0636e-07 0.0023048 0.0046954 0.00098815 3.4535e-05 6.7013e-06 2.3602e-06
0.00012292 1.0494e-07 0.0020918 0.0046968 0.00098597 3.4229e-05 6.591e-06 2.2496e-06
0.00012171 1.0625e-07 0.0019257 0.0046983 0.00098383 3.393e-05 6.4957e-06 2.1484e-06
0.00012052 9.3883e-08 0.0018028 0.0046999 0.00098172 3.3641e-05 6.4168e-06 2.057e-06
0.00011932 7.8056e-08 0.0016521 0.0047015 0.00097958 3.3336e-05 6.3246e-06 1.9574e-06
0.00011809 5.7918e-08 0.0014695 0.0047029 0.00097743 3.3017e-05 6.2186e-06 1.8489e-06
0.00011684 3.2147e-08 0.0015366 0.0047043 0.00097525 3.2681e-05 6.0979e-06 1.7311e-06
0.00011563 1.5813e-08 0.0014717 0.0047058 0.0009731 3.2354e-05 5.9941e-06 1.6236e-06
0.00011444 4.6333e-09 0.0014335 0.0047075 0.00097098 3.2037e-05 5.9062e-06 1.5256e-06
0.00011323 1.6921e-09 0.0013321 0.0047093 0.00096889 3.1702e-05 5.7146e-06 1.5298e-06
0.00011199 1.7356e-09 0.001204 0.004711 0.00096678 3.1352e-05 5.506e-06 1.5278e-06
0.00011079 1.8494e-09 0.0011099 0.0047128 0.0009647 3.1011e-05 5.3185e-06 1.5308e-06
0.00010961 2.0516e-09 0.0010435 0.0047148 0.00096266 3.0679e-05 5.1505e-06 1.5388e-06
0.00010847 2.3746e-09 0.0010004 0.004717 0.00096064 3.0355e-05 5.0006e-06 1.5519e-06
0.00010735 2.8704e-09 0.00097772 0.0047192 0.00095865 3.0041e-05 4.8677e-06 1.5702e-06
0.00010626 1.191e-09 0.00097816 0.0047084 0.00095689 2.9736e-05 4.3449e-06 1.5966e-06
0.00010515 1.5171e-09 0.00096157 0.0046975 0.00095512 2.9415e-05 4.3404e-06 1.6166e-06
0.00010402 1.1966e-09 0.00092773 0.0046864 0.00095331 2.908e-05 4.3247e-06 1.6303e-06
0.00010291 8.8268e-10 0.00091272 0.0046756 0.00095154 2.8753e-05 4.3203e-06 1.6494e-06
0.00010184 5.2505e-10 0.0009155 0.0046649 0.0009498 2.8434e-05 4.3272e-06 1.6739e-06
0.00010074 1.2503e-09 0.00090197 0.0046542 0.00094803 2.81e-05 4.323e-06 1.692e-06
9.9674e-05 2.1196e-09 0.00090788 0.0046436 0.0009463 2.7775e-05 4.0824e-06 1.7164e-06
9.8588e-05 2.2818e-09 0.00089769 0.0046329 0.00094454 2.7435e-05 3.8242e-06 1.7343e-06
9.7528e-05 2.5823e-09 0.00090484 0.0046225 0.00094281 2.7104e-05 3.5883e-06 1.7578e-06
9.6448e-05 2.1685e-09 0.00089596 0.0046119 0.00094106 2.6757e-05 3.3427e-06 1.7749e-06
9.5394e-05 1.8869e-09 0.0009043 0.0046015 0.00093933 2.6419e-05 3.118e-06 1.7976e-06
9.4365e-05 1.6921e-09 0.0009303 0.0045913 0.00093764 2.6088e-05 2.9126e-06 1.8261e-06
9.3362e-05 1.5925e-09 0.00097771 0.0045813 0.00093597 2.5765e-05 2.7264e-06 1.8612e-06
9.2385e-05 1.5713e-09 0.0010502 0.0045712 0.00093428 2.5452e-05 2.558e-06 1.9033e-06
9.1433e-05 1.6246e-09 0.0011532 0.0045612 0.00093262 2.5146e-05 2.4058e-06 1.9528e-06
9.0507e-05 1.7637e-09 0.0012946 0.0045515 0.00093098 2.4849e-05 2.2684e-06 2.0102e-06
8.9562e-05 1.2283e-09 0.0014077 0.0045416 0.00092933 2.4537e-05 2.1183e-06 2.0599e-06
8.864e-05 7.3099e-10 0.0015598 0.004532 0.0009277 2.4232e-05 1.9813e-06 2.117e-06
8.7629e-05 1.5792e-09 0.001681 0.0045222 0.00092605 2.5142e-05 1.8317e-06 2.1663e-06
8.6642e-05 2.0251e-09 0.0018451 0.0045126 0.00092442 2.6069e-05 1.6949e-06 2.2231e-06
8.5636e-05 2.0685e-09 0.001976 0.0045029 0.00092278 2.6976e-05 1.5457e-06 2.2721e-06
8.4654e-05 1.7095e-09 0.0019492 0.0044934 0.00092116 2.7899e-05 1.4089e-06 2.3288e-06
8.3697e-05 1.4719e-09 0.001953 0.0044841 0.00091957 2.8841e-05 1.2844e-06 2.3945e-06
8.2766e-05 1.3106e-09 0.0019879 0.004475 0.00091801 2.9802e-05 1.1712e-06 2.4699e-06
8.1858e-05 1.2303e-09 0.0020566 0.004466 0.00091648 3.0784e-05 1.0682e-06 2.5555e-06
8.0973e-05 1.1455e-09 0.0021609 0.0044573 0.00091498 3.1784e-05 9.7349e-07 2.6513e-06
8.007e-05 3.3297e-09 0.0022369 0.0044484 0.00091345 3.2763e-05 8.6905e-07 2.7377e-06
7.9188e-05 6.3164e-09 0.0023508 0.0044397 0.00091196 3.3761e-05 7.7261e-07 2.8344e-06
7.8328e-05 1.0584e-08 0.0025104 0.0044312 0.00091049 3.4778e-05 6.834e-07 2.9422e-06
7.745e-05 1.2435e-08 0.0025842 0.0044228 0.00090905 3.5772e-05 6.8149e-07 2.9942e-06
7.6593e-05 1.5466e-08 0.0026978 0.0044147 0.00090763 3.6786e-05 6.8226e-07 3.0551e-06
7.5719e-05 1.7173e-08 0.0027818 0.0044064 0.0009062 3.7779e-05 6.7673e-07 3.6609e-06
7.4868e-05 2.0353e-08 0.0029118 0.0043983 0.0009048 3.8794e-05 6.7425e-07 4.3256e-06
7.4e-05 2.2097e-08 0.0030099 0.0043902 0.00090337 3.9787e-05 6.6545e-07 4.9548e-06
7.3155e-05 2.5493e-08 0.0031574 0.0043822 0.00090197 4.0801e-05 6.596e-07 5.6447e-06
7.233e-05 3.1143e-08 0.0033652 0.0043743 0.0009006 4.1837e-05 6.5665e-07 6.4011e-06
7.149e-05 3.4902e-08 0.0035325 0.0043664 0.00089921 4.2852e-05 6.4745e-07 7.1178e-06
7.0634e-05 3.695e-08 0.003663 0.0043584 0.00089779 4.3845e-05 6.3198e-07 7.7964e-06
6.9799e-05 3.2051e-08 0.003853 0.0043505 0.00089641 4.486e-05 6.1943e-07 8.5415e-06
6.8948e-05 2.5132e-08 0.0040044 0.0043426 0.000895 4.5854e-05 6.0076e-07 9.2483e-06
6.8082e-05 1.5778e-08 0.0041188 0.0043346 0.00089357 4.6827e-05 5.7574e-07 9.9168e-06
6.7199e-05 3.4947e-09 0.0041986 0.0043264 0.00089212 4.7779e-05 5.4428e-07 1.0548e-05
6.6298e-05 1.8676e-09 0.0042452 0.0043182 0.00089065 4.8708e-05 5.0622e-07 1.1144e-05
6.5421e-05 6.9585e-10 0.0043426 0.0043101 0.00088921 4.966e-05 4.7153e-07 1.1801e-05
6.4527e-05 9.341e-10 0.0044063 0.004302 0.00088774 5.059e-05 4.3045e-07 1.2422e-05
6.3656e-05 1.1591e-09 0.0045241 0.004294 0.00088631 5.1543e-05 3.926e-07 1.2565e-05
6.2804e-05 1.3774e-09 0.0046993 0.0042862 0.0008849 5.2516e-05 3.5716e-07 1.273e-05
6.1974e-05 1.7031e-09 0.0046424 0.0042786 0.00088352 5.3513e-05 3.2428e-07 1.2921e-05
6.1129e-05 1.3658e-09 0.0045674 0.0042708 0.00088211 5.4488e-05 2.8544e-07 1.3095e-05
6.0305e-05 1.0998e-09 0.0045432 0.0042633 0.00088074 5.5486e-05 2.4899e-07 1.3296e-05
5.9499e-05 8.223e-10 0.0045638 0.0042559 0.00087939 5.6507e-05 2.142e-07 1.3523e-05
5.8714e-05 5.1944e-10 0.004346 0.0042487 0.00087807 5.7552e-05 1.823e-07 1.3458e-05
5.795e-05 1.3097e-10 0.0041969 0.0042416 0.00087678 5.8622e-05 1.5177e-07 1.3415e-05
5.7169e-05 1.2543e-10 0.0040052 0.0042345 0.00087547 5.9669e-05 1.8369e-07 1.3357e-05
5.6374e-05 4.8005e-10 0.0037682 0.0042275 0.00087419 6.0693e-05 2.103e-07 1.3284e-05
5.5563e-05 2.9325e-10 0.0034811 0.0042204 0.00087288 6.1695e-05 4.3125e-07 1.3197e-05
5.4736e-05 8.3732e-10 0.0035824 0.0042133 0.00087155 6.2674e-05 6.3773e-07 1.3094e-05
5.3929e-05 1.3642e-09 0.0037323 0.0042063 0.00087025 6.3675e-05 8.6091e-07 1.3011e-05
5.3108e-05 1.2989e-09 0.003854 0.0041992 0.00086893 6.4657e-05 1.072e-06 1.2917e-05
5.2304e-05 1.2026e-09 0.0040226 0.0041922 0.00086764 6.5659e-05 1.2989e-06 1.284e-05
5.1517e-05 1.052e-09 0.0042452 0.0041854 0.00086636 6.6682e-05 1.5428e-06 1.2781e-05
5.0745e-05 8.2312e-10 0.0045319 0.0041788 0.00086511 6.7725e-05 1.805e-06 1.2738e-05
4.9988e-05 4.8716e-10 0.0048966 0.0041722 0.00086389 6.8789e-05 2.087e-06 1.2711e-05
4.922e-05 1.3824e-09 0.0052175 0.0041656 0.00086264 6.9834e-05 2.3552e-06 1.2674e-05
4.8465e-05 2.3127e-09 0.0056155 0.0041592 0.00086142 7.0897e-05 2.6417e-06 1.2651e-05
4.7724e-05 3.4264e-09 0.0061153 0.0041528 0.00086021 7.1981e-05 2.95e-06 1.2643e-05
4.6972e-05 3.8497e-09 0.0065606 0.0041464 0.00085899 7.3046e-05 3.2438e-06 1.2626e-05
4.621e-05 3.5956e-09 0.0069567 0.00414 0.00085776 7.4094e-05 3.5236e-06 1.2598e-05
4.5461e-05 3.5265e-09 0.0074549 0.0041336 0.00085654 7.5161e-05 3.8251e-06 1.2586e-05
4.4727e-05 3.6407e-09 0.0074841 0.0041274 0.00085535 7.625e-05 4.1505e-06 1.2589e-05
4.3982e-05 3.2251e-09 0.0074859 0.0041211 0.00085414 7.7321e-05 4.4608e-06 1.2583e-05
4.3227e-05 7.4055e-09 0.007461 0.0041148 0.00085292 7.8374e-05 4.7567e-06 1.2566e-05
4.2461e-05 1.087e-08 0.00741 0.0041084 0.00085168 7.9409e-05 5.0389e-06 1.2541e-05
4.1686e-05 1.3365e-08 0.0073329 0.004102 0.00085042 8.0428e-05 5.3083e-06 1.2506e-05
4.0923e-05 1.6825e-08 0.0073006 0.0040957 0.00084919 8.1465e-05 5.5978e-06 1.2485e-05
4.0172e-05 2.1428e-08 0.0073074 0.0040894 0.00084797 8.2518e-05 5.9064e-06 1.2477e-05
3.9411e-05 2.4937e-08 0.0072919 0.0040832 0.00084674 8.3557e-05 6.2028e-06 1.2461e-05
3.8641e-05 2.7392e-08 0.0072534 0.0040769 0.0008455 8.4579e-05 6.4869e-06 1.2436e-05
3.7883e-05 3.0992e-08 0.0072533 0.0040707 0.00084427 8.5618e-05 6.79e-06 1.2424e-05
3.7115e-05 3.3513e-08 0.0072311 0.0040644 0.00084303 8.6641e-05 7.0809e-06 1.2404e-05
3.6338e-05 3.498e-08 0.0071862 0.0040581 0.00084178 8.7648e-05 7.3599e-06 1.2375e-05
3.5573e-05 3.7653e-08 0.0071808 0.0040519 0.00084054 8.8672e-05 7.6584e-06 1.2359e-05
3.4819e-05 4.1765e-08 0.0072152 0.0040458 0.00083932 8.9715e-05 7.978e-06 1.2356e-05
3.4076e-05 4.7739e-08 0.0072917 0.0040398 0.00083812 9.0776e-05 8.3207e-06 1.2365e-05
3.3346e-05 5.6582e-08 0.0069905 0.004034 0.00083694 9.1859e-05 8.6918e-06 1.239e-05
3.2606e-05 6.3426e-08 0.0072654 0.0040283 0.00083578 9.2923e-05 9.0454e-06 1.2405e-05
3.1856e-05 6.8427e-08 0.0074999 0.0040225 0.00083461 9.3968e-05 9.3819e-06 1.2409e-05
3.1117e-05 7.6109e-08 0.0078063 0.0040168 0.00083345 9.5033e-05 9.3261e-06 1.2001e-05
3.0368e-05 8.1847e-08 0.0080707 0.0040111 0.00083228 9.608e-05 9.2589e-06 1.1575e-05
2.9631e-05 7.5589e-08 0.0084158 0.0040055 0.00083113 9.7148e-05 9.2069e-06 1.1182e-05
2.8908e-05 6.752e-08 0.00872 0.0039998 0.00082997 9.8239e-05 9.1446e-06 1.0772e-05
2.8175e-05 5.7614e-08 0.0089901 0.0039941 0.00082879 9.9314e-05 9.0725e-06 1.0349e-05
2.7453e-05 5.0559e-08 0.0093318 0.0039885 0.00082763 0.00010041 9.0138e-06 9.9536e-06
2.6723e-05 4.1943e-08 0.00964 0.0039829 0.00082646 0.00010149 8.9459e-06 9.5452e-06
2.6003e-05 3.5648e-08 0.010023 0.0039773 0.0008253 0.00010258 8.8907e-06 9.1632e-06
2.5292e-05 3.1099e-08 0.010492 0.0039719 0.00082416 0.0001037 8.8478e-06 8.8059e-06
2.4592e-05 2.7912e-08 0.011062 0.0039665 0.00082304 0.00010484 8.817e-06 8.4717e-06
2.3884e-05 2.3728e-08 0.011589 0.0039612 0.00082191 0.00010596 8.7778e-06 8.1267e-06
2.3185e-05 2.0724e-08 0.012228 0.0039559 0.00082079 0.0001071 8.7506e-06 7.804e-06
2.2478e-05 1.675e-08 0.012818 0.0039506 0.00081966 0.00010823 8.7146e-06 7.4702e-06
2.178e-05 1.3705e-08 0.013521 0.0039454 0.00081855 0.00010937 8.6897e-06 7.1565e-06
2.1092e-05 1.1474e-08 0.014374 0.0039402 0.00081745 0.00011054 8.6772e-06 6.8636e-06
2.0412e-05 9.8177e-09 0.015393 0.0039352 0.00081637 0.00011172 8.6761e-06 6.5893e-06
1.9724e-05 7.313e-09 0.016326 0.0039302 0.00081528 0.00011289 8.6651e-06 6.3034e-06
1.9046e-05 5.4704e-09 0.017475 0.0039252 0.00081421 0.00011408 8.6684e-06 6.0392e-06
1.838e-05 4.0897e-09 0.017678 0.0039204 0.00081315 0.0001153 8.686e-06 5.7955e-06
1.7702e-05 6.8209e-09 0.017834 0.0039155 0.00081208 0.00011649 8.6912e-06 5.5378e-06
1.7009e-05 5.9843e-09 0.018084 0.0039107 0.00081103 0.00011765 8.7133e-06 5.303e-06
1.6329e-05 5.5843e-09 0.018442 0.0039061 0.00081001 0.00011884 8.7523e-06 5.0892e-06
1.5661e-05 5.567e-09 0.018931 0.0039016 0.00080901 0.00012006 8.8085e-06 4.8949e-06
1.5005e-05 5.9431e-09 0.019582 0.0038972 0.00080803 0.00012131 8.8825e-06 4.7185e-06
1.4338e-05 5.5065e-09 0.020139 0.0038928 0.00080704 0.00012254 8.9427e-06 4.5299e-06
1.3683e-05 5.4827e-09 0.020881 0.0038885 0.00080606 0.0001238 9.0213e-06 4.3591e-06
1.304e-05 5.8231e-09 0.021838 0.0038843 0.00080511 0.00012508 9.1176e-06 4.2038e-06
1.241e-05 4.0602e-09 0.024113 0.00388 0.00080414 0.00012641 9.0348e-06 4.1594e-06
1.1768e-05 6.0244e-09 0.026093 0.0038757 0.00080315 0.00012771 8.9372e-06 4.1063e-06
1.1138e-05 9.0244e-09 0.028619 0.0038714 0.00080218 0.00012904 8.8576e-06 4.0631e-06
1.0497e-05 1.091e-08 0.03083 0.0038672 0.00080119 0.00013035 8.7637e-06 4.0113e-06
9.8661e-06 1.3777e-08 0.033631 0.003863 0.00080023 0.00013168 8.6873e-06 3.9689e-06
9.2457e-06 1.8012e-08 0.037174 0.0038589 0.00079928 0.00013305 8.6278e-06 3.9357e-06
8.6352e-06 2.4203e-08 0.038191 0.003855 0.00079836 0.00013445 8.5849e-06 3.9113e-06
8.014e-06 2.8611e-08 0.039055 0.003851 0.00079742 0.00013582 8.5279e-06 3.8787e-06
7.6794e-06 3.5536e-08 0.040211 0.0038472 0.0007965 0.0001359 8.4888e-06 3.8556e-06
7.3372e-06 4.0605e-08 0.041213 0.0038432 0.00079556 0.00013595 8.4367e-06 3.8249e-06
6.9994e-06 4.8201e-08 0.042499 0.0038394 0.00079465 0.00013603 8.3999e-06 3.8024e-06
6.6657e-06 5.9226e-08 0.044133 0.0038357 0.00079375 0.00013612 8.378e-06 3.7878e-06
6.3247e-06 6.7793e-08 0.04557 0.0038319 0.00079284 0.00013619 8.3439e-06 3.766e-06
5.9877e-06 8.0327e-08 0.047389 0.0038281 0.00079191 0.00013629 8.3244e-06 3.7519e-06
5.6552e-06 7.998e-08 0.049731 0.0038244 0.000791 0.0001364 8.3209e-06 3.7463e-06
5.3156e-06 1.0879e-07 0.051806 0.0038206 0.00079007 0.0001365 8.3057e-06 3.7338e-06
4.9691e-06 1.3279e-07 0.053655 0.0038168 0.00078913 0.00013658 8.2791e-06 3.7145e-06
4.6264e-06 1.666e-07 0.055977 0.003813 0.0007882 0.00013667 8.2667e-06 3.7028e-06
4.7329e-06 1.954e-07 0.058077 0.0038092 0.00078726 0.0001367 8.244e-06 3.685e-06
4.8393e-06 2.3422e-07 0.060633 0.0038056 0.00078634 0.00013674 8.2334e-06 3.6734e-06
4.9407e-06 2.6777e-07 0.062965 0.0038018 0.0007854 0.00013676 8.213e-06 3.656e-06
5.0418e-06 3.1249e-07 0.065777 0.0037982 0.00078448 0.0001368 8.2041e-06 3.6446e-06
5.1394e-06 3.5685e-07 0.068583 0.0037945 0.00078356 0.00013684 8.1923e-06 3.6311e-06
5.2336e-06 4.0086e-07 0.071383 0.0037909 0.00078263 0.00013687 8.1777e-06 3.6158e-06
5.3243e-06 4.4451e-07 0.074177 0.0037873 0.0007817 0.00013689 8.1603e-06 3.5984e-06
5.4115e-06 4.878e-07 0.076965 0.0037836 0.00078076 0.0001369 8.1401e-06 3.5791e-06
5.4952e-06 5.3074e-07 0.079746 0.00378 0.00077982 0.00013692 8.117e-06 3.5579e-06
5.5754e-06 5.7332e-07 0.082522 0.0037763 0.00077888 0.00013692 8.0911e-06 3.5347e-06
5.6522e-06 6.1555e-07 0.085292 0.0037727 0.00077793 0.00013692 8.0624e-06 3.5095e-06
5.7254e-06 6.5742e-07 0.088055 0.003769 0.00077697 0.00013691 8.0308e-06 3.4824e-06
5.7952e-06 6.9893e-07 0.090813 0.0037654 0.00077602 0.0001369 7.9964e-06 3.4533e-06
5.8604e-06 7.4009e-07 0.093397 0.0037617 0.00077505 0.00013688 7.9542e-06 3.4195e-06
5.9249e-06 7.8089e-07 0.096443 0.0037581 0.00077409 0.00013687 7.9218e-06 3.3907e-06
5.9891e-06 8.2133e-07 0.10008 0.0037545 0.00077315 0.00013687 7.8999e-06 3.3672e-06
6.0527e-06 8.1382e-07 0.10435 0.0037511 0.00077223 0.00013688 7.8874e-06 3.3484e-06
6.1159e-06 8.1262e-07 0.10942 0.0037477 0.00077131 0.00013691 7.8852e-06 3.3347e-06
6.1785e-06 8.1707e-07 0.11536 0.0037445 0.00077041 0.00013695 7.8919e-06 3.3254e-06
6.2407e-06 7.7051e-07 0.1224 0.0037413 0.00076953 0.000137 7.9088e-06 3.3209e-06
6.3024e-06 7.3557e-07 0.13073 0.0037381 0.00076866 0.00013707 7.9355e-06 3.3213e-06
6.3636e-06 7.0998e-07 0.14055 0.0037351 0.0007678 0.00013715 7.972e-06 3.3263e-06
6.4244e-06 6.921e-07 0.15214 0.0037322 0.00076695 0.00013724 8.0185e-06 3.3361e-06
6.4847e-06 6.8078e-07 0.1658 0.0037293 0.00076612 0.00013735 8.075e-06 3.3505e-06
6.5405e-06 6.6706e-07 0.17876 0.0037264 0.00076528 0.00013744 8.1246e-06 3.3608e-06
6.5919e-06 6.5076e-07 0.19104 0.0037234 0.00076443 0.00013752 8.1673e-06 3.3671e-06
6.6429e-06 6.4068e-07 0.20549 0.0037206 0.00076359 0.00013762 8.22e-06 3.378e-06
6.6894e-06 6.2829e-07 0.21922 0.0037177 0.00076274 0.0001377 8.2658e-06 3.3849e-06
6.7352e-06 6.2118e-07 0.23517 0.0037149 0.0007619 0.00013779 8.3208e-06 3.396e-06
6.7803e-06 6.1896e-07 0.25371 0.0037122 0.00076108 0.0001379 8.385e-06 3.4112e-06
6.821e-06 6.1455e-07 0.27127 0.0037094 0.00076024 0.00013799 8.4421e-06 3.4224e-06
6.8611e-06 5.527e-07 0.29195 0.0037067 0.00075942 0.0001381 8.5096e-06 3.4382e-06
6.9009e-06 5.0514e-07 0.3163 0.0037041 0.00075861 0.00013822 8.5879e-06 3.459e-06
6.9362e-06 4.5308e-07 0.33942 0.0037014 0.0007578 0.00013833 8.6591e-06 3.4756e-06
6.9671e-06 3.9616e-07 0.36136 0.0036988 0.00075697 0.00013842 8.7232e-06 3.4881e-06
6.9935e-06 3.3372e-07 0.38214 0.0036961 0.00075613 0.00013851 8.78e-06 3.4964e-06
7.0222e-06 2.8561e-07 0.40663 0.0036935 0.00075531 0.00013539 8.8477e-06 3.5096e-06
7.0503e-06 2.4781e-07 0.41169 0.0036909 0.00075449 0.00013231 8.9254e-06 3.5272e-06
7.0781e-06 2.1883e-07 0.41769 0.0036885 0.0007537 0.00012928 8.5427e-06 3.55e-06
7.1052e-06 1.9622e-07 0.42471 0.0036861 0.00075291 0.00012627 8.1802e-06 3.5773e-06
7.1279e-06 1.7112e-07 0.43135 0.0036836 0.00075211 0.00012326 7.8074e-06 3.6004e-06
7.1461e-06 1.4326e-07 0.43763 0.0036812 0.0007513 0.00012022 7.4238e-06 3.6192e-06
7.1638e-06 1.2179e-07 0.44505 0.0036788 0.00075051 0.00011722 7.0619e-06 3.6431e-06
7.1772e-06 9.8001e-08 0.45208 0.0036764 0.00074971 0.00011421 6.6898e-06 3.6628e-06
7.1899e-06 7.9202e-08 0.4603 0.0036741 0.00074891 0.00011123 6.3369e-06 3.6871e-06
7.1981e-06 5.8219e-08 0.46805 0.0036717 0.00074811 0.00010823 5.9735e-06 3.707e-06
7.2059e-06 4.1925e-08 0.47724 0.0036695 0.00074732 0.00010527 5.6305e-06 3.7322e-06
7.2092e-06 2.3709e-08 0.48591 0.0036671 0.00074652 0.00010229 5.2773e-06 3.753e-06
7.208e-06 4.192e-09 0.49408 0.0036648 0.00074571 9.9298e-05 4.9133e-06 3.7692e-06
7.2021e-06 2.3138e-09 0.50177 0.0036624 0.00074489 9.6283e-05 4.5382e-06 3.7809e-06
7.196e-06 6.4494e-10 0.51093 0.0036601 0.00074409 9.3308e-05 4.1845e-06 3.7982e-06
7.1852e-06 8.7858e-10 0.51954 0.0036578 0.00074327 9.0313e-05 3.8194e-06 3.8108e-06
7.1743e-06 9.4184e-10 0.52978 0.0036556 0.00074247 8.7359e-05 3.475e-06 3.829e-06
7.1631e-06 8.398e-10 0.54199 0.0036534 0.00074168 8.4446e-05 3.15e-06 3.853e-06
7.1473e-06 3.3092e-09 0.55343 0.0036512 0.00074088 8.1512e-05 2.8143e-06 3.8721e-06
7.1267e-06 5.1171e-09 0.56417 0.003649 0.00074007 7.8557e-05 2.4676e-06 3.8864e-06
7.106e-06 7.2933e-09 0.57697 0.0036468 0.00073927 7.5642e-05 2.1401e-06 3.9066e-06
7.0851e-06 1.0015e-08 0.59225 0.0036448 0.00073849 7.2768e-05 1.8307e-06 3.9327e-06
7.0641e-06 1.3526e-08 0.61055 0.0036428 0.00073772 6.9933e-05 1.5382e-06 3.965e-06
7.0383e-06 1.6155e-08 0.62765 0.0036408 0.00073694 6.7078e-05 1.2358e-06 3.9923e-06
7.0077e-06 1.7915e-08 0.64359 0.0036387 0.00073615 6.4201e-05 9.2272e-07 4.0143e-06
6.977e-06 2.0516e-08 0.66264 0.0036368 0.00073537 6.1363e-05 6.2637e-07 4.0426e-06
6.9411e-06 5.0727e-08 0.68006 0.0036348 0.00073458 5.8499e-05 3.1737e-07 4.0647e-06
6.8909e-06 7.6671e-08 0.69601 0.0036327 0.00073378 5.8581e-05 2.8795e-07 4.0804e-06
6.8354e-06 9.88e-08 0.71061 0.0036306 0.00073296 5.8649e-05 2.5357e-07 4.0897e-06
6.7804e-06 1.2997e-07 0.72852 0.0036286 0.00073216 5.8728e-05 2.2018e-07 4.1067e-06
6.7201e-06 1.567e-07 0.74497 0.0036265 0.00073134 5.8793e-05 2.7312e-07 4.1175e-06
6.6546e-06 1.7951e-07 0.76008 0.0036244 0.00073051 5.8844e-05 3.2086e-07 4.1219e-06
6.5837e-06 1.9889e-07 0.774 0.0036222 0.00072967 5.8881e-05 3.6346e-07 4.1199e-06
6.513e-06 2.252e-07 0.79066 0.0036202 0.00072884 5.8926e-05 4.074e-07 4.1248e-06
6.4428e-06 2.256e-07 0.81098 0.0036182 0.00072803 5.8982e-05 4.533e-07 4.1373e-06
6.373e-06 2.3002e-07 0.8358 0.0036163 0.00072723 5.9047e-05 5.0142e-07 4.1575e-06
6.2979e-06 2.3209e-07 0.85858 0.0036144 0.00072643 5.9098e-05 5.441e-07 4.1713e-06
6.2233e-06 2.3844e-07 0.88642 0.0036126 0.00072564 5.9159e-05 5.8917e-07 4.1929e-06
6.1434e-06 2.4233e-07 0.91202 0.0036107 0.00072483 5.9207e-05 6.2879e-07 4.2081e-06
6.0582e-06 2.438e-07 0.93556 0.0036088 0.00072401 5.924e-05 6.6294e-07 4.2168e-06
5.9676e-06 2.4277e-07 0.95718 0.0036068 0.00072318 5.926e-05 6.9151e-07 4.2188e-06
5.8713e-06 2.389e-07 0.97688 0.0036048 0.00072233 5.9264e-05 7.1422e-07 4.2133e-06
5.7758e-06 2.3963e-07 0.98211 0.0036028 0.0007215 5.9279e-05 7.3962e-07 4.2166e-06
5.6817e-06 2.2058e-07 0.9836 0.003601 0.00072069 5.9307e-05 7.6863e-07 4.2299e-06
5.5885e-06 2.0853e-07 0.98549 0.0035993 0.0007199 5.9348e-05 8.0095e-07 4.2523e-06
5.4966e-06 1.6098e-07 0.98795 0.0035978 0.00071914 5.9402e-05 8.3743e-07 4.2852e-06
5.406e-06 1.2884e-07 0.99114 0.0035963 0.00071839 5.9469e-05 8.7841e-07 4.3288e-06
5.3092e-06 8.9015e-08 0.99392 0.0035948 0.00071763 5.9519e-05 9.1222e-07 4.3634e-06
5.2137e-06 6.2327e-08 0.99478 0.0035934 0.00071689 5.9583e-05 9.5078e-07 4.409e-06
5.1122e-06 2.9197e-08 0.99554 0.0035919 0.00071613 5.963e-05 9.822e-07 4.4457e-06
5.0044e-06 2.5577e-08 0.99619 0.0035904 0.00071536 5.9659e-05 1.0063e-06 4.4732e-06
4.898e-06 2.3773e-08 0.99637 0.003589 0.0007146 5.9702e-05 1.0353e-06 4.5136e-06
4.7856e-06 2.0524e-08 0.99652 0.0035876 0.00071383 5.9728e-05 1.0573e-06 4.5452e-06
4.667e-06 1.5645e-08 0.99664 0.0035862 0.00071308 5.9737e-05 1.072e-06 4.5678e-06
4.5496e-06 1.2522e-08 0.99683 0.003585 0.00071235 5.9759e-05 1.0913e-06 4.6011e-06
4.4262e-06 7.9784e-09 0.99699 0.0035838 0.0007116 5.9764e-05 1.1036e-06 4.6257e-06
4.3035e-06 4.7321e-09 0.99721 0.0035826 0.00071088 5.9781e-05 1.1197e-06 4.6598e-06
4.175e-06 5.8977e-09 0.9974 0.0035814 0.00071013 5.9781e-05 1.1291e-06 4.6856e-06
4.0406e-06 6.2105e-09 0.99757 0.0035801 0.00070937 5.9766e-05 1.1316e-06 4.703e-06
3.9069e-06 6.9683e-09 0.9978 0.0035789 0.00070863 5.9761e-05 1.138e-06 4.7299e-06
3.7674e-06 6.8592e-09 0.998 0.0035776 0.00070787 5.9741e-05 1.1376e-06 4.7486e-06
3.6289e-06 7.2923e-09 0.99827 0.0035765 0.00070713 5.9733e-05 1.1417e-06 4.7777e-06
3.4846e-06 6.8475e-09 0.99851 0.0035753 0.00070637 5.9709e-05 1.1389e-06 4.7985e-06
3.3344e-06 5.4985e-09 0.99873 0.003574 0.0007056 5.9669e-05 1.1293e-06 4.8108e-06
3.185e-06 4.646e-09 0.99876 0.0035728 0.00070484 5.9641e-05 1.1238e-06 4.833e-06
3.0295e-06 8.4298e-09 0.99879 0.0035716 0.00070407 5.9595e-05 1.111e-06 4.8462e-06
2.8751e-06 1.3935e-08 0.99884 0.0035705 0.00070332 5.9563e-05 1.1029e-06 4.8704e-06
2.7218e-06 2.2109e-08 0.99892 0.0035695 0.00070259 5.9545e-05 1.0994e-06 4.9059e-06
2.5695e-06 2.3097e-08 0.99905 0.0035686 0.00070188 5.954e-05 1.1006e-06 4.9531e-06
2.4182e-06 2.5811e-08 0.99905 0.0035679 0.0007012 5.9549e-05 1.1064e-06 5.0125e-06
2.261e-06 2.7077e-08 0.99905 0.0035671 0.0007005 5.9541e-05 1.1052e-06 5.0625e-06
2.098e-06 2.6959e-08 0.99904 0.0035662 0.00069978 5.9516e-05 1.097e-06 5.1033e-06
1.9289e-06 2.5411e-08 0.99902 0.0035652 0.00069904 5.9474e-05 1.0816e-06 5.1345e-06
1.7605e-06 2.5239e-08 0.99902 0.0035644 0.00069832 5.9444e-05 1.0702e-06 5.1766e-06
1.586e-06 2.3656e-08 0.99902 0.0035634 0.00069758 5.9397e-05 1.0517e-06 5.209e-06
1.4046e-06 2.4574e-08 0.99893 0.0035626 0.00069686 5.9327e-05 1.0578e-06 5.0854e-06
1.4455e-06 2.4146e-08 0.99882 0.0035618 0.00069612 5.9196e-05 1.057e-06 4.9506e-06
1.4853e-06 2.5165e-08 0.99875 0.003561 0.00069541 5.9078e-05 1.0605e-06 4.8312e-06
1.5202e-06 2.4853e-08 0.99867 0.0035602 0.00069468 5.8944e-05 1.0573e-06 4.7011e-06
1.5503e-06 2.3205e-08 0.99858 0.0035593 0.00069393 5.8793e-05 1.0473e-06 4.56e-06
1.5755e-06 2.0104e-08 0.99847 0.0035584 0.00069316 5.8625e-05 1.0302e-06 4.4072e-06
1.5992e-06 1.8382e-08 0.99804 0.0035575 0.00069242 5.8469e-05 1.0169e-06 4.2689e-06
1.6217e-06 1.7896e-08 0.99771 0.0035568 0.00069169 5.8326e-05 1.0079e-06 4.1454e-06
1.6394e-06 1.6214e-08 0.99735 0.003556 0.00069094 5.8167e-05 9.9217e-07 4.0115e-06
1.6559e-06 1.5677e-08 0.99707 0.0035554 0.00069022 5.802e-05 9.8062e-07 3.8919e-06
1.6674e-06 1.3949e-08 0.99676 0.0035546 0.00068948 5.7857e-05 9.6215e-07 3.7616e-06
1.6741e-06 2.0377e-08 0.9964 0.0035538 0.00068872 5.7677e-05 9.3685e-07 3.6206e-06
1.6796e-06 2.9994e-08 0.99613 0.0035531 0.00068798 5.7511e-05 9.1587e-07 3.4942e-06
1.6838e-06 3.9219e-08 0.99521 0.0035524 0.00068722 5.7357e-05 8.9989e-07 3.3833e-06
1.6867e-06 4.805e-08 0.9945 0.0035517 0.00068648 5.7216e-05 8.8791e-07 3.2849e-06
1.6885e-06 5.6488e-08 0.99205 0.0035512 0.00068577 5.7089e-05 8.7982e-07 3.1983e-06
1.689e-06 5.5524e-08 0.9901 0.0035508 0.00068507 5.6973e-05 8.7498e-07 3.1215e-06
1.6882e-06 5.6821e-08 0.98855 0.0035505 0.0006844 5.6871e-05 8.7378e-07 3.0547e-06
8.9293e-07 5.2986e-08 0.94674 0.0035466 0.00066918 5.4098e-05 8.1068e-07 1.3875e-06
8.2478e-07 2.9773e-08 0.9448 0.0035468 0.00066854 5.3976e-05 9.143e-07 1.3275e-06
7.5491e-07 1.2666e-08 0.94322 0.0035472 0.00066791 5.3864e-05 1.0247e-06 1.2725e-06
8.5908e-07 1.1671e-08 0.94151 0.0035475 0.00066727 5.3731e-05 1.1278e-06 1.2124e-06
9.6196e-07 1.1267e-08 0.94012 0.0035479 0.00066665 5.3607e-05 1.2377e-06 1.157e-06
1.0634e-06 1.1324e-08 0.93897 0.0035483 0.00066604 5.3491e-05 1.3541e-06 1.1052e-06
1.1602e-06 1.0592e-08 0.93773 0.0035488 0.00066541 5.3361e-05 1.463e-06 1.0488e-06
1.2555e-06 1.0291e-08 0.93672 0.0035493 0.0006648 5.3239e-05 1.5785e-06 9.9579e-07
1.3462e-06 9.2184e-09 0.93561 0.0035497 0.00066418 5.3104e-05 1.6866e-06 9.3827e-07
1.4356e-06 8.6088e-09 0.93473 0.0035503 0.00066357 5.2977e-05 1.8021e-06 8.8453e-07
1.5237e-06 8.404e-09 0.93405 0.003551 0.00066298 5.2858e-05 1.9259e-06 8.3431e-07
1.6072e-06 7.4594e-09 0.93329 0.0035516 0.00066238 5.2727e-05 2.0418e-06 7.7965e-07
1.6893e-06 6.8462e-09 0.92946 0.0035346 0.00066183 5.2603e-05 2.1654e-06 7.2808e-07
1.77e-06 6.5042e-09 0.92623 0.0035178 0.00066129 5.2486e-05 2.2974e-06 6.7931e-07
1.8496e-06 6.4597e-09 0.92356 0.0035012 0.00066077 5.2377e-05 2.4393e-06 6.335e-07
1.9245e-06 5.7316e-09 0.92069 0.0034845 0.00066024 5.2256e-05 2.5728e-06 5.8361e-07
1.9941e-06 5.2841e-09 0.91832 0.003468 0.00065972 5.2118e-05 2.7167e-06 5.3656e-07
2.0626e-06 5.0706e-09 0.91637 0.0034517 0.00065922 5.1988e-05 2.8718e-06 4.9211e-07
2.1297e-06 5.0275e-09 0.91475 0.0034356 0.00065873 5.1866e-05 3.0378e-06 4.4968e-07
2.1955e-06 5.1636e-09 0.91341 0.0034196 0.00065826 5.175e-05 3.2155e-06 4.0912e-07
2.2566e-06 4.6182e-09 0.91195 0.0034036 0.00065777 5.1622e-05 3.3829e-06 3.6463e-07
2.3167e-06 4.3098e-09 0.9052 0.0033878 0.0006573 5.1502e-05 3.5643e-06 3.2234e-07
2.372e-06 3.3163e-09 0.89794 0.0033719 0.00065681 5.1369e-05 3.7348e-06 2.761e-07
2.4263e-06 2.5331e-09 0.89194 0.0033562 0.00065634 5.1245e-05 3.92e-06 2.3199e-07
2.4796e-06 1.8425e-09 0.8658 0.0033407 0.00065589 5.1129e-05 4.1199e-06 1.8954e-07
2.5318e-06 1.1831e-09 0.84379 0.0033253 0.00065545 5.1021e-05 4.3358e-06 1.4855e-07
2.579e-06 2.6615e-09 0.81998 0.0033099 0.00065499 5.0899e-05 4.5386e-06 1.0371e-07
3.1628e-06 3.4062e-09 0.81695 0.0032944 0.00065452 5.0701e-05 4.7138e-06 1.1022e-07
3.7543e-06 4.3701e-09 0.81451 0.0032791 0.00065407 5.0512e-05 4.9049e-06 1.1635e-07
4.3378e-06 4.7999e-09 0.81184 0.0032637 0.00065361 5.031e-05 5.0848e-06 1.1966e-07
4.9279e-06 5.4327e-09 0.80966 0.0032485 0.00065315 5.0116e-05 5.2791e-06 1.2243e-07
5.5235e-06 6.2371e-09 0.80785 0.0032334 0.00065271 4.9927e-05 5.4864e-06 1.2447e-07
6.1251e-06 7.3024e-09 0.80638 0.0032185 0.00065228 4.9745e-05 5.7083e-06 1.2584e-07
6.7204e-06 7.73e-09 0.8048 0.0032036 0.00065185 4.9551e-05 5.9213e-06 1.2466e-07
7.3207e-06 8.3724e-09 0.8035 0.0031887 0.00065142 4.9363e-05 6.1472e-06 1.2265e-07
7.915e-06 8.3854e-09 0.8021 0.0031739 0.00065098 4.9164e-05 6.3645e-06 1.1813e-07
8.5032e-06 7.7727e-09 0.80061 0.003159 0.00065053 4.8954e-05 6.5734e-06 1.1111e-07
9.0971e-06 7.4125e-09 0.79941 0.0031442 0.00065009 4.875e-05 6.7964e-06 1.0332e-07
9.6966e-06 7.279e-09 0.79846 0.0031296 0.00064967 4.8551e-05 7.0343e-06 9.4747e-08
1.0302e-05 7.3646e-09 0.79775 0.0031152 0.00064926 4.8358e-05 7.2879e-06 8.5353e-08
1.0901e-05 6.8506e-09 0.79697 0.0031007 0.00064883 4.8154e-05 7.5327e-06 7.3502e-08
1.1506e-05 6.502e-09 0.79639 0.0030863 0.00064842 4.7955e-05 7.7924e-06 6.0719e-08
1.2104e-05 5.5454e-09 0.79574 0.0030719 0.000648 4.7745e-05 8.0427e-06 9.1246e-08
1.2697e-05 3.9728e-09 0.79874 0.0030574 0.00064756 4.7525e-05 8.2837e-06 1.1904e-07
1.3283e-05 7.1942e-09 0.80159 0.0030429 0.00064712 4.7295e-05 8.5159e-06 1.4414e-07
1.3864e-05 9.716e-09 0.80428 0.0030284 0.00064667 4.7056e-05 8.7395e-06 1.6657e-07
1.4438e-05 1.1545e-08 0.80681 0.0030138 0.0006462 4.6806e-05 8.9544e-06 1.8633e-07
1.5018e-05 1.3908e-08 0.80984 0.0029994 0.00064575 4.6561e-05 9.1849e-06 2.0596e-07
1.5605e-05 1.6953e-08 0.81343 0.0029851 0.00064531 4.6321e-05 9.4316e-06 2.2552e-07
1.6196e-05 2.0766e-08 0.81381 0.0029709 0.00064488 4.6085e-05 9.6939e-06 2.4492e-07
1.6794e-05 2.568e-08 0.81439 0.0029569 0.00064446 4.5854e-05 9.9741e-06 2.6437e-07
1.7397e-05 3.2003e-08 0.81517 0.002943 0.00064406 4.5627e-05 1.0273e-05 2.8392e-07
1.7995e-05 3.7339e-08 0.81589 0.0029291 0.00064364 4.5391e-05 1.0563e-05 3.0076e-07
1.8587e-05 4.1693e-08 0.81655 0.0029151 0.00064321 4.5145e-05 1.0842e-05 3.1486e-07
1.9185e-05 4.7581e-08 0.81742 0.0029013 0.00064279 4.4904e-05 1.1141e-05 3.2908e-07
1.9789e-05 4.2487e-08 0.81851 0.0028876 0.00064239 4.4667e-05 1.1459e-05 3.433e-07
2.0399e-05 3.8821e-08 0.81987 0.002874 0.00064199 4.4434e-05 1.1797e-05 3.5773e-07
2.1015e-05 3.635e-08 0.82154 0.0028606 0.00064161 4.4205e-05 1.2157e-05 3.7242e-07
2.1638e-05 3.4811e-08 0.82352 0.0028473 0.00064123 4.3981e-05 1.2539e-05 3.8723e-07
2.2254e-05 3.2423e-08 0.82539 0.0028339 0.00064085 4.3746e-05 1.2909e-05 3.9924e-07
2.2877e-05 3.1002e-08 0.82764 0.0028207 0.00064047 4.3516e-05 1.3304e-05 4.1158e-07
2.3507e-05 3.0457e-08 0.83032 0.0028076 0.00064011 4.329e-05 1.3723e-05 4.2429e-07
2.4144e-05 3.0758e-08 0.83351 0.0027946 0.00063976 4.3069e-05 1.417e-05 4.3742e-07
2.4789e-05 3.1927e-08 0.8373 0.0027818 0.00063942 4.2852e-05 1.4645e-05 4.5101e-07
2.5427e-05 3.2297e-08 0.84089 0.0027689 0.00063907 4.2626e-05 1.5107e-05 4.6177e-07
2.6058e-05 3.1845e-08 0.84429 0.002756 0.00063871 4.2389e-05 1.5557e-05 4.6966e-07
2.6092e-05 3.0559e-08 0.84749 0.0027431 0.00063834 4.2639e-05 1.5994e-05 4.7466e-07
2.6128e-05 3.0064e-08 0.85125 0.0027302 0.00063798 4.2893e-05 1.6457e-05 4.7996e-07
2.6158e-05 2.8747e-08 0.8548 0.0027174 0.00063761 4.3136e-05 1.6907e-05 4.8237e-07
2.6184e-05 2.6598e-08 0.85816 0.0027046 0.00063725 4.337e-05 1.7344e-05 4.8189e-07
2.6211e-05 2.5217e-08 0.86208 0.002692 0.0006369 4.3607e-05 1.7808e-05 4.8172e-07
2.6241e-05 2.4525e-08 0.86667 0.0026795 0.00063656 4.3849e-05 1.83e-05 4.8185e-07
2.6272e-05 2.4482e-08 0.87203 0.0026671 0.00063623 4.4094e-05 1.8821e-05 4.8229e-07
2.6299e-05 2.3681e-08 0.87711 0.0026546 0.00063589 4.4329e-05 1.9329e-05 4.7987e-07
2.632e-05 2.2094e-08 0.88191 0.0026422 0.00063554 4.4554e-05 1.9823e-05 4.7455e-07
2.6344e-05 2.1157e-08 0.88752 0.0026298 0.0006352 4.4783e-05 2.0346e-05 4.6957e-07
2.6362e-05 1.9434e-08 0.89282 0.0026174 0.00063485 4.5002e-05 2.0855e-05 4.6164e-07
2.6374e-05 1.8371e-08 0.89907 0.0026051 0.00063451 4.5207e-05 2.0703e-05 4.5448e-07
2.6388e-05 1.7942e-08 0.90028 0.002593 0.00063418 4.5418e-05 2.057e-05 4.4788e-07
2.6405e-05 1.8032e-08 0.90174 0.0025808 0.00063384 4.5634e-05 2.0455e-05 4.4161e-07
2.6424e-05 1.8717e-08 0.90352 0.0025687 0.00063351 4.5854e-05 2.0358e-05 4.3581e-07
2.6438e-05 1.8683e-08 0.90519 0.0025566 0.00063317 4.6064e-05 2.0252e-05 4.2717e-07
2.6455e-05 1.825e-08 0.9072 0.0025446 0.00063285 4.628e-05 2.0165e-05 4.1893e-07
2.6467e-05 1.7416e-08 0.90909 0.0025326 0.00063251 4.6485e-05 2.0067e-05 4.0788e-07
2.6481e-05 1.6183e-08 0.91136 0.0025207 0.00063218 4.6695e-05 1.9988e-05 3.972e-07
2.6491e-05 1.4226e-08 0.9135 0.0025087 0.00063185 4.6896e-05 1.9899e-05 3.8369e-07
2.6502e-05 1.2752e-08 0.91602 0.0024969 0.00063152 4.71e-05 1.9827e-05 3.7033e-07
2.6515e-05 1.1679e-08 0.91896 0.0024851 0.00063121 4.7308e-05 1.977e-05 3.5708e-07
2.6531e-05 1.095e-08 0.9224 0.0024735 0.0006309 4.752e-05 1.9728e-05 3.4389e-07
2.6542e-05 9.5607e-09 0.92565 0.0024619 0.00063058 4.7723e-05 1.9678e-05 3.2791e-07
2.6547e-05 7.5011e-09 0.92874 0.0024502 0.00063026 4.7915e-05 1.9618e-05 3.0913e-07
2.6554e-05 5.7686e-09 0.93234 0.0024386 0.00062994 4.8111e-05 1.9573e-05 2.9042e-07
2.6564e-05 4.2699e-09 0.93654 0.0024271 0.00062963 4.8312e-05 1.9545e-05 2.7174e-07
2.6576e-05 2.9256e-09 0.94143 0.0024158 0.00062934 4.8517e-05 1.9532e-05 2.5308e-07
2.6582e-05 9.7558e-10 0.94606 0.0024043 0.00062903 4.8711e-05 1.9509e-05 2.3157e-07
2.6583e-05 1.3747e-09 0.95045 0.0023929 0.00062871 4.8895e-05 1.9477e-05 2.072e-07
2.6587e-05 1.6495e-09 0.95558 0.0023816 0.00062841 4.9084e-05 1.9461e-05 1.8294e-07
2.6593e-05 1.8225e-09 0.96156 0.0023703 0.00062811 4.9278e-05 1.9462e-05 1.5873e-07
2.6603e-05 1.943e-09 0.9628 0.0023593 0.00062783 4.9479e-05 1.9483e-05 1.3473e-07
2.6607e-05 1.524e-09 0.96396 0.0023481 0.00062753 4.9669e-05 1.9492e-05 1.0781e-07
2.6614e-05 1.0296e-09 0.96534 0.0023371 0.00062725 4.9864e-05 1.9519e-05 8.092e-08
2.6615e-05 2.728e-09 0.96664 0.002326 0.00062696 5.0048e-05 1.9534e-05 9.9034e-08
2.6619e-05 4.6889e-09 0.96674 0.0023151 0.00062667 5.0237e-05 1.9568e-05 1.1679e-07
2.6626e-05 7.1649e-09 0.96693 0.0023042 0.00062641 5.0434e-05 1.9622e-05 1.3441e-07
2.6628e-05 8.8405e-09 0.96709 0.0022934 0.00062613 5.062e-05 1.9665e-05 1.4919e-07
2.6623e-05 9.75e-09 0.96722 0.0022824 0.00062583 5.0793e-05 1.9695e-05 1.6113e-07
2.6613e-05 9.9063e-09 0.96733 0.0022715 0.00062553 5.0955e-05 1.9713e-05 1.7025e-07
2.6596e-05 9.3009e-09 0.96741 0.0022604 0.00062521 5.1104e-05 1.9718e-05 1.7652e-07
2.6573e-05 7.8822e-09 0.96745 0.0022493 0.00062488 5.1241e-05 1.971e-05 1.7989e-07
2.6553e-05 6.9202e-09 0.96759 0.0022384 0.00062456 5.1385e-05 1.9723e-05 1.8304e-07
2.6537e-05 6.333e-09 0.96782 0.0022276 0.00062426 5.1537e-05 1.9757e-05 1.8607e-07
2.6526e-05 6.0915e-09 0.96735 0.0022169 0.00062398 5.1698e-05 1.9814e-05 1.8912e-07
2.652e-05 6.2421e-09 0.96529 0.0022061 0.00062367 5.187e-05 1.9898e-05 1.9246e-07
2.652e-05 6.7975e-09 0.95697 0.0021955 0.00062338 5.2053e-05 2.001e-05 1.961e-07
2.6524e-05 7.757e-09 0.95005 0.0021848 0.00062307 5.2245e-05 2.0147e-05 1.9989e-07
2.6533e-05 9.2242e-09 0.92046 0.0021742 0.00062278 5.2447e-05 2.031e-05 2.0381e-07
2.6547e-05 1.1447e-08 0.89585 0.0021638 0.00062251 5.2659e-05 2.0502e-05 2.0801e-07
2.6553e-05 1.2708e-08 0.87034 0.0021533 0.00062222 5.2856e-05 2.0676e-05 2.0903e-07
2.6565e-05 1.4761e-08 0.84902 0.0021429 0.00062194 5.3064e-05 2.0878e-05 2.102e-07
2.6569e-05 1.6159e-08 0.8263 0.0021325 0.00062166 5.3258e-05 2.1064e-05 2.0837e-07
2.6578e-05 1.8374e-08 0.8072 0.0021222 0.00062138 5.346e-05 2.1275e-05 2.065e-07
2.658e-05 1.9736e-08 0.78697 0.0021119 0.0006211 5.365e-05 2.1473e-05 2.0183e-07
2.6586e-05 2.1915e-08 0.76988 0.0021017 0.00062083 5.3848e-05 2.1695e-05 1.9696e-07
2.6586e-05 2.3243e-08 0.75178 0.0020914 0.00062054 5.4034e-05 2.1904e-05 1.8935e-07
2.6589e-05 2.5432e-08 0.73647 0.0020813 0.00062027 5.4227e-05 2.2137e-05 1.8145e-07
2.6595e-05 2.8639e-08 0.72351 0.0020712 0.00062001 5.4426e-05 2.2394e-05 1.7323e-07
2.6563e-05 3.377e-08 0.62058 0.001972 0.00061733 5.625e-05 2.5202e-05 3.1906e-08
2.655e-05 3.3436e-08 0.61258 0.001962 0.00061704 5.6415e-05 2.5509e-05 3.6092e-08
2.6541e-05 3.4134e-08 0.60589 0.0019522 0.00061676 5.6588e-05 2.5844e-05 3.9016e-08
2.6526e-05 3.39e-08 0.59874 0.0019424 0.00061647 5.6749e-05 2.6165e-05 1.0238e-07
2.6514e-05 3.4708e-08 0.59277 0.0019327 0.00061619 5.6918e-05 2.6516e-05 1.6787e-07
2.6496e-05 3.4583e-08 0.58639 0.0019229 0.0006159 5.7075e-05 2.6852e-05 2.2976e-07
2.6481e-05 3.5404e-08 0.58099 0.0019132 0.00061562 5.7238e-05 2.7216e-05 2.9361e-07
2.646e-05 3.5276e-08 0.5752 0.0019035 0.00061533 5.7389e-05 2.7564e-05 3.5376e-07
2.6443e-05 3.6318e-08 0.5704 0.0018939 0.00061505 5.7548e-05 2.7945e-05 4.1642e-07
2.6428e-05 3.8423e-08 0.56637 0.0018843 0.00061478 5.7714e-05 2.8357e-05 4.8148e-07
2.6408e-05 3.9531e-08 0.56204 0.0018748 0.0006145 5.7868e-05 2.8752e-05 5.4272e-07
2.6381e-05 3.9615e-08 0.55754 0.0018652 0.00061421 5.801e-05 2.913e-05 6.0004e-07
2.6358e-05 4.0805e-08 0.53705 0.0018557 0.00061394 5.8158e-05 2.954e-05 6.5987e-07
2.6338e-05 4.3315e-08 0.5199 0.0018463 0.00061367 5.8315e-05 2.9986e-05 7.2281e-07
2.6322e-05 4.7373e-08 0.50553 0.001837 0.00061342 5.848e-05 3.0472e-05 7.8914e-07
2.6309e-05 5.3377e-08 0.4935 0.0018278 0.00061318 5.8653e-05 3.0998e-05 8.5916e-07
2.629e-05 5.8022e-08 0.48067 0.0018186 0.00061293 5.8813e-05 3.1505e-05 9.2496e-07
2.6265e-05 6.1329e-08 0.46689 0.0018093 0.00061267 5.8962e-05 3.1991e-05 9.8645e-07
2.6244e-05 6.6762e-08 0.40712 0.0018002 0.00061242 5.9119e-05 3.2536e-05 9.436e-07
2.6216e-05 7.0756e-08 0.40008 0.001791 0.00061215 5.9263e-05 3.3034e-05 1.0625e-06
2.6183e-05 7.3416e-08 0.39251 0.0017817 0.00061188 5.9396e-05 3.3512e-05 1.176e-06
2.6152e-05 7.7901e-08 0.38612 0.0017726 0.00061162 5.9535e-05 3.4026e-05 1.2953e-06
2.6116e-05 8.107e-08 0.37927 0.0017634 0.00061134 5.9663e-05 3.4522e-05 1.4096e-06
2.6074e-05 8.2972e-08 0.37193 0.0017542 0.00061106 5.9779e-05 3.4999e-05 1.5188e-06
2.6034e-05 8.6684e-08 0.36573 0.001745 0.00061079 5.9901e-05 3.5513e-05 1.4834e-06
2.5989e-05 8.9128e-08 0.35909 0.0017358 0.0006105 6.0012e-05 3.6009e-05 1.444e-06
2.5946e-05 9.3447e-08 0.35347 0.0017268 0.00061023 6.0129e-05 3.6542e-05 1.4074e-06
2.5898e-05 9.6919e-08 0.34747 0.0017176 0.00060994 6.0235e-05 3.7057e-05 1.367e-06
2.5853e-05 1.0261e-07 0.34246 0.0017086 0.00060967 6.0348e-05 3.7613e-05 1.3297e-06
2.581e-05 1.1088e-07 0.33827 0.0016997 0.00060941 6.0468e-05 3.8211e-05 1.2953e-06
2.5771e-05 1.2224e-07 0.33477 0.0016908 0.00060915 6.0596e-05 3.8853e-05 1.2636e-06
2.5734e-05 1.1646e-07 0.33182 0.0016821 0.00060891 6.0729e-05 3.9538e-05 1.2341e-06
2.5701e-05 1.1302e-07 0.32936 0.0016734 0.00060869 6.0869e-05 4.0272e-05 1.2072e-06
2.567e-05 1.1169e-07 0.32734 0.0016649 0.00060847 6.1017e-05 4.1057e-05 1.1827e-06
2.5641e-05 1.1237e-07 0.3257 0.0016564 0.00060826 6.1171e-05 4.1895e-05 1.1604e-06
2.5616e-05 1.1513e-07 0.32438 0.001648 0.00060807 6.1332e-05 4.279e-05 1.1405e-06
2.5594e-05 1.2017e-07 0.32335 0.0016397 0.00060789 6.1501e-05 4.3746e-05 1.1226e-06
2.5573e-05 1.2804e-07 0.32256 0.0016315 0.00060771 6.1675e-05 4.4759e-05 1.1067e-06
2.5548e-05 1.3443e-07 0.32169 0.0016232 0.00060753 6.1839e-05 4.5749e-05 1.0873e-06
2.5525e-05 1.2297e-07 0.32107 0.0016151 0.00060736 6.201e-05 4.6804e-05 1.07e-06
2.5497e-05 1.098e-07 0.32036 0.0016069 0.00060717 6.217e-05 4.7835e-05 1.0493e-06
2.5472e-05 9.9803e-08 0.31987 0.0015988 0.000607 6.2337e-05 4.8928e-05 1.0303e-06
2.5441e-05 8.8229e-08 0.3193 0.0015906 0.00060682 6.2492e-05 4.9995e-05 1.0079e-06
2.5404e-05 7.4969e-08 0.31866 0.0015825 0.00060663 6.2637e-05 5.1038e-05 9.8213e-07
2.5371e-05 6.5009e-08 0.31824 0.0015744 0.00060645 6.2788e-05 5.215e-05 9.5844e-07
2.5331e-05 5.3468e-08 0.31775 0.0015662 0.00060625 6.2929e-05 5.3235e-05 9.3126e-07
2.5295e-05 4.1536e-08 0.3136 0.0015582 0.00060608 6.3078e-05 5.4394e-05 9.0625e-07
2.5263e-05 2.9214e-08 0.31014 0.0015503 0.00060591 6.3235e-05 5.5632e-05 8.8334e-07
2.5233e-05 1.6502e-08 0.30728 0.0015424 0.00060575 6.34e-05 5.5614e-05 8.6247e-07
2.5206e-05 6.4694e-09 0.30489 0.0015346 0.00060561 6.3572e-05 5.5626e-05 8.4324e-07
2.5174e-05 6.3159e-09 0.30232 0.0015268 0.00060545 6.3732e-05 5.5623e-05 8.2051e-07
2.5144e-05 6.3986e-09 0.2899 0.0015191 0.00060531 6.3901e-05 5.5653e-05 7.9969e-07
2.5118e-05 6.7412e-09 0.2793 0.0015115 0.00060518 6.4077e-05 5.5714e-05 7.8036e-07
2.5094e-05 7.3252e-09 0.27035 0.0015039 0.00060506 6.426e-05 5.5808e-05 7.6266e-07
2.5073e-05 8.1851e-09 0.26278 0.0014965 0.00060495 6.4452e-05 5.5935e-05 7.4647e-07
2.5047e-05 8.412e-09 0.25479 0.001489 0.00060483 6.4632e-05 5.6048e-05 7.2706e-07
2.5023e-05 8.874e-09 0.24794 0.0014815 0.00060472 6.4819e-05 5.619e-05 7.0879e-07
2.5002e-05 9.6541e-09 0.24215 0.0014742 0.00060463 6.5014e-05 5.6366e-05 6.9185e-07
2.4983e-05 1.0746e-08 0.2372 0.0014669 0.00060454 6.5215e-05 5.6572e-05 6.7593e-07
2.4966e-05 1.2219e-08 0.23296 0.0014597 0.00060446 6.5422e-05 5.681e-05 6.6097e-07
2.4944e-05 1.2996e-08 0.22848 0.0014525 0.00060437 6.5619e-05 5.7032e-05 6.4289e-07
2.4925e-05 1.308e-08 0.22373 0.0014452 0.00060428 6.5823e-05 5.724e-05 6.2165e-07
2.49e-05 1.2456e-08 0.21868 0.0014379 0.00060417 6.6016e-05 5.7433e-05 5.9718e-07
2.4878e-05 1.2222e-08 0.19464 0.0014307 0.00060407 6.6216e-05 5.7657e-05 5.7373e-07
2.4858e-05 1.2355e-08 0.17402 0.0014235 0.00060398 6.6423e-05 5.7914e-05 5.5122e-07
2.4841e-05 1.2927e-08 0.15659 0.0014165 0.0006039 6.6637e-05 5.8207e-05 5.2983e-07
2.4826e-05 1.3911e-08 0.14165 0.0014095 0.00060384 6.6859e-05 5.8534e-05 5.0925e-07
2.4814e-05 1.5455e-08 0.12903 0.0014025 0.00060378 6.7089e-05 5.89e-05 4.8965e-07
2.4796e-05 1.625e-08 0.11565 0.0013956 0.00060372 6.7307e-05 5.9249e-05 4.6695e-07
2.4771e-05 1.7693e-08 0.10441 0.0013887 0.00060366 6.7509e-05 5.9639e-05 4.4527e-07
2.4741e-05 1.8331e-08 0.092414 0.0013818 0.0006036 6.77e-05 6.0018e-05 4.2037e-07
2.4712e-05 1.9584e-08 0.082211 0.0013749 0.00060354 6.7898e-05 6.0436e-05 3.9624e-07
2.4679e-05 2.0032e-08 0.071652 0.0013681 0.00060348 6.8084e-05 6.0835e-05 3.6895e-07
2.4639e-05 1.968e-08 0.0604 0.0013612 0.0006034 6.8258e-05 6.1216e-05 3.3849e-07
2.4602e-05 1.9953e-08 0.050844 0.0013543 0.00060334 6.844e-05 6.1636e-05 3.0879e-07
2.4568e-05 2.0863e-08 0.042724 0.0013475 0.00060328 6.863e-05 6.2097e-05 2.7973e-07
2.4528e-05 2.0961e-08 0.041923 0.0013407 0.00060322 6.8808e-05 6.2537e-05 2.4754e-07
2.4491e-05 2.1722e-08 0.041272 0.001334 0.00060316 6.8993e-05 6.302e-05 2.1596e-07
2.4456e-05 2.3198e-08 0.040752 0.0013274 0.00060312 6.9187e-05 6.3547e-05 1.8489e-07
2.4424e-05 2.5619e-08 0.040359 0.0013208 0.00060309 6.9389e-05 6.4123e-05 1.5441e-07
2.4396e-05 2.9096e-08 0.040071 0.0013143 0.00060307 6.96e-05 6.4748e-05 1.2425e-07
2.4361e-05 3.1498e-08 0.039732 0.0013077 0.00060303 6.9798e-05 6.5348e-05 9.0987e-08
2.432e-05 3.2831e-08 0.039336 0.0013012 0.00060299 6.9983e-05 6.5922e-05 1.0674e-07
2.4272e-05 3.3099e-08 0.038878 0.0012945 0.00060293 7.0154e-05 6.647e-05 1.1965e-07
2.4228e-05 3.4486e-08 0.038542 0.001288 0.00060289 7.0335e-05 6.707e-05 1.322e-07
2.4187e-05 3.7159e-08 0.038319 0.0012815 0.00060286 7.0526e-05 6.7726e-05 1.4451e-07
2.4151e-05 4.1485e-08 0.038205 0.0012751 0.00060284 7.0728e-05 6.7404e-05 1.5674e-07
2.4107e-05 4.4298e-08 0.038029 0.0012687 0.00060281 7.0914e-05 6.7053e-05 1.6581e-07
2.4055e-05 4.5617e-08 0.037782 0.0012624 0.00060279 7.1084e-05 6.6671e-05 1.7167e-07
2.4008e-05 3.7751e-08 0.037656 0.0012561 0.0006028 7.1266e-05 6.6341e-05 1.7759e-07
2.3966e-05 3.2592e-08 0.036518 0.00125 0.00060282 7.1463e-05 6.6066e-05 1.8382e-07
2.3916e-05 2.5636e-08 0.035308 0.0012438 0.00060282 7.1642e-05 6.5759e-05 1.8675e-07
2.3871e-05 2.5631e-08 0.033106 0.0012375 0.00060281 7.1836e-05 6.5011e-05 2.2565e-07
2.382e-05 2.4535e-08 0.03068 0.0012312 0.00060278 7.2016e-05 6.4228e-05 2.6081e-07
2.3772e-05 2.4326e-08 0.028659 0.001225 0.00060276 7.2204e-05 6.3503e-05 2.9705e-07
2.3717e-05 2.3196e-08 0.026474 0.0012187 0.00060274 7.238e-05 6.2752e-05 3.2991e-07
2.3666e-05 2.2817e-08 0.02463 0.0012125 0.00060272 7.2564e-05 6.2054e-05 3.6366e-07
2.3608e-05 2.161e-08 0.022657 0.0012063 0.0006027 7.2737e-05 6.1333e-05 3.9423e-07
2.3553e-05 2.1078e-08 0.020982 0.0012001 0.00060268 7.2917e-05 6.0662e-05 4.2565e-07
2.3501e-05 2.1179e-08 0.019558 0.001194 0.00060267 7.3104e-05 6.0038e-05 4.5799e-07
2.345e-05 2.0481e-08 0.018036 0.0011879 0.00060266 7.3299e-05 5.9392e-05 4.8711e-07
2.3402e-05 2.0472e-08 0.016756 0.0011818 0.00060265 7.3503e-05 5.8796e-05 5.1742e-07
2.3349e-05 1.9705e-08 0.015395 0.0011758 0.00060266 7.3696e-05 5.8181e-05 5.446e-07
2.3291e-05 1.8191e-08 0.013951 0.0011697 0.00060265 7.3877e-05 5.7547e-05 5.6873e-07
2.3235e-05 1.7306e-08 0.01273 0.0011638 0.00060266 7.4067e-05 5.696e-05 5.9394e-07
2.3181e-05 1.6981e-08 0.011697 0.0011579 0.00060267 7.4265e-05 5.6417e-05 6.2029e-07
2.3123e-05 1.5949e-08 0.0106 0.0011519 0.00060268 7.4451e-05 5.5857e-05 6.4357e-07
2.3066e-05 1.544e-08 0.0096704 0.001146 0.0006027 7.4646e-05 5.5339e-05 6.6802e-07
2.3012e-05 1.542e-08 0.0088835 0.0011402 0.00060272 7.4848e-05 5.4862e-05 6.9372e-07
2.2952e-05 1.4727e-08 0.008049 0.0011344 0.00060274 7.504e-05 5.437e-05 7.1636e-07
2.2895e-05 1.444e-08 0.0073327 0.0011286 0.00060277 7.5239e-05 5.3914e-05 7.4005e-07
2.2839e-05 1.4542e-08 0.0067184 0.0011229 0.0006028 7.5444e-05 5.0984e-05 7.6483e-07
2.2778e-05 1.3981e-08 0.0060658 0.0011171 0.00060283 7.5639e-05 4.8001e-05 7.8654e-07
2.272e-05 1.3866e-08 0.0055132 0.0011114 0.00060287 7.5842e-05 4.5184e-05 8.0965e-07
2.2656e-05 1.3092e-08 0.0049258 0.0011057 0.00060289 7.6034e-05 4.2317e-05 8.2968e-07
2.2594e-05 1.268e-08 0.0044212 0.0011 0.00060293 7.6233e-05 3.9596e-05 8.5089e-07
2.2535e-05 1.2671e-08 0.003994 0.0010944 0.00060298 7.644e-05 3.7026e-05 8.7361e-07
2.247e-05 1.2003e-08 0.0035375 0.0010888 0.00060302 7.6636e-05 3.6954e-05 8.9315e-07
2.24e-05 1.0674e-08 0.0030503 0.0010831 0.00060304 7.6821e-05 3.687e-05 9.0953e-07
2.2332e-05 9.6721e-09 0.0026307 0.0010775 0.00060308 7.7014e-05 3.6809e-05 9.2716e-07
2.2265e-05 8.9432e-09 0.0022694 0.0010719 0.00060313 7.7213e-05 3.677e-05 9.461e-07
2.2194e-05 7.5941e-09 0.001884 0.0010664 0.00060316 7.7401e-05 3.672e-05 9.6191e-07
2.2125e-05 6.5324e-09 0.0015559 0.0010608 0.00060321 7.7598e-05 3.6694e-05 9.7935e-07
2.205e-05 4.8653e-09 0.0012055 0.0010553 0.00060325 7.7784e-05 3.6657e-05 9.9363e-07
2.1978e-05 3.3814e-09 0.00090233 0.0010498 0.00060329 7.7977e-05 3.6642e-05 1.0093e-06
2.19e-05 1.2988e-09 0.00057759 0.0010443 0.00060333 7.816e-05 3.6616e-05 1.0217e-06
2.1817e-05 1.9441e-09 0.0005741 0.0010387 0.00060336 7.8331e-05 3.6579e-05 1.0309e-06
2.173e-05 2.0793e-09 0.00056297 0.0010332 0.00060337 7.8492e-05 3.653e-05 1.0369e-06
2.1644e-05 2.1402e-09 0.00055892 0.0010277 0.0006034 7.8661e-05 3.6505e-05 1.0445e-06
2.156e-05 2.1303e-09 0.00056181 0.0010222 0.00060344 7.8838e-05 3.6504e-05 1.0539e-06
2.1472e-05 1.6137e-09 0.00055732 0.0010167 0.00060347 7.9004e-05 3.6493e-05 1.06e-06
2.1378e-05 6.3646e-10 0.00054542 0.0010112 0.00060349 7.916e-05 3.647e-05 1.063e-06
2.128e-05 1.3066e-09 0.00052591 0.0010057 0.0006035 7.9305e-05 3.6436e-05 1.0627e-06
2.1183e-05 1.8749e-09 0.00051332 0.0010002 0.00060352 7.9458e-05 3.6426e-05 1.0642e-06
2.1088e-05 2.3492e-09 0.00050645 0.00099481 0.00060355 7.9619e-05 3.6438e-05 1.067e-06
2.0995e-05 2.7839e-09 0.00050593 0.00098944 0.00060359 7.9787e-05 3.6474e-05 1.0716e-06
2.0904e-05 3.2061e-09 0.00051174 0.00098413 0.00060364 7.9963e-05 3.6534e-05 1.0778e-06
2.0815e-05 3.642e-09 0.00052402 0.00097887 0.0006037 8.0147e-05 3.6618e-05 1.0858e-06
2.0729e-05 4.119e-09 0.0005431 0.00097366 0.00060377 8.034e-05 3.6726e-05 1.0956e-06
2.0643e-05 4.6286e-09 0.00056856 0.0009685 0.00060385 8.054e-05 3.6857e-05 1.1069e-06
2.056e-05 5.2386e-09 0.00060193 0.0009634 0.00060394 8.0747e-05 3.7014e-05 1.1199e-06
2.0478e-05 5.9874e-09 0.00064409 0.00095834 0.00060403 8.0963e-05 3.7195e-05 1.1348e-06
2.0392e-05 6.1566e-09 0.00067807 0.00095326 0.00060412 8.1169e-05 3.7366e-05 1.1465e-06
2.03e-05 5.7472e-09 0.00070396 0.00094816 0.0006042 8.1363e-05 3.7524e-05 1.1549e-06
2.0204e-05 4.7567e-09 0.00072182 0.00094303 0.00060428 8.1547e-05 3.7671e-05 1.16e-06
2.0109e-05 3.8643e-09 0.00074748 0.00093796 0.00060436 8.1739e-05 3.7842e-05 1.1667e-06
2.0015e-05 3.0588e-09 0.00078257 0.00093293 0.00060445 8.1938e-05 3.8038e-05 1.1753e-06
1.9917e-05 1.7069e-09 0.00080948 0.00092788 0.00060453 8.2127e-05 3.8224e-05 1.1807e-06
1.9814e-05 3.3026e-09 0.00082807 0.00092281 0.0006046 8.2305e-05 3.8397e-05 1.1828e-06
1.9713e-05 5.081e-09 0.00085636 0.00091779 0.00060468 8.2492e-05 3.8597e-05 1.1868e-06
1.9614e-05 7.0951e-09 0.00089392 0.00091281 0.00060477 8.2685e-05 3.8822e-05 1.1924e-06
1.9509e-05 8.4859e-09 0.00092302 0.00090781 0.00060485 8.2869e-05 3.9035e-05 1.1947e-06
1.9399e-05 9.2513e-09 0.0009435 0.00090279 0.00060492 8.3041e-05 3.9236e-05 1.1938e-06
1.9285e-05 9.3958e-09 0.00095543 0.00089775 0.00060499 8.3203e-05 3.9424e-05 1.1896e-06
1.9172e-05 9.7759e-09 0.00097661 0.00089275 0.00060506 8.3372e-05 3.9638e-05 1.187e-06
1.9061e-05 1.0469e-08 0.0010087 0.0008878 0.00060514 8.355e-05 3.988e-05 1.1864e-06
1.8944e-05 1.054e-08 0.0010322 0.00088283 0.00060521 8.3717e-05 4.0109e-05 1.1825e-06
1.883e-05 1.0883e-08 0.0010658 0.00087783 0.00060527 8.3891e-05 4.0365e-05 1.1801e-06
1.8717e-05 1.1577e-08 0.0011118 0.00087289 0.00060534 8.4074e-05 4.065e-05 1.1797e-06
1.8599e-05 1.1626e-08 0.0011484 0.00086792 0.00060541 8.4246e-05 4.0921e-05 1.176e-06
1.8482e-05 1.1981e-08 0.0011966 0.00086299 0.00060548 8.4425e-05 4.1221e-05 1.1739e-06
1.8368e-05 1.2723e-08 0.0012589 0.00085811 0.00060556 8.4613e-05 4.155e-05 1.1736e-06
1.8248e-05 1.2808e-08 0.0013113 0.00085322 0.00060563 8.479e-05 4.1867e-05 1.1701e-06
1.813e-05 1.3299e-08 0.0013788 0.00084836 0.00060571 8.4976e-05 4.2215e-05 1.1685e-06
1.8007e-05 1.3141e-08 0.0014363 0.00084349 0.00060578 8.5151e-05 4.255e-05 1.1636e-06
1.7879e-05 1.2322e-08 0.0014836 0.0008386 0.00060585 8.5315e-05 4.2871e-05 1.1555e-06
1.7753e-05 1.1904e-08 0.0015466 0.00083375 0.00060592 8.5488e-05 4.3225e-05 1.1493e-06
1.7628e-05 1.1801e-08 0.0016253 0.00082895 0.000606 8.5668e-05 4.3608e-05 1.1445e-06
1.7499e-05 1.105e-08 0.0016929 0.00082412 0.00060607 8.5838e-05 4.3978e-05 1.1366e-06
1.7371e-05 1.0658e-08 0.001779 0.00081934 0.00060616 8.6016e-05 4.4382e-05 1.1304e-06
1.7238e-05 9.6255e-09 0.0018537 0.00081454 0.00060623 8.6184e-05 4.4771e-05 1.121e-06
1.7106e-05 8.8658e-09 0.0019463 0.00080978 0.00060631 8.6358e-05 4.5192e-05 1.1132e-06
1.6969e-05 7.4757e-09 0.002027 0.000805 0.00060639 8.6523e-05 4.5598e-05 1.1021e-06
1.6835e-05 6.373e-09 0.0021291 0.00080027 0.00060647 8.6695e-05 4.604e-05 1.0927e-06
1.6701e-05 5.4422e-09 0.0022529 0.00079558 0.00060656 8.6876e-05 4.6516e-05 1.0849e-06
1.6568e-05 4.6343e-09 0.0024012 0.00079093 0.00060666 8.7064e-05 4.7027e-05 1.0785e-06
1.6437e-05 3.946e-09 0.0025804 0.00078633 0.00060678 8.7261e-05 4.7579e-05 1.0739e-06
1.6308e-05 3.3353e-09 0.0027952 0.0007817 0.00060688 8.7467e-05 4.8173e-05 1.0711e-06
1.618e-05 2.73e-09 0.002732 0.00077711 0.00060699 8.7681e-05 4.8807e-05 1.0697e-06
1.6054e-05 2.1267e-09 0.0026902 0.00077257 0.00060711 8.7904e-05 4.9488e-05 1.07e-06
1.5929e-05 1.4865e-09 0.0026687 0.00076808 0.00060724 8.8136e-05 5.0217e-05 1.0721e-06
1.5805e-05 7.449e-10 0.0026652 0.00076362 0.00060738 8.8377e-05 5.0992e-05 1.0757e-06
1.5676e-05 1.8055e-09 0.0026503 0.00075914 0.00060751 8.8606e-05 5.1749e-05 1.076e-06
1.5549e-05 2.8356e-09 0.0026532 0.00075471 0.00060764 8.8844e-05 5.2553e-05 1.0778e-06
1.5422e-05 3.8922e-09 0.002674 0.00075031 0.00060779 8.9089e-05 5.3408e-05 1.0811e-06
1.5291e-05 4.3869e-09 0.002683 0.0007459 0.00060793 8.9324e-05 5.4242e-05 1.0811e-06
1.5155e-05 4.3223e-09 0.0026801 0.00074146 0.00060806 8.9547e-05 5.5055e-05 1.0779e-06
1.502e-05 4.3324e-09 0.0026972 0.00073706 0.0006082 8.978e-05 5.5925e-05 1.0764e-06
1.4886e-05 4.4203e-09 0.0027349 0.00073271 0.00060835 9.0022e-05 5.6853e-05 1.0767e-06
1.4754e-05 4.5585e-09 0.0027924 0.0007284 0.00060851 9.0273e-05 5.7839e-05 1.0786e-06
1.4617e-05 4.12e-09 0.0028366 0.00072407 0.00060866 9.0512e-05 5.88e-05 1.0771e-06
1.4481e-05 3.7829e-09 0.0029046 0.00071978 0.00060882 9.0762e-05 5.9828e-05 1.0776e-06
1.434e-05 2.857e-09 0.0029582 0.00071547 0.00060897 9.0999e-05 6.0829e-05 1.0745e-06
1.4194e-05 6.0126e-09 0.0029958 0.00071112 0.00060911 9.1223e-05 6.18e-05 1.0676e-06
1.4049e-05 5.0902e-09 0.003058 0.00070683 0.00060926 9.1458e-05 6.2838e-05 1.0629e-06
1.3907e-05 4.4289e-09 0.0028653 0.00070258 0.00060942 9.1706e-05 6.2731e-05 1.0622e-06
1.3759e-05 3.1145e-09 0.00265 0.00069831 0.00060958 9.194e-05 6.2605e-05 1.0577e-06
1.3605e-05 1.1138e-09 0.0024095 0.00069401 0.00060972 9.216e-05 6.246e-05 1.0492e-06
1.3445e-05 1.5204e-09 0.0021417 0.00068967 0.00060984 9.2366e-05 6.2295e-05 1.0367e-06
1.3288e-05 1.8525e-09 0.0019194 0.00068539 0.00060998 9.2583e-05 6.2166e-05 1.0264e-06
1.3124e-05 1.6352e-09 0.0016728 0.00068107 0.00061011 9.2786e-05 6.2019e-05 1.0123e-06
1.2955e-05 5.0443e-09 0.0013999 0.00067672 0.00061022 9.2976e-05 6.1853e-05 9.9428e-07
1.2788e-05 9.1701e-09 0.0011719 0.00067242 0.00061035 9.3177e-05 6.1722e-05 9.784e-07
1.2615e-05 1.2421e-08 0.0012276 0.00066809 0.00061047 9.3365e-05 6.1573e-05 9.5868e-07
1.2444e-05 1.6647e-08 0.0013012 0.00066381 0.00061059 9.3565e-05 6.1462e-05 9.4137e-07
1.2276e-05 1.4612e-08 0.001395 0.00065958 0.00061074 9.3777e-05 6.1389e-05 9.2635e-07
1.2109e-05 1.3252e-08 0.0015115 0.00065541 0.00061089 9.4002e-05 6.1353e-05 9.1352e-07
1.1945e-05 1.2454e-08 0.0014471 0.00065128 0.00061106 9.4239e-05 6.1353e-05 9.0278e-07
1.1774e-05 1.0906e-08 0.0013699 0.00064712 0.00061121 9.4463e-05 6.1336e-05 8.8839e-07
1.1606e-05 9.78e-09 0.0013092 0.00064301 0.00061138 9.4697e-05 6.1352e-05 8.7566e-07
1.1438e-05 8.9987e-09 0.0012631 0.00063894 0.00061156 9.4942e-05 6.14e-05 8.6451e-07
1.1272e-05 8.5128e-09 0.0012302 0.00063491 0.00061175 9.5198e-05 6.148e-05 8.5489e-07
1.1108e-05 8.2974e-09 0.0012097 0.00063092 0.00061195 9.5464e-05 6.1594e-05 8.4678e-07
1.0938e-05 7.418e-09 0.001179 0.00062691 0.00061214 9.5717e-05 6.1691e-05 8.3519e-07
1.0769e-05 6.7973e-09 0.0011605 0.00062293 0.00061234 9.5981e-05 6.1822e-05 8.2513e-07
1.0601e-05 6.4033e-09 0.0011537 0.000619 0.00061255 9.6256e-05 6.1987e-05 8.166e-07
1.0428e-05 5.3327e-09 0.0011396 0.00061505 0.00061276 9.6517e-05 6.2133e-05 8.0441e-07
1.0257e-05 4.4779e-09 0.0011374 0.00061113 0.00061297 9.679e-05 6.2315e-05 7.9382e-07
1.0086e-05 3.7784e-09 0.0011473 0.00060726 0.00061319 9.7075e-05 6.2534e-05 7.8484e-07
9.9177e-06 3.1904e-09 0.0011697 0.00060343 0.00061343 9.7372e-05 6.2791e-05 7.7751e-07
9.751e-06 2.7229e-09 0.0012075 0.00059965 0.00061368 9.7683e-05 6.3093e-05 7.722e-07
9.5782e-06 1.7428e-09 0.0012324 0.00059584 0.00061392 9.7979e-05 6.337e-05 7.629e-07
9.4077e-06 8.5621e-10 0.0012744 0.00059208 0.00061418 9.829e-05 6.3695e-05 7.5584e-07
9.2309e-06 1.6635e-09 0.0013026 0.00058829 0.00061441 9.8585e-05 6.3993e-05 7.4463e-07
9.0566e-06 2.5404e-09 0.0013493 0.00058454 0.00061467 9.8896e-05 6.4341e-05 7.3579e-07
8.8843e-06 3.6029e-09 0.0013368 0.00058085 0.00061494 9.9222e-05 6.4328e-05 6.9028e-07
8.7139e-06 4.8986e-09 0.0013404 0.00057721 0.00061523 9.9564e-05 6.4356e-05 6.478e-07
8.5453e-06 6.5546e-09 0.0013597 0.00057361 0.00061553 9.9921e-05 6.4425e-05 6.0808e-07
7.8505e-06 1.2945e-08 0.00090445 0.00055969 0.00061688 0.00010135 6.4017e-05 4.7221e-07
7.6801e-06 1.4484e-08 0.00083737 0.00055631 0.00061725 0.00010174 6.3214e-05 4.424e-07
7.5108e-06 1.6717e-08 0.00078434 0.00055298 0.00061763 0.00010214 6.2471e-05 4.1399e-07
7.3423e-06 1.968e-08 0.00074219 0.00054968 0.00061803 0.00010256 6.1781e-05 3.8652e-07
7.1748e-06 2.3659e-08 0.00071078 0.00054642 0.00061844 0.00010299 6.1144e-05 3.6009e-07
7.0081e-06 2.8933e-08 0.00068912 0.0005432 0.00061886 0.00010344 6.0557e-05 3.3455e-07
6.8423e-06 3.588e-08 0.00067659 0.00054001 0.0006193 0.00010389 6.0018e-05 3.0978e-07
6.6771e-06 4.5016e-08 0.00067291 0.00053687 0.00061974 0.00010436 5.9525e-05 2.8567e-07
6.5069e-06 5.2768e-08 0.00066058 0.0005337 0.00062018 0.00010482 5.9012e-05 2.5849e-07
6.3375e-06 6.3106e-08 0.00065705 0.00053056 0.00062063 0.00010529 5.8543e-05 2.3192e-07
6.163e-06 7.1949e-08 0.00064497 0.0005274 0.00062107 0.00010575 5.8056e-05 2.0232e-07
5.9893e-06 8.3879e-08 0.00064184 0.00052428 0.00062152 0.00010623 5.7613e-05 1.7331e-07
5.816e-06 9.9493e-08 0.00064686 0.0005212 0.00062198 0.00010671 5.721e-05 1.4462e-07
5.6376e-06 1.138e-07 0.00064264 0.00051808 0.00062243 0.00010718 5.6786e-05 1.1283e-07
5.4601e-06 1.3323e-07 0.00064819 0.00051501 0.00062289 0.00010767 5.6407e-05 8.159e-08
5.2835e-06 1.5964e-07 0.00066407 0.00051198 0.00062337 0.00010817 5.6071e-05 5.0772e-08
5.1016e-06 1.8249e-07 0.00066982 0.00050891 0.00062384 0.00010866 5.5714e-05 1.6844e-08
4.9139e-06 2.019e-07 0.00066465 0.00050582 0.00062429 0.00010913 5.5331e-05 1.5091e-08
5.1476e-06 2.1813e-07 0.00064817 0.00050269 0.00062473 0.00010952 5.4922e-05 3.4834e-08
5.3828e-06 2.1326e-07 0.00064218 0.00049961 0.00062518 0.00010993 5.2684e-05 5.4108e-08
5.62e-06 2.1207e-07 0.00064688 0.00049656 0.00062565 0.00011035 5.0598e-05 7.3082e-08
5.8587e-06 1.8385e-07 0.00066086 0.00049356 0.00062613 0.00011079 4.8641e-05 9.1668e-08
6.0991e-06 1.628e-07 0.00068489 0.00049059 0.00062662 0.00011125 4.6809e-05 1.0999e-07
6.3409e-06 1.4712e-07 0.00071922 0.00048765 0.00062713 0.00011172 4.5091e-05 1.2807e-07
6.5843e-06 1.356e-07 0.00076457 0.00048475 0.00062765 0.0001122 4.3478e-05 1.4592e-07
6.8286e-06 1.2711e-07 0.00082077 0.00048188 0.00062818 0.0001127 4.1955e-05 1.6344e-07
7.0744e-06 1.2138e-07 0.00089055 0.00047904 0.00062873 0.00011321 4.0523e-05 1.8082e-07
7.3217e-06 1.1805e-07 0.00097591 0.00047623 0.00062928 0.00011374 3.9176e-05 1.9811e-07
7.5638e-06 1.1341e-07 0.0010502 0.0004734 0.00062983 0.00011425 3.7798e-05 2.1262e-07
7.8073e-06 1.1098e-07 0.0011414 0.0004706 0.00063039 0.00011477 3.6502e-05 2.2707e-07
8.0523e-06 1.1062e-07 0.00107 0.00046783 0.00063096 0.00011531 3.5283e-05 2.4151e-07
8.2985e-06 1.1212e-07 0.0010123 0.00046509 0.00063154 0.00011586 3.4131e-05 2.5583e-07
8.5396e-06 1.1239e-07 0.00094411 0.00046233 0.00063211 0.0001164 3.2952e-05 2.6733e-07
8.7822e-06 9.1786e-08 0.00088994 0.0004596 0.00063269 0.00011695 3.1843e-05 2.789e-07
9.0197e-06 6.8814e-08 0.00082577 0.00045684 0.00063326 0.00011749 3.0707e-05 2.8766e-07
9.2583e-06 5.0606e-08 0.0007732 0.00045412 0.00063384 0.00011804 2.9634e-05 2.9633e-07
9.4919e-06 3.0357e-08 0.0007112 0.00045137 0.00063441 0.00011858 2.8536e-05 3.0222e-07
9.7272e-06 1.4678e-08 0.00066119 0.00044865 0.000635 0.00011913 2.7503e-05 3.0821e-07
9.9572e-06 1.4652e-08 0.00060181 0.00044591 0.00063557 0.00011967 2.6445e-05 3.1137e-07
1.0189e-05 1.5064e-08 0.00055222 0.0004432 0.00063615 0.00012023 2.5445e-05 3.1446e-07
1.0415e-05 1.4759e-08 0.00049367 0.00044046 0.00063673 0.00012077 2.4421e-05 3.1474e-07
1.0636e-05 1.3738e-08 0.00042593 0.00043771 0.00063729 0.00012129 2.3373e-05 3.1222e-07
1.0852e-05 1.199e-08 0.00051446 0.00043493 0.00063784 0.00012181 2.2299e-05 3.0691e-07
1.1069e-05 1.0745e-08 0.00061831 0.00043219 0.00063841 0.00012234 2.1288e-05 3.0166e-07
1.1288e-05 9.8504e-09 0.00073851 0.00042947 0.00063898 0.00012288 2.0332e-05 2.963e-07
1.15e-05 9.31e-09 0.00088005 0.00042677 0.00063957 0.0001234 1.9431e-05 2.9097e-07
1.1714e-05 9.0294e-09 0.0010444 0.0004241 0.00064017 0.00012393 1.8579e-05 2.8549e-07
1.1923e-05 8.107e-09 0.0011945 0.00042142 0.00064076 0.00012446 1.7706e-05 2.7725e-07
1.2133e-05 7.4743e-09 0.0013723 0.00041876 0.00064135 0.00012499 1.6884e-05 2.69e-07
1.2345e-05 7.0894e-09 0.0015827 0.00041612 0.00064197 0.00012554 1.611e-05 2.6071e-07
1.2558e-05 6.9302e-09 0.0018318 0.00041352 0.00064259 0.00012611 1.5381e-05 2.5236e-07
1.2767e-05 6.1512e-09 0.0020614 0.00041089 0.0006432 0.00012666 1.4633e-05 2.4125e-07
1.2977e-05 5.5896e-09 0.0020362 0.00040829 0.00064383 0.00012722 1.393e-05 2.3011e-07
1.3189e-05 5.2081e-09 0.002029 0.00040572 0.00064446 0.00012781 1.3269e-05 2.189e-07
1.3396e-05 4.3209e-09 0.0020102 0.00040313 0.00064509 0.00012837 1.259e-05 2.0493e-07
1.3605e-05 3.5416e-09 0.0020075 0.00040056 0.00064573 0.00012896 1.1949e-05 1.9074e-07
1.3809e-05 2.1724e-09 0.0019934 0.00039797 0.00064635 0.00012952 1.129e-05 1.7379e-07
1.4014e-05 8.7478e-10 0.0019955 0.00039541 0.00064699 0.00013011 1.0669e-05 1.566e-07
1.4214e-05 1.5372e-09 0.0019854 0.00039282 0.00064762 0.00013068 1.0028e-05 1.3659e-07
1.4416e-05 2.1564e-09 0.0019935 0.00039027 0.00064826 0.00013126 9.4274e-06 1.1649e-07
1.4612e-05 2.2333e-09 0.0019931 0.00038769 0.00064889 0.00013183 8.807e-06 1.5318e-07
1.4811e-05 2.2542e-09 0.0020093 0.00038514 0.00064953 0.00013242 8.2216e-06 1.904e-07
1.5011e-05 2.2397e-09 0.0020438 0.00038262 0.00065019 0.00013302 7.6712e-06 2.2846e-07
1.5214e-05 2.1551e-09 0.0020957 0.00038012 0.00065085 0.00013363 7.1505e-06 2.6723e-07
1.5418e-05 1.9921e-09 0.002166 0.00037765 0.00065153 0.00013426 6.6575e-06 3.0681e-07
1.5624e-05 1.74e-09 0.0022566 0.00037519 0.00065222 0.00013491 6.1904e-06 3.473e-07
1.5825e-05 5.3825e-09 0.0023341 0.00037272 0.0006529 0.00013554 5.7106e-06 3.8466e-07
1.6028e-05 9.694e-09 0.0024329 0.00037027 0.00065359 0.00013618 5.2554e-06 4.2297e-07
1.6233e-05 1.5043e-08 0.0025577 0.00036785 0.00065429 0.00013684 4.8255e-06 4.626e-07
1.6433e-05 1.9477e-08 0.0026679 0.00036541 0.00065498 0.00013749 4.3837e-06 4.9903e-07
1.6634e-05 2.5018e-08 0.0028035 0.00036299 0.00065568 0.00013815 3.9639e-06 5.3658e-07
1.6838e-05 2.2435e-08 0.0029709 0.00036059 0.0006564 0.00013883 3.5669e-06 5.7564e-07
1.7043e-05 2.0589e-08 0.0031716 0.00035821 0.00065712 0.00013952 3.1894e-06 6.1606e-07
1.7244e-05 1.7963e-08 0.0033545 0.00035582 0.00065783 0.0001402 2.8016e-06 6.5324e-07
1.7446e-05 1.5993e-08 0.0035735 0.00035344 0.00065856 0.00014089 2.4325e-06 6.9185e-07
1.7643e-05 1.325e-08 0.0037728 0.00035898 0.0006592 0.00014157 2.4796e-06 7.2711e-07
1.7842e-05 1.1148e-08 0.0040149 0.00036455 0.00065985 0.00014226 2.5315e-06 7.6414e-07
1.8037e-05 8.3364e-09 0.0042372 0.00037011 0.00066049 0.00014295 2.578e-06 7.9792e-07
1.8226e-05 4.7976e-09 0.0044408 0.00037564 0.00066112 0.00014362 2.6191e-06 8.285e-07
1.8417e-05 1.7532e-09 0.0046846 0.00038122 0.00066176 0.0001443 2.6644e-06 8.6053e-07
1.8603e-05 2.2515e-09 0.0049086 0.00038677 0.00066239 0.00014497 2.7043e-06 8.8935e-07
1.8783e-05 2.2339e-09 0.0051128 0.0003923 0.00066301 0.00014563 2.7387e-06 9.149e-07
1.8966e-05 2.1543e-09 0.0053625 0.00039788 0.00066365 0.00014631 2.7779e-06 9.4221e-07
1.9152e-05 2.0065e-09 0.0056644 0.0004035 0.00066429 0.000147 2.8218e-06 9.7137e-07
1.9339e-05 1.7809e-09 0.0060266 0.00040917 0.00066495 0.0001477 2.8708e-06 1.0025e-06
1.9529e-05 1.4394e-09 0.0064527 0.00041489 0.00066561 0.00014842 2.9243e-06 1.0353e-06
1.972e-05 9.6396e-10 0.0069526 0.00042064 0.00066629 0.00014916 2.9824e-06 1.07e-06
1.9906e-05 2.8164e-09 0.007419 0.00042638 0.00066696 0.00014988 3.0349e-06 1.1012e-06
2.0086e-05 4.8925e-09 0.0079743 0.00043216 0.00066764 0.00015058 3.0928e-06 1.1347e-06
2.0268e-05 7.3249e-09 0.0086332 0.000438 0.00066833 0.0001513 3.1564e-06 1.1706e-06
2.0444e-05 9.1058e-09 0.0092522 0.00044381 0.00066901 0.00015201 3.2143e-06 1.203e-06
2.0623e-05 1.1263e-08 0.0099763 0.00044966 0.0006697 0.00015273 3.2773e-06 1.2375e-06
2.0804e-05 1.3916e-08 0.010822 0.00045557 0.0006704 0.00015346 3.3456e-06 1.2742e-06
2.0979e-05 1.5837e-08 0.011616 0.00046144 0.0006711 0.00015419 3.408e-06 1.3073e-06
2.1157e-05 1.8338e-08 0.012544 0.00046737 0.0006718 0.00015493 3.4758e-06 1.3427e-06
2.1329e-05 2.0091e-08 0.013418 0.00047327 0.00067249 0.00015565 3.5378e-06 1.3746e-06
2.1497e-05 2.1087e-08 0.014238 0.00047915 0.00067317 0.00015636 3.5939e-06 1.4029e-06
2.1666e-05 1.3566e-08 0.015199 0.00048507 0.00067387 0.00015709 3.6556e-06 1.4336e-06
2.183e-05 4.9318e-09 0.016102 0.00049105 0.00067458 0.00015781 3.7114e-06 1.4607e-06
2.1989e-05 4.9153e-09 0.016949 0.000497 0.00067527 0.00015851 3.7611e-06 1.4843e-06
2.2151e-05 5.0104e-09 0.017955 0.000503 0.00067598 0.00015923 3.8171e-06 1.5105e-06
2.2315e-05 5.2203e-09 0.019149 0.00050905 0.0006767 0.00015996 3.8797e-06 1.5395e-06
2.2481e-05 5.558e-09 0.020562 0.00051516 0.00067743 0.00016071 3.9491e-06 1.5714e-06
2.2643e-05 5.3227e-09 0.021895 0.00052125 0.00067815 0.00016145 4.0124e-06 1.5998e-06
2.2807e-05 5.1773e-09 0.023453 0.00052738 0.00067889 0.00016221 4.0818e-06 1.6307e-06
2.2973e-05 5.1144e-09 0.025271 0.00053356 0.00067963 0.00016298 4.1577e-06 1.6642e-06
2.3142e-05 5.174e-09 0.027422 0.0005398 0.00068039 0.00016377 4.241e-06 1.701e-06
2.3313e-05 5.3237e-09 0.029936 0.0005461 0.00068116 0.00016457 4.3315e-06 1.7407e-06
2.3487e-05 5.6263e-09 0.032921 0.00055245 0.00068194 0.0001654 4.4303e-06 1.6224e-06
2.3656e-05 5.3344e-09 0.035731 0.00055877 0.00068271 0.00016621 4.5223e-06 1.4992e-06
2.3819e-05 4.4308e-09 0.038369 0.00056507 0.00068347 0.00016701 4.6072e-06 1.371e-06
2.3985e-05 3.6503e-09 0.041467 0.00057142 0.00068424 0.00016782 4.7e-06 1.249e-06
2.4154e-05 2.9495e-09 0.04512 0.00057783 0.00068502 0.00016865 4.8015e-06 1.133e-06
2.4327e-05 2.3302e-09 0.049517 0.0005843 0.00068582 0.00016951 4.9134e-06 1.0236e-06
2.4493e-05 5.4977e-09 0.053572 0.00059074 0.00068661 0.00017034 5.0162e-06 9.0834e-07
2.4663e-05 9.3945e-09 0.058435 0.00059725 0.00068741 0.0001712 5.1297e-06 7.9945e-07
2.4838e-05 8.4947e-09 0.06441 0.00060383 0.00068823 0.00017208 5.2564e-06 6.9738e-07
2.5019e-05 6.7461e-09 0.069782 0.00061036 0.00068903 0.000173 5.3687e-06 7.3099e-07
2.5204e-05 5.5256e-09 0.074501 0.00061697 0.00068985 0.00017394 5.4586e-06 7.5652e-07
2.5394e-05 4.6785e-09 0.080262 0.00062366 0.00069068 0.0001749 5.5609e-06 7.8466e-07
2.5588e-05 4.0126e-09 0.087139 0.00063042 0.00069154 0.00017589 5.6744e-06 8.1501e-07
2.5786e-05 3.4703e-09 0.095316 0.00063725 0.0006924 0.0001769 5.7992e-06 8.4761e-07
2.5978e-05 2.3011e-09 0.10292 0.00064403 0.00069325 0.00017789 5.9146e-06 8.7621e-07
2.6173e-05 1.2106e-09 0.11191 0.00065089 0.00069412 0.00017891 6.0413e-06 9.0701e-07
2.6362e-05 2.3514e-09 0.12033 0.00065771 0.00069497 0.00017991 6.159e-06 9.3393e-07
2.6555e-05 3.5861e-09 0.13023 0.0006646 0.00069584 0.00018093 6.2879e-06 9.6303e-07
2.6751e-05 5.0111e-09 0.14186 0.00067155 0.00069672 0.00018197 6.4286e-06 9.944e-07
2.6942e-05 5.7733e-09 0.15281 0.00067847 0.00069759 0.00018299 6.5602e-06 1.0219e-06
2.7125e-05 5.8745e-09 0.16311 0.00068535 0.00069845 0.000184 6.6826e-06 1.0455e-06
2.7314e-05 6.2232e-09 0.17533 0.00069231 0.00069932 0.00018503 6.818e-06 1.0718e-06
2.7495e-05 5.902e-09 0.18682 0.00069923 0.00070018 0.00018605 6.944e-06 1.094e-06
2.7682e-05 5.8398e-09 0.20048 0.00070623 0.00070106 0.00018708 7.0835e-06 1.1191e-06
2.7873e-05 6.0431e-09 0.20339 0.0007133 0.00070195 0.00018815 7.2379e-06 1.1476e-06
2.8057e-05 5.5761e-09 0.20611 0.00072033 0.00070283 0.0001892 7.3822e-06 1.172e-06
2.8235e-05 4.4155e-09 0.20864 0.00072733 0.00070369 0.00019022 7.5163e-06 1.1923e-06
2.8418e-05 3.5174e-09 0.2117 0.0007344 0.00070458 0.00019128 7.6652e-06 1.2156e-06
2.8605e-05 2.7902e-09 0.21538 0.00074156 0.00070547 0.00019236 7.8299e-06 1.2422e-06
2.8797e-05 2.1296e-09 0.21975 0.00074879 0.00070639 0.00019347 8.0099e-06 1.2717e-06
2.8994e-05 1.5227e-09 0.22049 0.0007561 0.00070732 0.0001946 8.2084e-06 1.3049e-06
2.9197e-05 9.121e-10 0.21949 0.0007635 0.00070827 0.00019577 8.4266e-06 1.3422e-06
2.9406e-05 2.3738e-10 0.21875 0.000771 0.00070923 0.00019696 8.6659e-06 1.3836e-06
2.9607e-05 3.7111e-10 0.21791 0.00077844 0.00071019 0.00019814 8.8911e-06 1.4201e-06
2.98e-05 2.1653e-09 0.21695 0.00078584 0.00071112 0.00019929 9.1024e-06 1.4517e-06
2.9999e-05 4.2654e-09 0.21623 0.00079331 0.00071208 0.00020047 9.333e-06 1.487e-06
3.0188e-05 6.9835e-09 0.21182 0.00080088 0.00071305 0.00020162 9.5871e-06 1.5269e-06
3.037e-05 8.8559e-09 0.20711 0.00080841 0.000714 0.00020275 9.8279e-06 1.5622e-06
3.0545e-05 1.0133e-08 0.20207 0.00081589 0.00071495 0.00020386 1.0056e-05 1.593e-06
3.0714e-05 1.0657e-08 0.19669 0.00082334 0.00071588 0.00020495 1.0273e-05 1.6195e-06
3.0887e-05 1.1642e-08 0.19218 0.00083087 0.00071683 0.00020607 1.0508e-05 1.6495e-06
3.1055e-05 1.1919e-08 0.18739 0.00083836 0.00071776 0.00020717 1.0733e-05 1.6755e-06
3.1226e-05 1.2654e-08 0.18337 0.00084593 0.00071871 0.00020829 1.0976e-05 1.7048e-06
3.1392e-05 1.2678e-08 0.17909 0.00085346 0.00071965 0.0002094 1.1209e-05 1.7302e-06
3.1562e-05 1.3163e-08 0.17549 0.00086107 0.0007206 0.00021053 1.146e-05 1.759e-06
3.1735e-05 1.4142e-08 0.15816 0.00086876 0.00072157 0.00021169 1.1732e-05 1.7912e-06
3.1913e-05 1.5603e-08 0.14329 0.00087651 0.00072255 0.00021287 1.2022e-05 1.8266e-06
3.2093e-05 1.7641e-08 0.13051 0.00088433 0.00072354 0.00021407 1.2332e-05 1.8651e-06
3.2279e-05 1.8891e-08 0.11699 0.00089213 0.00072452 0.0002153 1.263e-05 1.8996e-06
3.2458e-05 1.9374e-08 0.1027 0.00089989 0.00072549 0.00021651 1.2917e-05 1.9301e-06
3.2632e-05 1.9099e-08 0.087577 0.00090762 0.00072645 0.00021771 1.3194e-05 1.9568e-06
3.334e-05 1.8128e-08 0.067113 0.00093898 0.00073035 0.00022263 1.4418e-05 2.0767e-06
3.3514e-05 1.6886e-08 0.061422 0.00094687 0.00073133 0.00022387 1.4738e-05 2.1064e-06
3.3693e-05 1.5244e-08 0.056592 0.00095484 0.00073232 0.00022514 1.508e-05 2.1396e-06
3.3866e-05 1.3203e-08 0.0515 0.00096279 0.00073331 0.00022639 1.5412e-05 2.1692e-06
3.4043e-05 1.1697e-08 0.047176 0.0009708 0.0007343 0.00022766 1.5768e-05 2.2023e-06
3.4224e-05 1.0563e-08 0.043457 0.00097889 0.00073531 0.00022896 1.6146e-05 2.2388e-06
3.4408e-05 9.7987e-09 0.040298 0.00098705 0.00073633 0.00023028 1.6549e-05 2.2791e-06
3.4596e-05 9.3533e-09 0.037618 0.00099528 0.00073736 0.00023163 1.698e-05 2.3233e-06
3.4788e-05 9.1989e-09 0.035344 0.0010036 0.00073841 0.000233 1.7439e-05 2.3716e-06
3.4975e-05 8.4227e-09 0.032938 0.0010119 0.00073945 0.00023436 1.7885e-05 2.4159e-06
3.5166e-05 7.9174e-09 0.030898 0.0010202 0.0007405 0.00023574 1.836e-05 2.4645e-06
3.536e-05 7.6516e-09 0.02917 0.0010287 0.00074156 0.00023715 1.8867e-05 2.5174e-06
3.5549e-05 6.7798e-09 0.027339 0.0010371 0.00074261 0.00023854 1.9359e-05 2.5662e-06
3.5742e-05 6.0782e-09 0.025769 0.0010456 0.00074368 0.00023996 1.9882e-05 2.6191e-06
3.5939e-05 5.555e-09 0.024442 0.0010541 0.00074476 0.0002414 2.0438e-05 2.6766e-06
3.613e-05 4.451e-09 0.023036 0.0010626 0.00074583 0.00024282 2.098e-05 2.73e-06
3.6316e-05 2.7546e-09 0.021545 0.0010711 0.00074688 0.00024424 2.1508e-05 2.7792e-06
3.6496e-05 4.4591e-10 0.019961 0.0010796 0.00074793 0.00024563 2.2021e-05 2.8243e-06
3.667e-05 3.1369e-10 0.018271 0.0010881 0.00074897 0.00024702 2.252e-05 2.8651e-06
3.6839e-05 1.3581e-09 0.016467 0.0010965 0.00075 0.00024838 2.3004e-05 2.9016e-06
3.7012e-05 2.3905e-09 0.014957 0.001105 0.00075104 0.00024977 2.3522e-05 2.9431e-06
3.7179e-05 2.8782e-09 0.013389 0.0011134 0.00075207 0.00025115 2.4025e-05 2.9801e-06
3.7351e-05 3.3569e-09 0.012059 0.001122 0.00075312 0.00025255 2.4562e-05 3.0217e-06
3.7526e-05 3.8557e-09 0.01093 0.0011306 0.00075417 0.00025398 2.5133e-05 3.0681e-06
3.7706e-05 4.4079e-09 0.0099731 0.0011393 0.00075525 0.00025544 2.5742e-05 3.1193e-06
3.789e-05 5.124e-09 0.0091739 0.0011481 0.00075633 0.00025692 2.6394e-05 3.1763e-06
3.8079e-05 6.0448e-09 0.0085073 0.0011569 0.00075743 0.00025844 2.7091e-05 3.2393e-06
3.8263e-05 6.3273e-09 0.0077886 0.0011658 0.00075852 0.00025994 2.7768e-05 3.2973e-06
3.845e-05 6.804e-09 0.0071818 0.0011747 0.00075963 0.00026146 2.8489e-05 3.3609e-06
3.8632e-05 6.6317e-09 0.0065265 0.0011836 0.00076072 0.00026297 2.9189e-05 3.4194e-06
3.8807e-05 5.7958e-09 0.0058161 0.0011925 0.0007618 0.00026446 2.9867e-05 3.4727e-06
3.8987e-05 5.1982e-09 0.005224 0.0012014 0.00076289 0.00026598 3.0593e-05 3.5323e-06
3.9159e-05 1.0784e-08 0.0045715 0.0012103 0.00076397 0.00026747 3.1292e-05 3.5858e-06
3.9325e-05 1.5186e-08 0.0038486 0.0012191 0.00076504 0.00026895 3.1965e-05 3.6333e-06
3.9496e-05 1.919e-08 0.00326 0.0012281 0.00076613 0.00027046 3.2691e-05 3.688e-06
3.9674e-05 2.2796e-08 0.002785 0.0012371 0.00076723 0.000272 3.3478e-05 3.7508e-06
3.9844e-05 2.6003e-08 0.0022395 0.0012461 0.00076832 0.00027352 3.4226e-05 3.8056e-06
4.0022e-05 2.3309e-08 0.0018231 0.0012552 0.00076943 0.00027509 3.4254e-05 3.8713e-06
4.0209e-05 2.2152e-08 0.001506 0.0012645 0.00077056 0.0002767 3.4321e-05 3.9484e-06
4.0405e-05 2.2241e-08 0.0012605 0.0012739 0.00077172 0.00027836 3.3764e-05 4.0367e-06
4.059e-05 2.193e-08 0.0012854 0.0012832 0.00077286 0.00027999 3.3168e-05 4.1149e-06
4.0785e-05 2.122e-08 0.0011839 0.0012925 0.00077397 0.00028166 3.2644e-05 4.2077e-06
4.0969e-05 2.011e-08 0.0010568 0.0013016 0.00077506 0.0002833 3.2082e-05 4.2905e-06
4.115e-05 1.8601e-08 0.00092568 0.0013107 0.00077615 0.00028494 3.1519e-05 4.3714e-06
4.1328e-05 1.6692e-08 0.00079051 0.0013199 0.00077724 0.00028657 3.0953e-05 4.4505e-06
4.1502e-05 1.4383e-08 0.00065129 0.001329 0.00077832 0.00028819 3.0385e-05 4.5275e-06
4.1686e-05 1.3156e-08 0.00054401 0.0013383 0.00077942 0.00028987 2.9873e-05 4.6165e-06
4.1878e-05 1.2816e-08 0.00046175 0.0013477 0.00078055 0.00029159 2.9415e-05 4.718e-06
4.2079e-05 1.3312e-08 0.00039922 0.0013572 0.0007817 0.00029336 2.9007e-05 4.8328e-06
4.2289e-05 9.2127e-09 0.00035246 0.0013669 0.00078287 0.00029518 2.8645e-05 4.962e-06
4.2509e-05 6.5177e-09 0.00031978 0.0013768 0.00078407 0.00029706 2.8331e-05 5.1078e-06
4.274e-05 4.7521e-09 0.00029872 0.0013868 0.00078529 0.000299 2.8063e-05 5.2746e-06
4.298e-05 3.53e-09 0.00028662 0.0013976 0.00078233 0.00030099 2.7834e-05 5.4595e-06
4.323e-05 2.7257e-09 0.0002837 0.0014085 0.0007794 0.00030304 2.7646e-05 5.6657e-06
4.3491e-05 2.1982e-09 0.00028973 0.0014197 0.0007765 0.00030515 2.7497e-05 5.8951e-06
4.3761e-05 1.8126e-09 0.00030411 0.001431 0.00077364 0.00030732 2.7383e-05 6.1477e-06
4.4042e-05 1.5144e-09 0.00032783 0.0014424 0.0007708 0.00030955 2.7303e-05 6.4254e-06
4.4332e-05 1.2618e-09 0.00028784 0.0014541 0.000768 0.00031183 2.7256e-05 6.7305e-06
4.4633e-05 1.0174e-09 0.00025886 0.0014659 0.00076522 0.00031418 2.7243e-05 7.0655e-06
4.4944e-05 7.448e-10 0.00013067 0.0014778 0.00076248 0.00031659 2.7263e-05 7.4329e-06
4.5268e-05 1.8743e-09 0.00012087 0.0014897 0.00075971 0.00031907 2.725e-05 7.7698e-06
4.5605e-05 3.3708e-09 0.00011599 0.0015017 0.00075697 0.00032163 2.7274e-05 8.1426e-06
4.593e-05 4.016e-09 0.00019244 0.0015137 0.00075422 0.00032414 2.7273e-05 8.4921e-06
4.6265e-05 5.0419e-09 0.00028912 0.0015258 0.00075149 0.00032671 2.7305e-05 8.8757e-06
4.6612e-05 6.6082e-09 0.00041234 0.0015381 0.00074878 0.00032935 2.737e-05 9.2963e-06
4.6947e-05 7.2184e-09 0.00051334 0.0015503 0.00074606 0.00033194 2.7412e-05 9.6924e-06
4.7293e-05 8.4446e-09 0.00064398 0.0015626 0.00074337 0.0003346 2.7487e-05 1.0127e-05
4.7651e-05 1.06e-08 0.00081705 0.0015752 0.00074071 0.00033734 2.76e-05 1.0607e-05
4.7998e-05 1.1624e-08 0.00096014 0.0015876 0.00073802 0.00034002 2.7688e-05 1.1059e-05
4.8334e-05 2.5054e-08 0.0010753 0.0016 0.00073531 0.00034266 2.7751e-05 1.1484e-05
4.8656e-05 3.1276e-08 0.0013929 0.0016125 0.00073264 0.00034525 2.7546e-05 1.2458e-05
4.8991e-05 3.0801e-08 0.0018136 0.0016146 0.00073009 0.00034791 2.7383e-05 1.353e-05
4.9313e-05 2.8734e-08 0.0021675 0.0016167 0.00072757 0.00035052 2.7192e-05 1.4543e-05
4.9647e-05 2.8257e-08 0.0026272 0.0016189 0.00072508 0.0003532 2.7038e-05 1.5651e-05
4.9993e-05 2.9291e-08 0.0032234 0.0016212 0.00072262 0.00035595 2.6918e-05 1.6862e-05
5.0349e-05 3.2004e-08 0.0039961 0.0016236 0.00072019 0.00035876 2.6834e-05 1.8186e-05
5.0691e-05 3.8977e-08 0.0042875 0.001626 0.00071779 0.00036152 2.689e-05 1.8675e-05
5.1021e-05 4.3758e-08 0.0045272 0.0016284 0.00071537 0.00036422 2.6922e-05 1.9135e-05
5.134e-05 4.658e-08 0.0047204 0.0016308 0.00071293 0.00036688 2.6931e-05 1.9566e-05
5.1646e-05 4.7524e-08 0.0062571 0.0016331 0.00071046 0.00036949 2.6915e-05 1.9969e-05
5.1964e-05 5.0672e-08 0.0067426 0.0016355 0.00070802 0.00037217 2.6932e-05 2.0414e-05
5.2294e-05 5.6527e-08 0.0073799 0.0016379 0.00070561 0.00037492 2.6983e-05 2.0907e-05
5.5185e-05 6.0161e-08 0.007919 0.0016403 0.00070318 0.00037745 2.701e-05 2.1369e-05
5.8142e-05 6.7173e-08 0.0086434 0.0016428 0.00070077 0.00038005 2.7073e-05 2.1884e-05
6.1167e-05 7.8891e-08 0.0096102 0.0016453 0.0006984 0.00038273 2.7173e-05 2.2457e-05
6.4256e-05 9.6858e-08 0.010868 0.001648 0.00069605 0.00038547 2.7309e-05 2.2533e-05
6.7427e-05 1.1028e-07 0.011936 0.0016506 0.00069368 0.00038831 2.7418e-05 2.2591e-05
7.0774e-05 1.3105e-07 0.013327 0.0016533 0.00069134 0.00038807 2.7014e-05 2.2675e-05
7.4079e-05 1.4679e-07 0.014517 0.0016559 0.00068897 0.00038779 2.6578e-05 2.2742e-05
7.716e-05 1.5815e-07 0.015526 0.0016584 0.00068659 0.0003934 2.6106e-05 2.2789e-05
8.0311e-05 1.7724e-07 0.015786 0.0016611 0.00068423 0.00039916 2.5689e-05 2.2865e-05
8.353e-05 1.79e-07 0.016164 0.0016638 0.0006819 0.00040503 2.5319e-05 2.2967e-05
8.6817e-05 1.8544e-07 0.016685 0.0016666 0.00067959 0.00041105 2.4993e-05 2.3097e-05
9.0174e-05 1.9758e-07 0.016706 0.0016695 0.00067732 0.00041719 2.4707e-05 2.3255e-05
9.3486e-05 2.0561e-07 0.016667 0.0016724 0.00067502 0.00042325 2.4393e-05 2.3392e-05
9.687e-05 2.2002e-07 0.016717 0.0016753 0.00067274 0.00042944 2.4119e-05 2.315e-05
0.00010021 2.3004e-07 0.016737 0.0016781 0.00067045 0.00043556 2.3816e-05 2.3586e-05
0.00010114 2.4804e-07 0.016855 0.0016811 0.00066818 0.00044204 2.3556e-05 2.4074e-05
0.00010206 2.611e-07 0.016914 0.001684 0.00066589 0.00044844 2.3269e-05 2.4531e-05
0.00010296 2.6985e-07 0.016917 0.0016868 0.00066358 0.00045476 2.2954e-05 2.4959e-05
0.00010384 2.7457e-07 0.016862 0.0016896 0.00066125 0.000461 2.2611e-05 2.5358e-05
0.00010474 2.8547e-07 0.016894 0.0016925 0.00065894 0.00046737 2.2309e-05 2.5801e-05
0.00010567 3.0423e-07 0.017017 0.0016954 0.00065667 0.00047388 2.2044e-05 2.6292e-05
0.00010662 3.0264e-07 0.017238 0.0016984 0.00065441 0.00048054 2.0939e-05 2.6835e-05
0.00010755 2.9705e-07 0.017394 0.0017014 0.00065213 0.00048711 1.9769e-05 2.7343e-05
0.00010847 2.8719e-07 0.017486 0.0017043 0.00064984 0.00049359 1.9751e-05 2.7819e-05
0.0001094 2.8345e-07 0.017675 0.0017073 0.00064756 0.00050021 1.976e-05 2.8345e-05
0.00011032 2.757e-07 0.0178 0.0017102 0.00064527 0.00050674 1.9748e-05 2.8838e-05
0.00011127 2.4068e-07 0.018046 0.0017133 0.000643 0.00051343 1.9776e-05 2.8844e-05
0.00011219 1.9668e-07 0.018229 0.0017162 0.00064071 0.00052004 1.9785e-05 2.8831e-05
0.00011314 1.6678e-07 0.018515 0.0017193 0.00063845 0.00052679 1.982e-05 2.8846e-05
0.00011412 1.4659e-07 0.018921 0.0017224 0.0006362 0.00053368 1.9882e-05 2.8887e-05
0.00011508 1.2111e-07 0.019253 0.0017254 0.00063394 0.00054049 1.9924e-05 2.8911e-05
0.00011606 1.038e-07 0.019713 0.0017286 0.00063171 0.00054745 1.9993e-05 2.8961e-05
0.00011706 8.1898e-08 0.020094 0.0017317 0.00062945 0.00055457 2.0043e-05 2.8994e-05
0.00011806 5.4552e-08 0.020403 0.0017347 0.00062717 0.00056161 2.0074e-05 2.9008e-05
0.00011907 3.5588e-08 0.020837 0.0017379 0.00062492 0.0005688 2.0131e-05 2.905e-05
0.00012011 2.2358e-08 0.021421 0.0017411 0.00062269 0.00057614 2.0215e-05 2.9119e-05
0.00012113 5.7321e-09 0.021912 0.0017442 0.00062044 0.00058339 2.028e-05 2.9169e-05
0.00012214 3.6738e-09 0.02232 0.0017473 0.00061818 0.00059056 2.0325e-05 2.9202e-05
0.00012312 5.2685e-09 0.022648 0.0017504 0.00061589 0.00059763 2.035e-05 2.9215e-05
0.00012413 7.5928e-09 0.023122 0.0017535 0.00061363 0.00060488 2.0404e-05 2.9259e-05
0.00012513 8.8925e-09 0.02351 0.0017566 0.00061134 0.00061203 2.0439e-05 2.9283e-05
0.00012615 1.1067e-08 0.024058 0.0017597 0.00060908 0.00061934 2.0502e-05 2.9337e-05
0.0001272 1.4334e-08 0.024788 0.001763 0.00060685 0.00062682 2.0594e-05 2.942e-05
0.00012827 1.3073e-08 0.025747 0.0017663 0.00060464 0.00063446 2.0715e-05 2.9532e-05
0.00012937 1.2685e-08 0.026995 0.0017697 0.00060246 0.00064226 2.0866e-05 2.9674e-05
0.0001305 1.3342e-08 0.028614 0.0017732 0.0006003 0.00065024 2.1048e-05 2.9847e-05
0.00013161 1.2871e-08 0.029996 0.0017767 0.00059812 0.00065812 2.1206e-05 2.9999e-05
0.00013275 1.3367e-08 0.031884 0.0017802 0.00059597 0.00066618 2.14e-05 3.0185e-05
0.00013392 1.4918e-08 0.03438 0.0017838 0.00059384 0.00067444 2.1631e-05 3.0409e-05
0.00013512 1.2071e-08 0.037674 0.0017876 0.00059174 0.00068289 2.1901e-05 3.0671e-05
0.00013635 1.0442e-08 0.042019 0.0017914 0.00058967 0.00069155 2.1725e-05 3.0975e-05
0.00013762 9.6382e-09 0.047614 0.0017953 0.00058763 0.0007004 2.158e-05 3.1329e-05
0.00013886 7.7485e-09 0.052438 0.0017992 0.00058556 0.00070913 2.1412e-05 3.1656e-05
0.00014014 6.6768e-09 0.058753 0.0018032 0.00058351 0.00071808 2.1279e-05 3.2028e-05
0.00014139 4.6119e-09 0.064246 0.0018071 0.00058145 0.00072691 2.1123e-05 3.2373e-05
0.00014263 1.4278e-09 0.068999 0.0018109 0.00057937 0.00073563 2.0943e-05 3.269e-05
0.00014384 1.3168e-09 0.073113 0.0018147 0.00057726 0.00074424 2.074e-05 3.2981e-05
0.00014508 1.242e-09 0.078483 0.0018186 0.00057518 0.00075306 2.0572e-05 3.3316e-05
0.0001463 3.6675e-09 0.083135 0.0018224 0.00057308 0.00076176 2.038e-05 3.3624e-05
0.00014757 6.9453e-09 0.084499 0.0018263 0.000571 0.00076359 2.022e-05 3.3972e-05
0.00014886 1.1849e-08 0.086282 0.0018303 0.00056895 0.0007655 2.009e-05 3.4364e-05
0.00015019 1.8688e-08 0.08856 0.0018344 0.00056692 0.00076747 1.9987e-05 3.4801e-05
0.00015154 2.856e-08 0.091493 0.0018385 0.00056491 0.00076952 1.9915e-05 3.5289e-05
0.00015293 4.2399e-08 0.095171 0.0018428 0.00056292 0.00077165 1.9868e-05 3.5828e-05
0.00015435 4.4474e-08 0.099773 0.0018472 0.00056095 0.00077384 1.9846e-05 3.642e-05
0.00015581 4.8695e-08 0.10096 0.0018516 0.00055901 0.00077611 1.9852e-05 3.7073e-05
0.00015724 5.1326e-08 0.102 0.001856 0.00055705 0.00077834 1.9841e-05 3.7695e-05
0.00015866 5.2459e-08 0.10289 0.0018604 0.00055507 0.00078053 1.9813e-05 3.8286e-05
0.0001601 5.5357e-08 0.10405 0.0018648 0.00055311 0.00078278 1.9808e-05 3.893e-05
0.00016153 5.6806e-08 0.10508 0.0018692 0.00055113 0.000785 1.9787e-05 3.9544e-05
0.00016299 6.0099e-08 0.10639 0.0018737 0.00054917 0.00078728 1.9789e-05 4.0212e-05
0.00016448 6.5827e-08 0.10806 0.0018782 0.00054723 0.00078963 1.9816e-05 4.0942e-05
0.00016595 6.9833e-08 0.10955 0.0018827 0.00054528 0.00079195 1.9827e-05 4.164e-05
0.0001674 7.2158e-08 0.11088 0.0018872 0.00054331 0.00079422 1.9821e-05 4.2306e-05
0.00016888 6.2923e-08 0.11078 0.0018917 0.00054136 0.00079656 1.9839e-05 4.303e-05
0.00017039 5.6589e-08 0.11085 0.0018963 0.00053942 0.00079897 1.988e-05 4.3817e-05
0.00017188 4.8323e-08 0.11083 0.0019009 0.00053747 0.00080133 1.9904e-05 4.4567e-05
0.0001734 4.2599e-08 0.11099 0.0019055 0.00053554 0.00080377 1.9951e-05 4.5382e-05
0.00017496 3.8864e-08 0.11132 0.0019103 0.00053363 0.00080627 2.0022e-05 4.6266e-05
0.00017649 4.9747e-08 0.11156 0.001915 0.0005317 0.00080874 2.0077e-05 4.7112e-05
0.00017801 5.8248e-08 0.1117 0.0019196 0.00052975 0.00081115 2.0114e-05 4.7917e-05
0.00017955 7.0493e-08 0.11202 0.0019243 0.00052782 0.00081364 2.0175e-05 4.8793e-05
0.00018114 8.8636e-08 0.11257 0.0019291 0.00052591 0.00081621 2.0263e-05 4.9752e-05
0.0001827 1.0307e-07 0.11301 0.0019339 0.00052399 0.00081874 2.0334e-05 5.0667e-05
0.0001843 1.2503e-07 0.11223 0.0019388 0.00052208 0.00082135 2.0433e-05 5.1672e-05
0.00018593 1.5716e-07 0.1117 0.0019437 0.0005202 0.00082403 2.056e-05 5.2769e-05
0.00018754 1.8241e-07 0.11347 0.0019486 0.00051829 0.00082667 2.0666e-05 5.3808e-05
0.00018913 2.019e-07 0.11497 0.0019534 0.00051637 0.00082925 2.0751e-05 5.4793e-05
0.00019075 2.1645e-07 0.11624 0.0019582 0.00051443 0.00083191 2.0815e-05 5.5723e-05
0.00019235 3.3168e-07 0.11727 0.001962 0.00051771 0.00083453 2.2141e-05 5.6582e-05
0.00019392 4.252e-07 0.11813 0.0019658 0.00052097 0.00083709 2.34e-05 5.7392e-05
0.00019554 5.6438e-07 0.11933 0.0019697 0.00052426 0.00083974 2.4779e-05 5.8288e-05
