

TREE # 1

  0  0.0000   3111.534716  x:  0.03101   0.00000   0.10034   0.21850   0.09020   0.07709   0.05130   0.04167   0.01923   0.31709   0.04745   0.02003   0.01757   0.93851   1.08893  
  1 99.0000   3102.219235  x:  0.01167   0.02637   0.09930   0.22474   0.09250   0.07574   0.03778   0.03061   0.01307   0.32635   0.05710   0.01304   0.00493   0.94942   1.08285  
  2 551.0984   3098.600647  x:  0.00264   0.02645   0.09824   0.22816   0.09333   0.07503   0.03121   0.02590   0.01044   0.33158   0.06147   0.01304   0.00976   0.95597   1.07916  
  3 572.5506   3093.082247  x:  0.00630   0.02115   0.09495   0.23829   0.09588   0.07330   0.01468   0.01544   0.00506   0.34725   0.07282   0.01407   0.00865   0.97619   1.06768  
  4 530.7854   3087.450697  x:  0.00283   0.01367   0.09107   0.25083   0.09878   0.07199   0.01421   0.01829   0.00538   0.36719   0.08415   0.01380   0.00221   1.00338   1.05205  
  5 588.2197   3070.787746  x:  0.00857   0.01099   0.07500   0.30864   0.11293   0.06673   0.02501   0.03437   0.00847   0.45968   0.13428   0.00523   0.00830   1.13146   0.97807  
  6 2507.1885   3067.003338  x:  0.00984   0.01434   0.07254   0.32573   0.11627   0.06611   0.03067   0.03747   0.00693   0.48852   0.14504   0.02059   0.00919   1.17553   0.95188  
  7 1849.8105   3060.716041  x:  0.00982   0.01342   0.07830   0.33112   0.11420   0.06857   0.03560   0.03370   0.00000   0.50246   0.13650   0.01996   0.00877   1.20922   0.92975  
  8 525.6517   3037.372274  x:  0.00733   0.01367   0.10696   0.35047   0.09784   0.08396   0.03719   0.00789   0.03282   0.57532   0.06895   0.01843   0.00795   1.42226   0.78401  
  9 1633.6277   3028.310205  x:  0.00663   0.01663   0.11803   0.35289   0.08992   0.08823   0.02044   0.02268   0.03766   0.60155   0.03604   0.01845   0.00908   1.52163   0.71279  
 10 1986.7343   2972.110497  x:  0.00701   0.01717   0.10982   0.20107   0.06358   0.05559   0.01880   0.02555   0.03776   0.54495   0.05788   0.01836   0.00905   2.03742   0.26031  
 11 498.5226   2966.743695  x:  0.00637   0.01651   0.10119   0.20114   0.09521   0.07452   0.01810   0.02510   0.03641   0.51660   0.05473   0.01813   0.00904   2.10495   0.19908  
 12 419.0489   2962.175708  x:  0.00630   0.01715   0.08934   0.25160   0.08025   0.06771   0.01860   0.02428   0.03581   0.44467   0.05383   0.01795   0.00891   2.19241   0.17682  
 13 131.3323   2959.034920  x:  0.00630   0.01618   0.10985   0.26115   0.08931   0.07296   0.01591   0.02710   0.03902   0.39439   0.06595   0.01813   0.00920   2.28911   0.20871  
 14 132.8079   2957.836401  x:  0.00599   0.01665   0.09058   0.25686   0.09668   0.06818   0.01723   0.02513   0.03645   0.38068   0.05860   0.01782   0.00895   2.33100   0.23045  
 15 108.0912   2957.776262  x:  0.00600   0.01677   0.08803   0.25609   0.09432   0.07249   0.01717   0.02519   0.03611   0.38018   0.05916   0.01781   0.00896   2.33342   0.23192  
 16 23.2807   2948.740287  x:  0.00497   0.00000   0.08693   0.28384   0.10732   0.07671   0.02613   0.02681   0.02302   0.43839   0.07161   0.01688   0.00869   2.49735   0.25437  
 17  0.2003   2942.963627  x:  0.00367   0.00000   0.09488   0.29369   0.11466   0.08132   0.03087   0.02808   0.00000   0.45302   0.08117   0.01421   0.00861   2.97550   0.26728  
 18  0.4437   2940.436079  x:  0.00538   0.00000   0.10905   0.29148   0.10315   0.08008   0.02629   0.02662   0.01227   0.45788   0.07773   0.01393   0.00883   3.49115   0.26960  
 19  0.2797   2939.213432  x:  0.00508   0.00000   0.09559   0.29131   0.10165   0.07739   0.02201   0.02510   0.00462   0.46625   0.07424   0.01378   0.00932   3.88565   0.27588  
 20  0.2834   2939.106799  x:  0.00526   0.00000   0.09732   0.29184   0.10317   0.07935   0.02470   0.02487   0.00292   0.46211   0.07469   0.01423   0.00922   3.95046   0.27457  
 21  0.0681   2939.089233  x:  0.00500   0.00000   0.09774   0.29295   0.10432   0.07996   0.02488   0.02483   0.00387   0.46196   0.07471   0.01469   0.00931   3.96912   0.27350  
 22  0.0167   2939.086796  x:  0.00499   0.00000   0.09714   0.29334   0.10444   0.07985   0.02475   0.02483   0.00367   0.46272   0.07469   0.01488   0.00935   3.98793   0.27319  
 23  0.0166   2939.086675  x:  0.00503   0.00000   0.09718   0.29329   0.10427   0.07977   0.02478   0.02486   0.00369   0.46284   0.07470   0.01490   0.00934   3.98883   0.27307  
 24  0.0008   2939.086665  x:  0.00502   0.00000   0.09720   0.29331   0.10426   0.07978   0.02478   0.02489   0.00369   0.46291   0.07468   0.01490   0.00934   3.98870   0.27306  
 25  0.0001   2939.086663  x:  0.00502   0.00000   0.09719   0.29329   0.10427   0.07977   0.02478   0.02490   0.00369   0.46287   0.07467   0.01490   0.00933   3.98861   0.27306  
 26  0.0001   2939.086663  x:  0.00502   0.00000   0.09719   0.29330   0.10427   0.07977   0.02478   0.02490   0.00369   0.46287   0.07467   0.01490   0.00933   3.98875   0.27306  
 27  0.0001   2939.086663  x:  0.00502   0.00000   0.09719   0.29330   0.10427   0.07977   0.02478   0.02490   0.00369   0.46287   0.07467   0.01490   0.00933   3.98878   0.27306  
 28  0.0000   2939.086663  x:  0.00502   0.00000   0.09719   0.29330   0.10427   0.07977   0.02478   0.02490   0.00369   0.46287   0.07467   0.01490   0.00933   3.98876   0.27306  
 29  0.0000   2939.086663  x:  0.00502   0.00000   0.09719   0.29330   0.10427   0.07977   0.02478   0.02490   0.00369   0.46287   0.07467   0.01490   0.00933   3.98876   0.27306  
 30  0.0000   2939.086663  x:  0.00502   0.00000   0.09719   0.29330   0.10427   0.07977   0.02478   0.02490   0.00369   0.46287   0.07467   0.01490   0.00933   3.98875   0.27306  