

TREE # 1

  0  0.0000   3002.867245  x:  0.01254   0.00000   0.10431   0.20485   0.08353   0.06183   0.03403   0.04688   0.01581   0.31898   0.04889   0.02864   0.01857   1.11173   0.97697  
  1 99.0000   2997.419381  x:  0.00403   0.01830   0.10387   0.21075   0.08617   0.06329   0.02869   0.03786   0.01261   0.32519   0.05435   0.01930   0.00857   1.11809   0.97229  
  2 485.5989   2993.066189  x:  0.00873   0.01459   0.10211   0.22020   0.08947   0.06515   0.02243   0.02483   0.00846   0.33562   0.06227   0.00924   0.00464   1.12935   0.96393  
  3 378.7772   2990.181216  x:  0.00546   0.01255   0.10035   0.22998   0.09272   0.06706   0.01838   0.01451   0.00524   0.34663   0.06948   0.00842   0.01073   1.14160   0.95479  
  4 718.2344   2984.535628  x:  0.00166   0.00724   0.09606   0.25385   0.10024   0.07160   0.01838   0.01103   0.00296   0.37420   0.08442   0.01920   0.00458   1.17367   0.93068  
  5 641.9893   2976.421396  x:  0.01373   0.01299   0.08775   0.30536   0.11627   0.08095   0.02143   0.01817   0.00084   0.43439   0.11416   0.03176   0.00784   1.24538   0.87650  
  6 2184.5351   2968.190189  x:  0.00265   0.00532   0.08527   0.33495   0.12052   0.08177   0.02887   0.03573   0.00033   0.47329   0.12022   0.01589   0.01163   1.30158   0.83234  
  7 782.4865   2944.371104  x:  0.00453   0.00615   0.10415   0.37266   0.09640   0.05554   0.02860   0.02979   0.00000   0.55273   0.05485   0.01636   0.01014   1.48363   0.67799  
  8 469.3889   2937.689525  x:  0.00359   0.00573   0.11236   0.37920   0.08253   0.05556   0.02261   0.02158   0.04171   0.58696   0.03179   0.01372   0.00982   1.59934   0.57376  
  9 1208.1637   2900.740825  x:  0.00413   0.00582   0.13739   0.30682   0.04711   0.07135   0.02713   0.02041   0.03883   0.60409   0.05870   0.01446   0.00983   1.94403   0.23061  
 10 691.0587   2895.966749  x:  0.00373   0.00494   0.13614   0.29333   0.06981   0.07159   0.02292   0.02188   0.03784   0.60000   0.05414   0.01463   0.00980   2.00470   0.17377  
 11 809.2082   2891.105239  x:  0.00498   0.00751   0.09533   0.29315   0.07345   0.07823   0.04138   0.01308   0.03522   0.56011   0.04742   0.01301   0.00958   2.13193   0.17868  
 12 109.0356   2885.293116  x:  0.00434   0.00742   0.06393   0.29553   0.07163   0.08108   0.02228   0.02073   0.03046   0.51164   0.04630   0.01491   0.00947   2.28487   0.19559  
 13 711.8107   2873.094254  x:  0.00406   0.00547   0.09695   0.30818   0.09702   0.07904   0.02192   0.02079   0.03123   0.38817   0.06176   0.01541   0.00956   2.67128   0.26405  
 14 621.0602   2872.380648  x:  0.00405   0.00542   0.09713   0.27874   0.10259   0.08372   0.02154   0.02074   0.03012   0.40997   0.06174   0.01544   0.00948   2.70044   0.28268  
 15 34.7918   2872.362320  x:  0.00406   0.00549   0.09652   0.27769   0.10275   0.08066   0.02174   0.02060   0.03072   0.41062   0.06286   0.01545   0.00949   2.70128   0.28312  
 16  9.8679   2867.578258  x:  0.00380   0.00000   0.10025   0.27464   0.10165   0.08072   0.02480   0.02381   0.01905   0.41192   0.06415   0.01416   0.00906   2.89654   0.27434  
 17  0.3775   2863.497649  x:  0.00537   0.00000   0.10546   0.28265   0.10156   0.07910   0.02333   0.02679   0.00000   0.42659   0.06704   0.01563   0.00854   3.20331   0.26366  
 18  0.7208   2861.562943  x:  0.00616   0.00000   0.10640   0.30021   0.10363   0.06698   0.02678   0.02687   0.00389   0.45544   0.07911   0.01513   0.00925   3.64292   0.25632  
 19  0.3048   2860.696124  x:  0.00605   0.00000   0.10461   0.29559   0.10501   0.07381   0.02704   0.02652   0.00000   0.45553   0.07887   0.01484   0.00971   3.91004   0.26055  
 20  0.3208   2860.263214  x:  0.00541   0.00000   0.10255   0.28868   0.10368   0.07694   0.02354   0.02560   0.00066   0.44996   0.07326   0.01524   0.00993   4.23667   0.26804  
 21  0.2506   2860.205031  x:  0.00525   0.00000   0.10211   0.29436   0.10335   0.07693   0.02564   0.02536   0.00101   0.45261   0.07119   0.01500   0.00976   4.29468   0.27004  
 22  0.0588   2860.197165  x:  0.00529   0.00000   0.10246   0.29513   0.10223   0.07566   0.02529   0.02541   0.00136   0.45280   0.07102   0.01525   0.00956   4.30371   0.27004  
 23  0.0081   2860.196275  x:  0.00527   0.00000   0.10247   0.29463   0.10180   0.07580   0.02532   0.02547   0.00134   0.45272   0.07113   0.01521   0.00949   4.30233   0.27102  
 24  0.0010   2860.196238  x:  0.00528   0.00000   0.10247   0.29475   0.10174   0.07580   0.02533   0.02549   0.00130   0.45274   0.07116   0.01522   0.00950   4.30230   0.27102  
 25  0.0001   2860.196234  x:  0.00528   0.00000   0.10246   0.29477   0.10173   0.07581   0.02533   0.02549   0.00131   0.45273   0.07117   0.01523   0.00951   4.30215   0.27103  
 26  0.0001   2860.196234  x:  0.00528   0.00000   0.10246   0.29476   0.10173   0.07580   0.02533   0.02549   0.00131   0.45273   0.07116   0.01522   0.00951   4.30222   0.27104  
 27  0.0001   2860.196233  x:  0.00528   0.00000   0.10246   0.29476   0.10173   0.07580   0.02533   0.02549   0.00131   0.45273   0.07116   0.01522   0.00951   4.30223   0.27104  
 28  0.0000   2860.196233  x:  0.00528   0.00000   0.10246   0.29476   0.10173   0.07580   0.02533   0.02549   0.00131   0.45273   0.07116   0.01522   0.00951   4.30223   0.27104  
 29  0.0000   2860.196233  x:  0.00528   0.00000   0.10246   0.29476   0.10173   0.07580   0.02533   0.02549   0.00131   0.45273   0.07116   0.01522   0.00951   4.30223   0.27104  
 30  0.0000   2860.196233  x:  0.00528   0.00000   0.10246   0.29476   0.10173   0.07580   0.02533   0.02549   0.00131   0.45273   0.07116   0.01522   0.00951   4.30223   0.27104  
 31  0.0000   2860.196233  x:  0.00528   0.00000   0.10246   0.29476   0.10173   0.07580   0.02533   0.02549   0.00131   0.45273   0.07116   0.01522   0.00951   4.30223   0.27104  