

TREE # 1

  0  0.0000   2082.417689  x:  1.15086   0.15564   0.13947   0.02564   0.03531   0.03041   0.01134   0.00516   0.01203   0.02088   0.03865   0.00000   0.05019   0.02626   0.07032   0.93413   0.82966  
  1 99.0000   2082.417239  x:  1.15086   0.15564   0.13947   0.02564   0.03530   0.03041   0.01134   0.00516   0.01203   0.02088   0.03865   0.00000   0.05019   0.02626   0.07032   0.93413   0.82966  
  2 328.6131   2080.952966  x:  1.15103   0.15601   0.13984   0.02602   0.03331   0.02947   0.01203   0.00000   0.01268   0.02080   0.03921   0.00000   0.05043   0.02563   0.06970   0.93534   0.82863  
  3 1558.9340   2079.231961  x:  1.15435   0.16125   0.14512   0.02741   0.02087   0.03928   0.00546   0.00000   0.01528   0.01751   0.04309   0.00000   0.05552   0.02910   0.06144   0.95815   0.80716  
  4 125.6598   2077.447482  x:  1.15878   0.16743   0.15139   0.02762   0.01318   0.04975   0.01059   0.00000   0.00730   0.01788   0.04520   0.00000   0.06052   0.03103   0.05226   0.98895   0.77801  
  5 410.1069   2070.878000  x:  1.17827   0.19058   0.17527   0.03063   0.02513   0.05888   0.00948   0.00000   0.00939   0.03660   0.04639   0.00000   0.06994   0.01560   0.02602   1.12549   0.64824  
  6 430.7621   2052.239023  x:  1.23273   0.23900   0.22627   0.04976   0.03944   0.05084   0.00934   0.00000   0.00494   0.03228   0.03710   0.00000   0.07056   0.02221   0.06469   1.51243   0.27167  
  7 906.2991   2049.168368  x:  1.24070   0.23522   0.22342   0.02655   0.04029   0.04430   0.01027   0.00000   0.00683   0.02289   0.03459   0.00000   0.05954   0.02664   0.05947   1.57601   0.20890  
  8 391.8895   2048.567987  x:  1.24217   0.22257   0.21194   0.02505   0.03776   0.04766   0.00962   0.00000   0.00674   0.03048   0.04397   0.00000   0.05557   0.02575   0.06244   1.59800   0.19945  
  9 68.2815   2047.621159  x:  1.24442   0.19640   0.18887   0.03219   0.03396   0.05233   0.00950   0.00000   0.00747   0.03098   0.03543   0.00000   0.05769   0.02011   0.06050   1.64151   0.19713  
 10 88.5607   2046.884204  x:  1.24696   0.17858   0.17454   0.03811   0.03814   0.04668   0.01000   0.00000   0.00681   0.02757   0.03964   0.00000   0.06348   0.02827   0.05399   1.68827   0.20755  
 11 104.8314   2045.450238  x:  1.25250   0.16227   0.16604   0.02502   0.03879   0.05274   0.01126   0.00000   0.00898   0.02125   0.04389   0.00000   0.05940   0.02121   0.06167   1.79678   0.25341  
 12 90.3305   2045.325855  x:  1.25208   0.16184   0.16607   0.02460   0.03649   0.05237   0.01104   0.00000   0.00979   0.02655   0.03989   0.00000   0.05473   0.02575   0.06122   1.80739   0.25845  
 13 35.2983   2045.313017  x:  1.25116   0.16201   0.16606   0.02569   0.03661   0.05260   0.01104   0.00000   0.00964   0.02603   0.04005   0.00000   0.05258   0.02569   0.06056   1.80827   0.25881  
 14  7.9067   2044.920768  x:  1.16888   0.17306   0.15787   0.02518   0.03592   0.04933   0.01075   0.00000   0.00955   0.02580   0.04011   0.00000   0.05321   0.02531   0.06075   1.82539   0.25907  
 15  3.6674   2044.614367  x:  1.14597   0.15037   0.18256   0.02497   0.03494   0.04611   0.01041   0.00000   0.00942   0.02585   0.04011   0.00000   0.05324   0.02495   0.06065   1.82994   0.25852  
 16  5.2517   2041.460989  x:  1.17652   0.15497   0.17622   0.02289   0.02637   0.01729   0.00729   0.00000   0.00810   0.02526   0.04027   0.00000   0.05173   0.02132   0.05890   1.84532   0.26727  
 17  1.7332   2040.512648  x:  1.20859   0.16760   0.18106   0.03007   0.01728   0.01737   0.00870   0.00000   0.01318   0.02262   0.04475   0.00000   0.05524   0.01825   0.06104   1.89822   0.27670  
 18  0.1183   2040.263325  x:  1.23275   0.16854   0.17656   0.02685   0.01454   0.02095   0.00896   0.00000   0.01139   0.02066   0.04436   0.00000   0.05332   0.01650   0.06023   1.94314   0.28202  
 19  0.0943   2040.125816  x:  1.24837   0.17022   0.17558   0.02603   0.01700   0.01962   0.00983   0.00000   0.00994   0.01869   0.04478   0.00000   0.05388   0.01768   0.05933   2.00720   0.28705  
 20  0.0857   2040.073975  x:  1.24844   0.16944   0.17604   0.02676   0.01582   0.01862   0.00978   0.00000   0.00920   0.02097   0.04465   0.00000   0.05448   0.01814   0.05859   2.04576   0.29002  
 21  0.0474   2040.058833  x:  1.24417   0.16937   0.17824   0.02760   0.01624   0.01944   0.00972   0.00000   0.00944   0.02108   0.04523   0.00000   0.05520   0.01758   0.05831   2.06574   0.29003  
 22  0.0231   2040.055609  x:  1.24356   0.16926   0.17901   0.02749   0.01596   0.01916   0.00965   0.00000   0.00962   0.02077   0.04522   0.00000   0.05498   0.01747   0.05782   2.07568   0.28950  
 23  0.0115   2040.055089  x:  1.24467   0.16922   0.17885   0.02737   0.01604   0.01927   0.00959   0.00000   0.00960   0.02087   0.04505   0.00000   0.05479   0.01757   0.05765   2.07815   0.28908  
 24  0.0028   2040.055054  x:  1.24495   0.16924   0.17875   0.02737   0.01606   0.01924   0.00958   0.00000   0.00960   0.02086   0.04506   0.00000   0.05484   0.01751   0.05766   2.07825   0.28895  
 25  0.0005   2040.055049  x:  1.24502   0.16928   0.17874   0.02738   0.01606   0.01924   0.00958   0.00000   0.00961   0.02086   0.04506   0.00000   0.05486   0.01752   0.05768   2.07821   0.28886  
 26  0.0001   2040.055048  x:  1.24499   0.16929   0.17875   0.02738   0.01606   0.01924   0.00958   0.00000   0.00960   0.02086   0.04506   0.00000   0.05485   0.01752   0.05768   2.07821   0.28883  
 27  0.0000   2040.055048  x:  1.24499   0.16928   0.17875   0.02738   0.01606   0.01924   0.00958   0.00000   0.00960   0.02086   0.04506   0.00000   0.05485   0.01752   0.05768   2.07821   0.28883  
 28  0.0000   2040.055048  x:  1.24499   0.16928   0.17875   0.02738   0.01606   0.01924   0.00958   0.00000   0.00960   0.02086   0.04506   0.00000   0.05485   0.01752   0.05768   2.07821   0.28883  
 29  0.0000   2040.055048  x:  1.24499   0.16928   0.17875   0.02738   0.01606   0.01924   0.00958   0.00000   0.00960   0.02086   0.04506   0.00000   0.05485   0.01752   0.05768   2.07821   0.28883  
 30  0.0000   2040.055048  x:  1.24499   0.16928   0.17875   0.02738   0.01606   0.01924   0.00958   0.00000   0.00960   0.02086   0.04506   0.00000   0.05485   0.01752   0.05768   2.07821   0.28883  
 31  0.0001   2040.055048  x:  1.24499   0.16928   0.17875   0.02738   0.01606   0.01924   0.00958   0.00000   0.00960   0.02086   0.04506   0.00000   0.05485   0.01752   0.05768   2.07821   0.28883  
check convergence!
