

TREE # 1

  0  0.0000   3044.485420  x:  0.00518   0.00000   0.10827   0.28034   0.08985   0.06195   0.02492   0.02392   0.00642   0.41216   0.07081   0.01710   0.01178   0.90727   1.11651  
  1 99.0000   3043.102666  x:  0.00715   0.00997   0.10829   0.28029   0.09048   0.06233   0.02500   0.02299   0.00328   0.41278   0.07129   0.01596   0.00934   0.91200   1.11412  
  2 366.9138   3041.795895  x:  0.00637   0.00961   0.10788   0.28007   0.09096   0.06272   0.02510   0.02206   0.00000   0.41364   0.07224   0.01511   0.00821   0.91876   1.11069  
  3 233.8018   3020.110401  x:  0.00725   0.00809   0.09757   0.27427   0.10246   0.07437   0.02723   0.00497   0.00341   0.43814   0.10262   0.00464   0.00909   1.10771   1.01421  
  4 847.0870   2970.156277  x:  0.00792   0.00738   0.06660   0.25571   0.13747   0.10864   0.03434   0.02453   0.00000   0.51693   0.19346   0.02913   0.01048   1.72399   0.69781  
  5 8507.8233   2954.426553  x:  0.00000   0.00746   0.08754   0.25585   0.12937   0.09627   0.02332   0.03297   0.00000   0.52510   0.18215   0.02107   0.00445   1.84169   0.62876  
  6 1112.0825   2943.749657  x:  0.00511   0.00441   0.10855   0.25618   0.12069   0.08322   0.01274   0.04099   0.00000   0.53271   0.16928   0.01304   0.00079   1.95797   0.55999  
  7 14610.4240   2936.952712  x:  0.00727   0.00345   0.12469   0.25652   0.11391   0.07301   0.00551   0.04653   0.00000   0.53837   0.15880   0.00706   0.00501   2.04709   0.50709  
  8 27928.8717   2919.160506  x:  0.01136   0.00047   0.17158   0.25945   0.09054   0.04113   0.02789   0.05018   0.00000   0.54977   0.11807   0.00315   0.00894   2.28661   0.36035  
  9 5277.7114   2914.443624  x:  0.01199   0.00000   0.18134   0.26043   0.08553   0.03582   0.02846   0.04574   0.00000   0.55135   0.10822   0.00873   0.00932   2.33482   0.33016  
 10 5741.9090   2907.057961  x:  0.01238   0.00000   0.18722   0.26811   0.07736   0.06511   0.02938   0.04481   0.00000   0.54182   0.06626   0.00911   0.00973   2.41720   0.26900  
 11 660.0642   2904.451316  x:  0.01148   0.00000   0.16602   0.28230   0.08909   0.05372   0.02671   0.04497   0.00000   0.51160   0.05066   0.00803   0.00895   2.44160   0.23929  
 12 136.3436   2902.502905  x:  0.01128   0.00000   0.16054   0.30087   0.07707   0.05330   0.02596   0.04571   0.00000   0.46492   0.06166   0.00771   0.00871   2.45969   0.21014  
 13 133.9987   2901.981477  x:  0.01168   0.00000   0.17051   0.30403   0.08750   0.05595   0.02704   0.04586   0.00000   0.44085   0.06394   0.00811   0.00905   2.47272   0.21513  
 14 48.6564   2901.669067  x:  0.01162   0.00000   0.16708   0.30134   0.08184   0.05522   0.02680   0.04580   0.00000   0.42359   0.06143   0.00807   0.00898   2.48742   0.23067  
 15 36.3898   2901.612686  x:  0.01158   0.00000   0.16634   0.29102   0.08218   0.05519   0.02672   0.04574   0.00000   0.42050   0.06155   0.00806   0.00895   2.48688   0.22811  
 16  1.4370   2894.678372  x:  0.00870   0.00000   0.09767   0.28946   0.09575   0.05938   0.02258   0.04109   0.00000   0.43749   0.07381   0.00998   0.00748   2.58403   0.25462  
 17  0.8548   2888.282139  x:  0.00816   0.00000   0.12762   0.29634   0.10532   0.09061   0.02716   0.02699   0.00000   0.45036   0.08451   0.01849   0.00915   3.16178   0.27319  
 18  0.2352   2885.886368  x:  0.00568   0.00000   0.09893   0.29615   0.10097   0.08411   0.02472   0.01947   0.00000   0.44197   0.08091   0.02084   0.00851   3.51657   0.27016  
 19  0.2173   2884.579171  x:  0.00524   0.00000   0.11506   0.29407   0.09532   0.06647   0.02474   0.02039   0.00000   0.44850   0.07582   0.02038   0.00874   3.78127   0.26634  
 20  0.1459   2884.188589  x:  0.00463   0.00000   0.11123   0.29845   0.10133   0.06735   0.02577   0.02213   0.00000   0.45821   0.08065   0.01995   0.00912   4.05870   0.28069  
 21  0.0942   2884.054997  x:  0.00501   0.00000   0.11242   0.29426   0.09821   0.06980   0.02621   0.02401   0.00000   0.45000   0.07881   0.01852   0.00940   4.15791   0.27699  
 22  0.0436   2883.969699  x:  0.00525   0.00000   0.11072   0.29789   0.09801   0.06989   0.02550   0.02309   0.00000   0.45923   0.07755   0.01657   0.00944   4.22820   0.27541  
 23  0.0185   2883.928896  x:  0.00555   0.00000   0.11211   0.29651   0.09941   0.07034   0.02511   0.02192   0.00000   0.45480   0.07860   0.01550   0.00941   4.18919   0.27669  
 24  0.0196   2883.925607  x:  0.00546   0.00000   0.11185   0.29588   0.09889   0.06960   0.02520   0.02207   0.00000   0.45354   0.07887   0.01540   0.00939   4.17868   0.27754  
 25  0.0073   2883.924250  x:  0.00535   0.00000   0.11187   0.29620   0.09864   0.06989   0.02544   0.02198   0.00000   0.45429   0.07907   0.01531   0.00940   4.17503   0.27788  
 26  0.0015   2883.923873  x:  0.00530   0.00000   0.11197   0.29619   0.09881   0.06982   0.02554   0.02195   0.00000   0.45401   0.07890   0.01528   0.00941   4.17521   0.27732  
 27  0.0004   2883.923860  x:  0.00529   0.00000   0.11193   0.29612   0.09887   0.06983   0.02554   0.02196   0.00000   0.45403   0.07890   0.01529   0.00942   4.17429   0.27738  
 28  0.0006   2883.923847  x:  0.00529   0.00000   0.11192   0.29616   0.09887   0.06983   0.02553   0.02197   0.00000   0.45405   0.07886   0.01527   0.00943   4.17408   0.27742  
 29  0.0001   2883.923835  x:  0.00529   0.00000   0.11194   0.29615   0.09885   0.06983   0.02553   0.02196   0.00000   0.45402   0.07887   0.01528   0.00945   4.17390   0.27741  
 30  0.0001   2883.923833  x:  0.00529   0.00000   0.11194   0.29614   0.09885   0.06983   0.02552   0.02196   0.00000   0.45403   0.07889   0.01528   0.00945   4.17416   0.27738  
 31  0.0002   2883.923833  x:  0.00529   0.00000   0.11194   0.29614   0.09885   0.06983   0.02552   0.02196   0.00000   0.45403   0.07889   0.01528   0.00945   4.17408   0.27738  
 32  0.0001   2883.923833  x:  0.00529   0.00000   0.11194   0.29614   0.09885   0.06983   0.02552   0.02196   0.00000   0.45403   0.07889   0.01528   0.00945   4.17407   0.27738  
 33  0.0000   2883.923833  x:  0.00529   0.00000   0.11194   0.29614   0.09885   0.06983   0.02552   0.02196   0.00000   0.45403   0.07889   0.01528   0.00945   4.17407   0.27738  
 34  0.0000   2883.923833  x:  0.00529   0.00000   0.11194   0.29614   0.09885   0.06983   0.02552   0.02196   0.00000   0.45403   0.07889   0.01528   0.00945   4.17407   0.27738  
 35  0.0000   2883.923833  x:  0.00529   0.00000   0.11194   0.29614   0.09885   0.06983   0.02552   0.02196   0.00000   0.45403   0.07889   0.01528   0.00945   4.17407   0.27738  