Lepus_americanus Lepus_timidus Ochotona_curzoniae Ochotona_princeps Oryctolagus_cuniculus Sylvilagus_bachmani
0.0013591 7.6918e-05 1.6291e-05 6.4536e-05 3.2207e-05 0.00010772
0.0013557 7.5069e-05 1.5392e-05 6.2988e-05 3.0825e-05 0.00010568
0.0013524 7.3268e-05 1.456e-05 6.1561e-05 2.9562e-05 0.00010376
0.0013492 7.1454e-05 1.3711e-05 6.0104e-05 2.827e-05 0.00010181
0.0013459 6.9637e-05 1.2862e-05 5.8646e-05 2.6977e-05 9.9853e-05
0.0013426 6.7819e-05 1.2011e-05 5.7186e-05 2.5682e-05 9.7898e-05
0.0013393 6.5998e-05 1.1159e-05 5.5723e-05 2.4385e-05 9.5941e-05
0.001336 6.4176e-05 1.0307e-05 5.4259e-05 2.3087e-05 9.3982e-05
0.0013327 6.2351e-05 9.4529e-06 5.2793e-05 2.1786e-05 9.202e-05
0.0013294 6.0525e-05 8.5979e-06 5.1326e-05 2.0485e-05 9.0056e-05
0.0013261 5.8684e-05 7.7251e-06 4.9825e-05 1.9151e-05 8.8059e-05
0.0013229 5.6887e-05 6.9125e-06 4.8435e-05 1.7925e-05 8.6173e-05
0.0013196 5.5075e-05 6.8128e-06 4.6886e-05 1.6668e-05 8.4253e-05
0.0013163 5.3249e-05 6.7074e-06 4.5301e-05 1.5379e-05 8.23e-05
0.0013131 5.1467e-05 6.6142e-06 4.3834e-05 1.4197e-05 8.0458e-05
0.0013099 4.9668e-05 6.5152e-06 4.233e-05 1.2978e-05 7.8576e-05
0.0013066 4.7853e-05 6.4104e-06 4.0791e-05 1.1727e-05 7.6661e-05
0.0013035 4.6083e-05 6.3179e-06 3.9368e-05 1.0581e-05 7.4856e-05
0.0013003 4.4298e-05 6.2187e-06 3.7903e-05 9.4038e-06 7.3018e-05
0.0012972 4.2563e-05 6.1332e-06 3.6563e-05 8.3373e-06 7.13e-05
0.0012943 4.0871e-05 6.0591e-06 3.5326e-05 7.3602e-06 6.9684e-05
0.0012913 3.9162e-05 5.9789e-06 3.4053e-05 6.352e-06 6.8032e-05
0.0012883 3.7436e-05 5.8925e-06 3.2726e-05 6.2535e-06 6.6323e-05
0.0012853 3.5758e-05 5.8175e-06 3.1502e-05 5.7878e-06 6.4745e-05
0.0012824 3.4063e-05 5.7536e-06 3.0374e-05 5.2715e-06 6.4934e-05
0.0012794 3.2353e-05 5.6843e-06 2.9218e-05 4.739e-06 6.5106e-05
0.0012765 3.0685e-05 5.6257e-06 2.815e-05 4.2513e-06 6.532e-05
0.0012736 2.9e-05 5.5611e-06 2.7051e-05 3.7461e-06 6.5516e-05
0.0012707 2.7299e-05 5.4907e-06 2.5919e-05 3.223e-06 6.5692e-05
0.0012677 2.558e-05 5.4143e-06 2.4754e-05 2.6815e-06 6.5851e-05
0.0012646 2.3845e-05 5.2747e-06 2.4521e-05 2.6356e-06 6.5966e-05
0.0012615 2.2095e-05 5.129e-06 2.4274e-05 2.5834e-06 6.6065e-05
0.0012584 2.033e-05 4.9771e-06 2.4014e-05 2.5249e-06 6.6147e-05
0.0012553 1.8549e-05 4.8181e-06 2.3738e-05 2.4594e-06 6.6211e-05
0.0012522 1.6817e-05 4.6749e-06 2.3501e-05 2.4046e-06 6.6321e-05
0.0012493 1.5132e-05 4.5462e-06 2.33e-05 2.3597e-06 6.6477e-05
0.0012464 1.343e-05 4.411e-06 2.3085e-05 2.3082e-06 6.6615e-05
0.0012436 1.1774e-05 4.2898e-06 2.2905e-05 2.2664e-06 6.6799e-05
0.0012409 1.0163e-05 4.1814e-06 2.2759e-05 2.2338e-06 6.703e-05
0.0012381 8.5351e-06 4.0671e-06 2.2599e-05 2.1948e-06 6.7243e-05
0.0012355 6.9461e-06 3.9636e-06 2.2468e-05 2.1528e-06 6.7453e-05
0.001233 5.4046e-06 3.8705e-06 2.2366e-05 2.1079e-06 6.7658e-05
0.0012302 5.1776e-06 3.7716e-06 2.2251e-05 2.0601e-06 6.786e-05
0.0012275 4.9545e-06 3.6827e-06 2.2163e-05 2.02e-06 6.8104e-05
0.001225 4.7352e-06 3.5874e-06 2.206e-05 1.9872e-06 6.8392e-05
0.0012224 4.5098e-06 3.4864e-06 2.1944e-05 1.9481e-06 6.866e-05
0.0012199 4.2891e-06 3.3965e-06 2.186e-05 1.9175e-06 6.8978e-05
0.0012173 4.0622e-06 3.3011e-06 2.1762e-05 1.8806e-06 6.9277e-05
0.0012148 3.8294e-06 3.2002e-06 2.1652e-05 1.8376e-06 6.9557e-05
0.0012123 3.6001e-06 3.1086e-06 2.1568e-05 1.8015e-06 6.9881e-05
0.0012098 3.3648e-06 3.0115e-06 2.1472e-05 1.7593e-06 7.0185e-05
0.0012074 3.133e-06 2.9085e-06 2.1361e-05 1.7303e-06 6.9559e-05
0.001205 2.8956e-06 2.8005e-06 2.1238e-05 1.6957e-06 6.8913e-05
0.0012027 2.6615e-06 2.7018e-06 2.1143e-05 1.6675e-06 6.832e-05
0.0012002 2.7471e-06 2.598e-06 2.1036e-05 1.6332e-06 6.7706e-05
0.0011979 2.8332e-06 2.5031e-06 2.0956e-05 1.6052e-06 6.7142e-05
0.0011955 2.9143e-06 2.4034e-06 2.0864e-05 1.5717e-06 6.656e-05
0.0011931 2.9903e-06 2.2984e-06 2.0759e-05 1.5323e-06 6.5957e-05
0.0011908 3.0667e-06 2.202e-06 2.0681e-05 1.4989e-06 6.5404e-05
0.0011885 3.1382e-06 2.1009e-06 2.0591e-05 1.4601e-06 6.4832e-05
0.0011861 3.2045e-06 1.9949e-06 2.0489e-05 1.4155e-06 6.424e-05
0.0011837 3.2657e-06 1.8837e-06 2.0375e-05 1.3649e-06 6.3626e-05
0.0011814 3.3273e-06 1.7809e-06 2.0287e-05 1.3203e-06 6.3062e-05
0.0011791 3.384e-06 1.6734e-06 2.0188e-05 1.2703e-06 6.248e-05
0.0011767 3.4358e-06 1.5613e-06 2.0078e-05 1.2149e-06 6.188e-05
0.0011744 3.488e-06 1.4573e-06 1.9993e-05 1.1653e-06 6.1328e-05
0.0011721 3.5352e-06 1.3488e-06 1.9897e-05 1.1103e-06 6.0759e-05
0.0011698 3.5773e-06 1.2351e-06 1.9789e-05 1.0495e-06 6.0168e-05
0.0011675 3.6199e-06 1.1294e-06 1.9706e-05 9.9441e-07 5.9627e-05
0.0011652 3.6574e-06 1.0187e-06 1.9611e-05 1.1121e-06 5.9063e-05
0.0011629 3.6898e-06 1.016e-06 1.9397e-05 1.2234e-06 5.8482e-05
0.0011607 3.7228e-06 1.0162e-06 1.9211e-05 1.3445e-06 5.7948e-05
0.0011584 3.7508e-06 1.0201e-06 1.9058e-05 1.4591e-06 5.7397e-05
0.0011563 3.78e-06 1.0205e-06 1.8892e-05 1.5859e-06 5.6898e-05
0.0011541 3.8042e-06 1.0176e-06 1.8715e-05 1.7059e-06 5.6382e-05
0.0011519 3.8231e-06 1.0113e-06 1.8524e-05 1.8186e-06 5.5846e-05
0.0011498 3.8432e-06 1.0085e-06 1.8364e-05 1.9442e-06 5.5363e-05
0.0011478 3.8646e-06 1.0092e-06 1.8234e-05 2.0838e-06 5.4929e-05
0.0011458 3.8806e-06 1.0064e-06 1.8092e-05 2.2156e-06 5.4476e-05
0.0011439 3.898e-06 9.9954e-07 1.7933e-05 2.3792e-06 5.2672e-05
0.001142 3.9166e-06 9.9621e-07 1.7805e-05 2.5609e-06 5.0985e-05
0.0011403 3.9358e-06 9.8911e-07 1.7662e-05 2.7599e-06 4.9397e-05
0.0011386 3.9498e-06 9.7852e-07 1.7506e-05 2.9494e-06 4.7773e-05
0.0011368 3.9588e-06 9.6467e-07 1.7339e-05 3.1303e-06 4.6118e-05
0.001135 3.9626e-06 9.4748e-07 1.7159e-05 3.302e-06 4.4427e-05
0.0011333 3.9676e-06 9.3378e-07 1.701e-05 3.4937e-06 4.2845e-05
0.0011316 3.9738e-06 9.2349e-07 1.6889e-05 3.7074e-06 4.1366e-05
0.00113 3.9748e-06 9.0975e-07 1.6756e-05 3.9109e-06 3.9854e-05
0.0011284 3.9765e-06 8.9236e-07 1.661e-05 4.1349e-06 3.8429e-05
0.0011269 3.9732e-06 8.779e-07 1.6489e-05 4.3493e-06 3.6975e-05
0.0011252 3.9649e-06 8.6023e-07 1.6357e-05 4.5544e-06 3.5494e-05
0.0011237 3.9572e-06 8.3883e-07 1.6212e-05 4.7806e-06 3.4097e-05
0.0011223 3.9501e-06 8.2015e-07 1.609e-05 5.0298e-06 3.2781e-05
0.0011208 3.9381e-06 7.9828e-07 1.5958e-05 5.2689e-06 3.1438e-05
0.0011193 3.9211e-06 7.7918e-07 1.5851e-05 5.4979e-06 3.0069e-05
0.0011179 3.9052e-06 7.6312e-07 1.577e-05 5.754e-06 2.8787e-05
0.0011165 3.8841e-06 7.4374e-07 1.5677e-05 5.9986e-06 2.7476e-05
0.0011152 3.8643e-06 7.2729e-07 1.5611e-05 6.2721e-06 2.6249e-05
0.001114 3.8455e-06 7.1365e-07 1.5569e-05 6.5772e-06 2.51e-05
0.0011127 3.8213e-06 7.0289e-07 1.5553e-05 6.7846e-06 2.4949e-05
0.0011114 3.7921e-06 7.2427e-07 1.527e-05 6.9823e-06 2.4787e-05
0.0011102 3.7639e-06 7.4849e-07 1.5018e-05 7.205e-06 2.4651e-05
0.001109 3.7308e-06 7.6969e-07 1.4755e-05 7.4184e-06 2.4505e-05
0.0011077 3.6927e-06 7.8776e-07 1.448e-05 7.6219e-06 2.4346e-05
0.0011064 3.6496e-06 8.0273e-07 1.4193e-05 7.8157e-06 2.4176e-05
0.0011051 3.6016e-06 8.1466e-07 1.3895e-05 8.0002e-06 2.3994e-05
0.0011039 3.5542e-06 8.2898e-07 1.3625e-05 8.2071e-06 2.3836e-05
0.0011026 3.502e-06 8.4043e-07 1.3345e-05 8.4056e-06 2.3667e-05
0.0011013 3.445e-06 8.4886e-07 1.3054e-05 8.5948e-06 2.3488e-05
0.0011 3.3832e-06 8.5929e-07 1.2787e-05 8.7757e-06 2.3298e-05
0.0010988 3.3218e-06 8.7209e-07 1.2546e-05 8.9789e-06 2.3131e-05
0.0010975 3.2558e-06 8.8204e-07 1.2295e-05 9.1738e-06 2.2954e-05
0.0010963 3.19e-06 8.9435e-07 1.2068e-05 9.3916e-06 2.2799e-05
0.0010952 3.1241e-06 9.0859e-07 1.1861e-05 9.6309e-06 2.2662e-05
0.0010941 3.0534e-06 9.1982e-07 1.1644e-05 9.8604e-06 2.2515e-05
0.001093 2.9779e-06 9.2805e-07 1.1418e-05 1.008e-05 2.2357e-05
0.0010919 2.9027e-06 9.3873e-07 1.1213e-05 1.0326e-05 2.222e-05
0.0010908 2.8228e-06 9.4655e-07 1.1e-05 1.0562e-05 2.2074e-05
0.0010897 2.7382e-06 9.5147e-07 1.0779e-05 1.0789e-05 2.1918e-05
0.0010885 2.6487e-06 9.5916e-07 1.058e-05 1.1006e-05 2.1751e-05
0.0010872 2.8939e-06 9.6392e-07 1.0372e-05 1.1212e-05 2.1574e-05
0.0010859 3.1339e-06 9.658e-07 1.0156e-05 1.1409e-05 2.1387e-05
0.0010846 3.3771e-06 9.7017e-07 9.9611e-06 1.163e-05 2.1221e-05
0.0010834 3.6151e-06 9.7169e-07 9.7576e-06 1.1843e-05 2.1045e-05
0.0010822 3.8562e-06 9.7565e-07 9.5736e-06 1.2082e-05 2.089e-05
0.001081 4.1005e-06 9.8205e-07 9.4078e-06 1.2347e-05 2.0754e-05
0.0010799 4.3394e-06 9.8547e-07 9.2337e-06 1.2603e-05 2.0608e-05
0.0010788 4.5809e-06 9.9086e-07 9.0749e-06 1.2883e-05 2.0479e-05
0.0010777 4.817e-06 9.9325e-07 8.9079e-06 1.3152e-05 2.0341e-05
0.0010766 5.0477e-06 9.9831e-07 8.7588e-06 1.3411e-05 2.0192e-05
0.0010755 5.2818e-06 1.0059e-06 8.6261e-06 1.3699e-05 2.0062e-05
0.0010745 5.5107e-06 1.0107e-06 8.4862e-06 1.3978e-05 1.9923e-05
0.0010734 5.7342e-06 1.1537e-06 8.2566e-06 1.4246e-05 1.9775e-05
0.0010723 5.9526e-06 1.2927e-06 8.0189e-06 1.4505e-05 1.9617e-05
0.0010711 6.1658e-06 1.4278e-06 7.7731e-06 1.4754e-05 1.9451e-05
0.00107 6.3737e-06 1.5586e-06 7.5183e-06 1.4993e-05 1.9274e-05
0.0010688 6.5763e-06 1.6852e-06 7.2544e-06 1.5222e-05 1.9088e-05
0.0010676 6.7821e-06 1.8202e-06 7.0109e-06 1.548e-05 1.8921e-05
0.0010665 6.9829e-06 1.9512e-06 6.7593e-06 1.5728e-05 1.8745e-05
0.0010654 7.1863e-06 2.0776e-06 6.4978e-06 1.6002e-05 1.8585e-05
0.0010644 7.3933e-06 2.2128e-06 6.2563e-06 1.6307e-05 1.8444e-05
0.0010635 7.6031e-06 2.2356e-06 6.1761e-06 1.6643e-05 1.8318e-05
0.0010626 7.8079e-06 2.2552e-06 6.0896e-06 1.6968e-05 1.8184e-05
0.0010616 8.0076e-06 2.2717e-06 5.9967e-06 1.7283e-05 1.8041e-05
0.0010606 8.2021e-06 2.2851e-06 5.8976e-06 1.7588e-05 1.789e-05
0.0010597 8.3987e-06 2.3017e-06 5.8073e-06 1.7919e-05 1.7751e-05
0.0010589 8.5972e-06 2.3215e-06 5.7252e-06 1.8277e-05 1.7625e-05
0.001058 8.791e-06 2.3383e-06 5.6374e-06 1.8625e-05 1.7491e-05
0.0010571 8.987e-06 2.3586e-06 5.5583e-06 1.9002e-05 1.7371e-05
0.0010563 9.1784e-06 2.3761e-06 5.4737e-06 1.9371e-05 1.7243e-05
0.0010554 9.3651e-06 2.3908e-06 5.3839e-06 1.9732e-05 1.7108e-05
0.0010546 9.5472e-06 2.4027e-06 5.2887e-06 2.0085e-05 1.6966e-05
0.0010538 9.7313e-06 2.4178e-06 5.2014e-06 2.0466e-05 1.6836e-05
0.0010529 9.911e-06 2.4304e-06 5.1093e-06 2.0839e-05 1.6699e-05
0.0010521 1.0086e-05 2.4403e-06 5.0123e-06 2.1206e-05 1.6556e-05
0.0010513 1.0263e-05 2.4534e-06 4.9227e-06 2.1601e-05 1.6425e-05
0.0010505 1.0436e-05 2.4639e-06 4.8284e-06 2.1989e-05 1.6287e-05
0.0010497 1.0605e-05 2.4717e-06 4.729e-06 2.2369e-05 1.6142e-05
0.0010489 1.0775e-05 2.4826e-06 4.6368e-06 2.2779e-05 1.6009e-05
0.0010481 1.0941e-05 2.491e-06 4.5399e-06 2.3181e-05 1.587e-05
0.0010473 1.1102e-05 2.4968e-06 4.4383e-06 2.3576e-05 1.5724e-05
0.0010466 1.1266e-05 2.5057e-06 4.3436e-06 2.4002e-05 1.5589e-05
0.0010459 1.1424e-05 2.5119e-06 4.2439e-06 2.4419e-05 1.5447e-05
0.0010452 1.1585e-05 2.5208e-06 4.1499e-06 2.4864e-05 1.5315e-05
0.0010445 1.1747e-05 2.5328e-06 4.0623e-06 2.5342e-05 1.5193e-05
0.0010438 1.1905e-05 2.5422e-06 3.9699e-06 2.5812e-05 1.5065e-05
0.0010432 1.2065e-05 2.5547e-06 3.8838e-06 2.6315e-05 1.4948e-05
0.0010427 1.2227e-05 2.5699e-06 3.8027e-06 2.6851e-05 1.4839e-05
0.0010421 1.2384e-05 2.5824e-06 3.7168e-06 2.7377e-05 1.4723e-05
0.0010416 1.2543e-05 2.5976e-06 3.6357e-06 2.7937e-05 1.4616e-05
0.0010411 1.2704e-05 2.6161e-06 3.5604e-06 2.8535e-05 1.4519e-05
0.0010406 1.286e-05 2.6319e-06 3.4802e-06 2.9125e-05 1.4416e-05
0.0010402 1.3019e-05 2.651e-06 3.4057e-06 2.9755e-05 1.4323e-05
0.0010398 1.318e-05 2.6668e-06 3.3252e-06 3.0429e-05 1.4239e-05
0.0010394 1.3336e-05 2.6798e-06 3.2401e-06 3.1092e-05 1.4149e-05
0.0010391 1.3495e-05 2.6962e-06 3.1603e-06 3.1801e-05 1.4069e-05
0.0010388 1.3656e-05 2.7155e-06 3.0848e-06 3.2553e-05 1.3997e-05
0.0010385 1.3812e-05 2.732e-06 3.0046e-06 3.3293e-05 1.3918e-05
0.0010382 1.3964e-05 2.7458e-06 2.9197e-06 3.4023e-05 1.3833e-05
0.0010379 1.4117e-05 2.7624e-06 2.8389e-06 3.4796e-05 1.3756e-05
0.0010376 1.4266e-05 2.7764e-06 2.7537e-06 3.556e-05 1.3673e-05
0.0010374 1.4417e-05 2.7933e-06 2.6724e-06 3.637e-05 1.3597e-05
0.0010372 1.457e-05 2.8131e-06 2.595e-06 3.7227e-05 1.353e-05
0.001037 1.4718e-05 2.8303e-06 2.5131e-06 3.8073e-05 1.3456e-05
0.0010368 1.4862e-05 2.8447e-06 2.4266e-06 3.8908e-05 1.3376e-05
0.0010366 1.5008e-05 2.8627e-06 2.3447e-06 3.98e-05 1.3305e-05
0.0010364 1.515e-05 2.8779e-06 2.2581e-06 4.068e-05 1.3229e-05
0.0010363 1.5294e-05 2.8962e-06 2.1751e-06 4.1613e-05 1.316e-05
0.0010362 1.544e-05 2.9175e-06 2.0955e-06 4.2601e-05 1.3098e-05
0.0010361 1.5581e-05 2.9361e-06 2.0115e-06 4.3578e-05 1.3031e-05
0.0010361 1.5725e-05 2.9579e-06 1.9308e-06 4.4612e-05 1.2971e-05
0.001036 1.5864e-05 2.9768e-06 1.8454e-06 4.5634e-05 1.2905e-05
0.0010359 1.5999e-05 2.9928e-06 1.7554e-06 4.6643e-05 1.2833e-05
0.0010358 1.6128e-05 3.0061e-06 1.6609e-06 4.7638e-05 1.2754e-05
0.0010358 1.6261e-05 3.0232e-06 1.5704e-06 4.87e-05 1.2685e-05
0.0010357 1.6389e-05 3.0375e-06 1.4754e-06 4.975e-05 1.2609e-05
0.0010357 1.6519e-05 3.0551e-06 1.3835e-06 5.0862e-05 1.2541e-05
0.0010357 1.6645e-05 3.0698e-06 1.2871e-06 5.196e-05 1.2466e-05
0.0010357 1.6773e-05 3.0812e-06 1.1855e-06 5.3123e-05 1.2399e-05
0.0010357 1.6896e-05 3.09e-06 1.0795e-06 5.4273e-05 1.2326e-05
0.0010358 1.7022e-05 3.1019e-06 9.765e-07 5.5491e-05 1.226e-05
0.0010359 1.7143e-05 3.086e-06 1.0415e-06 5.6693e-05 1.2188e-05
0.0010359 1.726e-05 3.0673e-06 1.1024e-06 5.7882e-05 1.2109e-05
0.001036 1.7379e-05 3.0525e-06 1.1654e-06 5.915e-05 1.204e-05
0.001036 1.7494e-05 3.0349e-06 1.2243e-06 6.0405e-05 1.1964e-05
0.0010362 1.7612e-05 3.0212e-06 1.2855e-06 6.1742e-05 1.1897e-05
0.0010364 1.7733e-05 3.0112e-06 1.3491e-06 6.3166e-05 1.1838e-05
0.0010365 1.7849e-05 2.9984e-06 1.4084e-06 6.4574e-05 1.1774e-05
0.0010367 1.7961e-05 2.9828e-06 1.4634e-06 6.5965e-05 1.1702e-05
0.0010369 1.8075e-05 2.9709e-06 1.5209e-06 6.7447e-05 1.164e-05
0.0010371 1.8186e-05 2.9563e-06 1.5742e-06 6.8914e-05 1.1571e-05
0.0010373 1.8298e-05 2.9386e-06 1.6227e-06 7.0466e-05 1.1509e-05
0.0010376 1.8414e-05 2.9245e-06 1.6738e-06 7.2118e-05 1.1455e-05
0.0010379 1.8525e-05 2.9077e-06 1.7207e-06 7.3754e-05 1.1396e-05
0.0010382 1.8638e-05 2.894e-06 1.7697e-06 7.5483e-05 1.1343e-05
0.0010386 1.8754e-05 2.8832e-06 1.8209e-06 7.731e-05 1.1297e-05
0.001039 1.8865e-05 2.8697e-06 1.8677e-06 7.9117e-05 1.1245e-05
0.0010393 1.8972e-05 2.8534e-06 1.9101e-06 8.0903e-05 1.1186e-05
0.0010397 1.9082e-05 2.8407e-06 1.9554e-06 8.2805e-05 1.1135e-05
0.0010401 1.9187e-05 2.8253e-06 1.9966e-06 8.4689e-05 1.1079e-05
0.0010405 1.9288e-05 2.8072e-06 2.0332e-06 8.6551e-05 1.1016e-05
0.0010408 1.9384e-05 2.7863e-06 2.0655e-06 8.8393e-05 1.0947e-05
0.0010412 1.9475e-05 2.7626e-06 2.0933e-06 9.0213e-05 1.0871e-05
0.0010416 1.957e-05 2.736e-06 2.1167e-06 9.2004e-05 1.0788e-05
0.001042 1.9668e-05 2.7131e-06 2.1431e-06 9.3912e-05 1.0713e-05
0.0010425 1.9762e-05 2.6876e-06 2.1653e-06 9.5801e-05 1.0631e-05
0.0010429 1.9851e-05 2.6593e-06 2.1831e-06 9.7671e-05 1.0544e-05
0.0010433 1.9935e-05 2.6283e-06 2.1965e-06 9.9519e-05 1.045e-05
0.0010438 2.0023e-05 2.5937e-06 2.2046e-06 9.956e-05 1.0376e-05
0.0010443 2.0107e-05 2.5564e-06 2.2084e-06 9.9591e-05 1.0297e-05
0.0010448 2.0193e-05 2.5222e-06 2.2146e-06 9.9661e-05 1.0224e-05
0.0010453 2.0274e-05 2.4852e-06 2.2163e-06 9.9721e-05 1.0144e-05
0.0010457 2.035e-05 2.4454e-06 2.2136e-06 9.9771e-05 1.0059e-05
0.0010463 2.043e-05 2.4091e-06 2.214e-06 9.9865e-05 9.9807e-06
0.0010468 2.0506e-05 2.3701e-06 2.2101e-06 9.995e-05 9.8969e-06
0.0010473 2.0576e-05 2.3286e-06 2.2019e-06 0.00010003 9.8071e-06
0.0010478 2.0651e-05 2.2905e-06 2.1967e-06 0.00010015 9.7248e-06
0.0010484 2.072e-05 2.2496e-06 2.1871e-06 0.00010026 9.6364e-06
0.001049 2.0793e-05 2.212e-06 2.1805e-06 0.00010041 9.5554e-06
0.0010496 2.0869e-05 2.1777e-06 2.1769e-06 0.00010061 9.4817e-06
0.0010503 2.0941e-05 2.1466e-06 2.1763e-06 0.0001008 9.4018e-06
0.0010509 2.1008e-05 2.113e-06 2.1715e-06 0.00010098 9.3161e-06
0.0010516 2.1078e-05 2.0823e-06 2.1696e-06 0.00010121 9.2376e-06
0.0010522 2.1144e-05 2.049e-06 2.1634e-06 0.00010142 9.1529e-06
0.0010529 2.1213e-05 2.0187e-06 2.16e-06 0.00010168 9.0753e-06
0.0010537 2.1277e-05 1.9858e-06 2.1525e-06 0.00010193 8.9919e-06
0.0010543 2.1337e-05 1.9502e-06 2.1405e-06 0.00010218 8.9023e-06
0.0010551 2.14e-05 1.917e-06 2.1307e-06 0.00010246 8.8185e-06
0.0010558 2.1457e-05 1.8812e-06 2.1166e-06 0.00010273 8.7286e-06
0.0010566 2.1519e-05 1.8476e-06 2.1047e-06 0.00010305 8.6457e-06
0.0010573 2.1575e-05 1.8114e-06 2.0884e-06 0.00010336 8.5566e-06
0.0010582 2.1635e-05 1.778e-06 2.0749e-06 0.00010372 8.4744e-06
0.001059 2.1691e-05 1.7421e-06 2.0573e-06 0.00010407 8.3863e-06
0.0010598 2.1742e-05 1.7035e-06 2.0352e-06 0.00010441 8.2921e-06
0.0010605 2.1788e-05 1.6623e-06 2.0087e-06 0.00010473 8.1919e-06
0.0010613 2.1829e-05 1.6184e-06 1.9779e-06 0.00010505 8.0855e-06
0.0010621 2.1874e-05 1.5772e-06 1.9499e-06 0.00010542 7.9859e-06
0.001063 2.1922e-05 1.5387e-06 1.9247e-06 0.00010583 7.893e-06
0.0010639 2.1966e-05 1.4976e-06 1.8952e-06 0.00010624 7.794e-06
0.0010648 2.2013e-05 1.459e-06 1.8684e-06 0.00010669 7.7016e-06
0.0010657 2.2056e-05 1.4179e-06 1.8374e-06 0.00010714 7.6033e-06
0.0010666 2.2094e-05 1.3742e-06 1.802e-06 0.00010758 7.4991e-06
0.0010674 2.2127e-05 1.328e-06 1.7624e-06 0.000108 7.3889e-06
0.0010683 2.2156e-05 1.279e-06 1.7182e-06 0.00010842 7.2724e-06
0.0010691 2.218e-05 1.2329e-06 1.6773e-06 0.00010882 7.1495e-06
0.00107 2.2207e-05 1.1895e-06 1.6393e-06 0.00010927 7.0338e-06
0.001071 2.2238e-05 1.1482e-06 1.6037e-06 0.00010978 6.924e-06
0.0010631 2.2292e-05 1.1094e-06 1.5709e-06 0.00010891 6.8315e-06
0.0010553 2.2341e-05 1.068e-06 1.5338e-06 0.00010803 6.7329e-06
0.0010474 2.2385e-05 1.0238e-06 1.4921e-06 0.00010714 6.6279e-06
0.0010396 2.2432e-05 9.8158e-07 1.4525e-06 0.0001063 6.5283e-06
0.0010319 2.2475e-05 9.3676e-07 1.4086e-06 0.00010546 6.4227e-06
0.001024 2.2512e-05 8.8935e-07 1.3602e-06 0.0001046 6.311e-06
0.0010162 2.2545e-05 8.3923e-07 1.3074e-06 0.00010372 6.193e-06
0.0010084 2.2573e-05 7.9154e-07 1.2574e-06 0.00010283 6.0685e-06
0.0010006 2.2604e-05 7.46e-07 1.21e-06 0.00010201 5.9507e-06
0.00099287 2.2631e-05 6.9781e-07 1.158e-06 0.00010117 5.8265e-06
0.0009851 2.2653e-05 6.4694e-07 1.1016e-06 0.00010032 5.696e-06
0.00097743 2.2678e-05 5.9771e-07 1.047e-06 9.9532e-05 5.5708e-06
0.00096974 2.2698e-05 6.4035e-07 9.6148e-07 9.8727e-05 5.4392e-06
0.00096202 2.2714e-05 6.6793e-07 1.0374e-06 9.7909e-05 5.3016e-06
0.00095442 2.2732e-05 6.9647e-07 1.1156e-06 9.715e-05 5.169e-06
0.0009468 2.2746e-05 7.2258e-07 1.1894e-06 9.6378e-05 5.0305e-06
0.00093929 2.2764e-05 7.5002e-07 1.2662e-06 9.567e-05 4.8979e-06
0.00093177 2.2777e-05 7.7504e-07 1.3387e-06 9.495e-05 4.7593e-06
0.00092422 2.2786e-05 7.9767e-07 1.4069e-06 9.4218e-05 4.615e-06
0.00091666 2.279e-05 8.179e-07 1.4707e-06 9.3474e-05 4.4649e-06
0.00090921 2.2797e-05 8.3943e-07 1.5376e-06 9.2791e-05 4.3203e-06
0.00090175 2.28e-05 8.5849e-07 1.6e-06 9.2096e-05 4.1696e-06
0.0008944 2.2807e-05 8.7888e-07 1.6656e-06 9.1459e-05 4.0243e-06
0.00088716 2.2818e-05 9.0068e-07 1.7346e-06 9.0878e-05 3.8841e-06
0.00088003 2.2832e-05 9.2395e-07 1.8073e-06 9.0352e-05 3.7488e-06
0.00087289 2.2842e-05 9.4479e-07 1.8755e-06 8.9815e-05 3.6077e-06
0.00086572 2.2847e-05 9.6319e-07 1.9392e-06 8.9267e-05 3.4609e-06
0.00085854 2.2847e-05 9.7905e-07 1.9983e-06 8.8706e-05 3.3081e-06
0.00085132 2.2842e-05 9.962e-07 2.0606e-06 8.7634e-05 3.416e-06
0.00084421 2.284e-05 1.0146e-06 2.1262e-06 8.6631e-05 3.5272e-06
0.00083708 2.2834e-05 1.0305e-06 2.1873e-06 8.5613e-05 3.6326e-06
0.00082992 2.2823e-05 1.0439e-06 2.2438e-06 8.458e-05 3.7321e-06
0.00082288 2.2815e-05 1.059e-06 2.3043e-06 8.362e-05 3.8357e-06
0.00081581 2.2803e-05 1.0715e-06 2.3603e-06 8.2646e-05 3.9335e-06
0.00080885 2.2794e-05 1.0852e-06 2.4195e-06 8.1733e-05 4.0344e-06
0.00080199 2.2788e-05 1.1006e-06 2.4829e-06 8.0886e-05 4.1396e-06
0.00079511 2.2778e-05 1.1135e-06 2.5419e-06 8.0027e-05 4.2391e-06
0.00078834 2.2772e-05 1.1281e-06 2.6053e-06 7.9231e-05 4.343e-06
0.00078155 2.2761e-05 1.1402e-06 2.6641e-06 7.8424e-05 4.4412e-06
0.00077473 2.2745e-05 1.1498e-06 2.7183e-06 7.7604e-05 4.5336e-06
0.00076802 2.2733e-05 1.1607e-06 2.7761e-06 7.6838e-05 4.6294e-06
0.00076128 2.2715e-05 1.173e-06 2.8378e-06 7.606e-05 4.7196e-06
0.00075453 2.2693e-05 1.1828e-06 2.895e-06 7.5271e-05 4.8041e-06
0.00074786 2.2674e-05 1.1939e-06 2.9561e-06 7.4535e-05 4.8922e-06
0.00074118 2.2651e-05 1.2069e-06 3.0224e-06 7.3786e-05 4.9744e-06
0.00073448 2.2622e-05 1.2173e-06 3.0839e-06 7.3024e-05 5.0507e-06
0.00072775 2.2589e-05 1.2253e-06 3.1406e-06 7.2249e-05 5.1212e-06
0.00072113 2.2559e-05 1.2349e-06 3.2024e-06 7.1532e-05 5.1962e-06
0.00071449 2.2525e-05 1.246e-06 3.2685e-06 7.0805e-05 5.2655e-06
0.00070783 2.2486e-05 1.2546e-06 3.3299e-06 7.0065e-05 5.3291e-06
0.00070127 2.245e-05 1.2649e-06 3.3965e-06 6.938e-05 5.3971e-06
0.00069469 2.241e-05 1.2728e-06 3.4585e-06 6.8686e-05 5.4595e-06
0.0006881 2.2366e-05 1.2783e-06 3.5161e-06 6.7981e-05 5.5164e-06
0.00068149 2.2317e-05 1.2814e-06 3.569e-06 6.7265e-05 5.5677e-06
0.00067486 2.2263e-05 1.282e-06 3.6173e-06 6.6538e-05 5.6132e-06
0.00066832 2.2212e-05 1.2839e-06 3.6698e-06 6.5859e-05 5.6622e-06
0.00066187 2.2164e-05 1.2875e-06 3.7276e-06 6.5231e-05 5.7157e-06
0.0006554 2.2112e-05 1.2886e-06 3.7807e-06 6.4592e-05 5.7634e-06
0.00064904 2.2064e-05 1.2915e-06 3.8393e-06 6.4002e-05 5.8157e-06
0.00064275 2.2018e-05 1.2956e-06 3.9025e-06 6.3455e-05 5.8717e-06
0.00063644 2.1967e-05 1.2973e-06 3.9609e-06 6.2897e-05 5.9218e-06
0.00063012 2.1912e-05 1.3004e-06 4.0242e-06 6.233e-05 5.9663e-06
0.00062378 2.1852e-05 1.301e-06 4.0827e-06 6.1751e-05 6.0051e-06
0.00061742 2.1788e-05 1.3034e-06 4.1473e-06 6.1163e-05 6.0379e-06
0.00061115 2.1726e-05 1.3072e-06 4.217e-06 6.0615e-05 6.0745e-06
0.00060496 2.1667e-05 1.3128e-06 4.2928e-06 6.0113e-05 6.1158e-06
0.00059886 2.1612e-05 1.3197e-06 4.374e-06 5.9649e-05 6.1608e-06
0.00059283 2.1558e-05 1.3279e-06 4.4606e-06 5.9221e-05 6.2096e-06
0.00058689 2.1508e-05 1.3375e-06 4.5528e-06 5.8829e-05 6.2623e-06
0.00058092 2.1453e-05 1.3447e-06 4.6401e-06 5.8428e-05 6.3091e-06
0.00057504 2.1401e-05 1.3536e-06 4.7343e-06 5.8066e-05 6.3608e-06
0.00056925 2.1353e-05 1.3643e-06 4.8358e-06 5.7741e-05 6.4175e-06
0.00056344 2.13e-05 1.3726e-06 4.9322e-06 5.7408e-05 6.4684e-06
0.00055772 2.125e-05 1.3827e-06 5.036e-06 5.7111e-05 6.5244e-06
0.00055207 2.1203e-05 1.3942e-06 5.1463e-06 5.6846e-05 6.5844e-06
0.0005464 2.1151e-05 1.4032e-06 5.2515e-06 5.6573e-05 6.6385e-06
0.0005408 2.1102e-05 1.4137e-06 5.3634e-06 5.633e-05 6.6968e-06
0.00053519 2.1048e-05 1.4217e-06 5.4701e-06 5.6078e-05 6.7493e-06
0.00052956 2.0989e-05 1.4273e-06 5.572e-06 5.5819e-05 6.7961e-06
0.00052402 2.0934e-05 1.4347e-06 5.682e-06 5.5595e-05 6.8481e-06
0.00051845 2.0874e-05 1.4397e-06 5.7869e-06 5.5362e-05 6.8943e-06
0.00051287 2.081e-05 1.4421e-06 5.8866e-06 5.512e-05 6.9347e-06
0.00050736 2.0748e-05 1.446e-06 5.9934e-06 5.4908e-05 6.9792e-06
0.00050193 2.0689e-05 1.4519e-06 6.1087e-06 5.473e-05 7.0292e-06
0.00049649 2.0626e-05 1.4553e-06 6.219e-06 5.4544e-05 7.0735e-06
0.00049103 2.0558e-05 1.4562e-06 6.3242e-06 5.435e-05 7.1118e-06
0.00048564 2.0494e-05 1.4591e-06 6.4381e-06 5.4188e-05 7.1557e-06
0.00048024 2.0425e-05 1.4594e-06 6.5468e-06 5.4019e-05 7.1936e-06
0.00047491 2.0358e-05 1.4613e-06 6.6632e-06 5.3878e-05 7.236e-06
0.00046957 2.0287e-05 1.4652e-06 6.7894e-06 5.3728e-05 7.2724e-06
0.0004642 2.0211e-05 1.4712e-06 6.9257e-06 5.3571e-05 7.3029e-06
0.00045882 2.013e-05 1.4747e-06 7.0565e-06 5.3404e-05 7.3274e-06
0.00045351 2.0052e-05 1.4801e-06 7.1974e-06 5.3271e-05 7.3575e-06
0.00044819 1.997e-05 1.4831e-06 7.3329e-06 5.3128e-05 7.3817e-06
0.00044294 1.9891e-05 1.4876e-06 7.4772e-06 5.3014e-05 7.4104e-06
0.00043767 1.9806e-05 1.4895e-06 7.616e-06 5.2892e-05 7.4331e-06
0.00043238 1.9717e-05 1.489e-06 7.7494e-06 5.2761e-05 7.4499e-06
0.00042716 1.9631e-05 1.4904e-06 7.8932e-06 5.2662e-05 7.4723e-06
0.00042194 1.9541e-05 1.4893e-06 8.032e-06 5.2556e-05 7.489e-06
0.00041669 1.9446e-05 1.4858e-06 8.1652e-06 5.2442e-05 7.4998e-06
0.00041151 1.9354e-05 1.4838e-06 8.3076e-06 5.2355e-05 7.5151e-06
0.00040641 1.9264e-05 1.4838e-06 8.4612e-06 5.2299e-05 7.536e-06
0.00040129 1.917e-05 1.4812e-06 8.6092e-06 5.2234e-05 7.5509e-06
0.00039623 1.9078e-05 1.4802e-06 8.7671e-06 5.2197e-05 7.5704e-06
0.00039116 1.8982e-05 1.4766e-06 8.9192e-06 5.2152e-05 7.584e-06
0.00038607 1.8881e-05 1.4752e-06 9.0836e-06 5.2099e-05 7.5916e-06
0.00038096 1.8776e-05 1.4713e-06 9.2427e-06 5.2039e-05 7.5935e-06
0.00037593 1.8673e-05 1.4693e-06 9.414e-06 5.2009e-05 7.6011e-06
0.00037088 1.8566e-05 1.4649e-06 9.5798e-06 5.1972e-05 7.6029e-06
0.00036582 1.8455e-05 1.4581e-06 9.7403e-06 5.1927e-05 7.5991e-06
0.00036082 1.8346e-05 1.4528e-06 9.9116e-06 5.191e-05 7.5999e-06
0.00035589 1.824e-05 1.4495e-06 1.0096e-05 5.1923e-05 7.6062e-06
0.00035094 1.8129e-05 1.4436e-06 1.0274e-05 5.1928e-05 7.6067e-06
0.00034598 1.8014e-05 1.4353e-06 1.0447e-05 5.1926e-05 7.6014e-06
0.00034101 1.7895e-05 1.4245e-06 1.0614e-05 5.1916e-05 7.5902e-06
0.0003361 1.7778e-05 1.4156e-06 1.0795e-05 5.1937e-05 7.5848e-06
0.00033126 1.7664e-05 1.4086e-06 1.0989e-05 5.1988e-05 7.585e-06
0.00032641 1.7546e-05 1.4037e-06 1.1198e-05 5.2031e-05 7.5792e-06
0.00032161 1.743e-05 1.4003e-06 1.142e-05 5.0806e-05 7.5781e-06
0.00031689 1.7317e-05 1.3988e-06 1.1658e-05 4.9656e-05 7.5828e-06
0.00031223 1.7207e-05 1.3991e-06 1.1912e-05 4.8577e-05 7.5931e-06
0.00030755 1.7092e-05 1.3971e-06 1.216e-05 4.7486e-05 7.5977e-06
0.00030286 1.6973e-05 1.3925e-06 1.2401e-05 4.6382e-05 7.5964e-06
0.00029823 1.6856e-05 1.3894e-06 1.2657e-05 4.5338e-05 7.5996e-06
0.00029358 1.6734e-05 1.3838e-06 1.2908e-05 4.4282e-05 7.5972e-06
0.000289 1.6616e-05 1.3801e-06 1.3175e-05 4.3292e-05 7.6004e-06
0.0002844 1.6493e-05 1.374e-06 1.3436e-05 4.229e-05 7.5979e-06
0.00027979 1.6365e-05 1.3655e-06 1.3691e-05 4.1277e-05 7.5897e-06
0.00027525 1.624e-05 1.3588e-06 1.3964e-05 4.0326e-05 7.5872e-06
0.00027076 1.6118e-05 1.3491e-06 1.4228e-05 3.9436e-05 7.5905e-06
0.00026626 1.5992e-05 1.3369e-06 1.4485e-05 3.8533e-05 7.5878e-06
0.00026182 1.5867e-05 1.3262e-06 1.4758e-05 3.7681e-05 7.5896e-06
0.00025736 1.5738e-05 1.313e-06 1.5024e-05 3.6818e-05 7.5858e-06
0.00025288 1.5604e-05 1.2974e-06 1.5285e-05 3.5945e-05 7.5762e-06
0.00024839 1.5466e-05 1.2793e-06 1.5539e-05 3.506e-05 7.5607e-06
0.00024389 1.5323e-05 1.2586e-06 1.5786e-05 3.4162e-05 7.5392e-06
0.00023943 1.5183e-05 1.2394e-06 1.6049e-05 3.3315e-05 7.5223e-06
0.00023497 1.5037e-05 1.2176e-06 1.6306e-05 3.2455e-05 7.4995e-06
0.00023048 1.4887e-05 1.1933e-06 1.6555e-05 3.1583e-05 7.4706e-06
0.00022605 1.4739e-05 1.1705e-06 1.6821e-05 3.076e-05 7.4465e-06
0.00022168 1.4593e-05 1.1491e-06 1.7105e-05 2.9984e-05 7.4272e-06
0.00021729 1.4443e-05 1.1292e-06 1.7408e-05 2.9198e-05 7.402e-06
0.00021288 1.4288e-05 1.1069e-06 1.7704e-05 2.84e-05 7.3709e-06
0.00020846 1.4128e-05 1.0819e-06 1.7993e-05 2.759e-05 7.3336e-06
0.00020402 1.3964e-05 1.0544e-06 1.8274e-05 2.6768e-05 7.2901e-06
0.00019964 1.3802e-05 1.0238e-06 1.8544e-05 2.5999e-05 7.2529e-06
0.00019532 1.3643e-05 9.9464e-07 1.8833e-05 2.5276e-05 7.2207e-06
0.00019098 1.3479e-05 9.6291e-07 1.9115e-05 2.454e-05 7.1823e-06
0.0001867 1.3317e-05 9.3264e-07 1.9416e-05 2.3848e-05 7.149e-06
0.00018247 1.3158e-05 9.0378e-07 1.9738e-05 2.3197e-05 7.1208e-06
0.00017822 1.2993e-05 8.7231e-07 2.0052e-05 2.2535e-05 7.0862e-06
0.00017396 1.2824e-05 8.3818e-07 2.0358e-05 2.186e-05 7.0452e-06
0.00016975 1.2657e-05 8.0555e-07 2.0685e-05 2.1228e-05 7.0097e-06
0.00016552 1.2485e-05 7.7033e-07 2.1005e-05 2.0584e-05 6.9679e-06
0.00016128 1.2309e-05 7.3234e-07 2.1314e-05 1.9926e-05 6.9193e-06
0.00015709 1.2135e-05 6.961e-07 2.1649e-05 1.9313e-05 6.877e-06
0.00015288 1.1956e-05 6.5709e-07 2.1975e-05 1.8687e-05 6.8279e-06
0.00014865 1.1772e-05 6.1521e-07 2.2289e-05 1.8045e-05 6.7717e-06
0.00014439 1.1581e-05 5.7014e-07 2.2591e-05 1.7385e-05 6.7075e-06
0.0001401 1.1385e-05 5.2166e-07 2.2878e-05 1.6703e-05 6.6369e-06
0.00014026 1.1167e-05 4.6991e-07 2.3152e-05 1.6001e-05 6.5581e-06
0.0001404 1.0944e-05 4.2199e-07 2.3467e-05 1.5275e-05 6.4704e-06
0.00014052 1.0713e-05 3.7084e-07 2.3768e-05 1.4526e-05 6.3743e-06
0.00014063 1.0477e-05 3.9105e-07 2.4005e-05 1.3753e-05 6.2692e-06
0.00014071 1.0234e-05 4.0841e-07 2.4228e-05 1.2957e-05 6.1557e-06
0.00014078 9.9843e-06 4.1788e-07 2.5926e-05 1.2137e-05 6.0336e-06
0.00014087 9.7404e-06 4.2857e-07 2.7761e-05 1.1388e-05 5.922e-06
0.00014095 9.4904e-06 4.4067e-07 2.9747e-05 1.0616e-05 5.8019e-06
0.000141 9.2342e-06 4.4995e-07 3.1688e-05 9.8225e-06 5.6736e-06
0.00014108 8.9835e-06 4.6053e-07 3.3784e-05 9.0957e-06 5.5553e-06
0.00014115 8.7268e-06 4.6808e-07 3.5824e-05 8.3481e-06 5.4288e-06
0.0001412 8.4636e-06 4.7267e-07 3.7812e-05 7.5764e-06 5.2934e-06
0.00014127 8.2068e-06 4.7895e-07 3.9977e-05 6.8759e-06 5.1695e-06
0.00014133 7.944e-06 4.8242e-07 4.2095e-05 6.1559e-06 5.0375e-06
0.00014137 7.6751e-06 4.831e-07 4.4168e-05 5.4161e-06 4.8975e-06
0.00014139 7.4003e-06 4.8098e-07 4.6197e-05 4.656e-06 4.7493e-06
0.0001414 7.1195e-06 4.7606e-07 4.8182e-05 3.8753e-06 4.593e-06
0.00014139 6.8322e-06 4.682e-07 5.0117e-05 3.0705e-06 4.428e-06
0.0001414 6.5502e-06 4.6161e-07 5.2205e-05 2.3302e-06 4.2726e-06
0.00014144 6.2734e-06 4.5626e-07 5.4458e-05 1.6489e-06 4.1266e-06
0.00014146 5.9905e-06 4.4812e-07 5.6662e-05 1.5681e-06 3.971e-06
0.00014146 5.7017e-06 4.3717e-07 5.8818e-05 1.4812e-06 3.8074e-06
0.00014144 5.4063e-06 4.2801e-07 6.1178e-05 1.3877e-06 3.6349e-06
0.00014141 5.1046e-06 4.1591e-07 6.3477e-05 1.2876e-06 3.4537e-06
0.0001414 4.808e-06 4.0501e-07 6.5961e-05 1.1959e-06 3.282e-06
0.00014141 4.5176e-06 3.9565e-07 6.8671e-05 1.1131e-06 3.121e-06
0.00014141 4.2209e-06 3.8337e-07 7.1312e-05 1.0241e-06 2.9515e-06
0.00014144 3.9301e-06 3.726e-07 7.4195e-05 9.4354e-07 2.7923e-06
0.00014145 3.6334e-06 3.5905e-07 7.7014e-05 8.5724e-07 2.6251e-06
0.00014144 3.3296e-06 3.4711e-07 8.0105e-05 7.3119e-07 2.6791e-06
0.00014137 3.3946e-06 3.3239e-07 8.3126e-05 5.9857e-07 2.7261e-06
0.00014126 3.4526e-06 3.2687e-07 8.4182e-05 4.8029e-07 2.7833e-06
0.00014113 3.5056e-06 3.1864e-07 8.5208e-05 3.5577e-07 2.8335e-06
0.00014099 3.5534e-06 3.1128e-07 8.6334e-05 3.5891e-07 2.8716e-06
0.00014087 3.6024e-06 3.0507e-07 8.7581e-05 3.6372e-07 2.916e-06
0.00014074 3.6462e-06 3.0007e-07 8.8963e-05 3.6415e-07 2.9529e-06
0.00014063 3.6906e-06 2.9947e-07 8.9192e-05 3.6573e-07 2.9951e-06
0.00014055 3.7362e-06 2.9989e-07 8.949e-05 3.6901e-07 3.0437e-06
0.00014045 3.7766e-06 2.9752e-07 8.9764e-05 3.6792e-07 3.0849e-06
0.00014038 3.8182e-06 2.9615e-07 9.0109e-05 3.6852e-07 3.1327e-06
0.00014029 3.8548e-06 2.9213e-07 9.0432e-05 3.6493e-07 3.1733e-06
0.00014018 3.8864e-06 2.8544e-07 9.0734e-05 3.5715e-07 3.2069e-06
0.00014006 3.913e-06 2.7951e-07 9.1101e-05 3.4516e-07 3.2333e-06
0.00013997 3.9408e-06 2.7887e-07 9.0615e-05 3.3486e-07 3.2664e-06
0.00013986 3.9636e-06 2.7559e-07 9.0106e-05 3.2039e-07 3.2924e-06
0.00013973 3.9813e-06 2.6967e-07 8.9574e-05 3.0174e-07 3.3113e-06
0.00013958 3.9939e-06 2.6099e-07 8.9015e-05 2.7871e-07 3.3226e-06
0.00013941 4.0012e-06 2.5332e-07 8.8538e-05 2.5095e-07 3.3268e-06
0.00013928 4.0097e-06 2.4648e-07 8.8135e-05 2.2487e-07 3.3378e-06
0.00013912 4.0131e-06 2.3692e-07 8.7707e-05 1.9446e-07 3.3411e-06
0.00013895 4.0112e-06 2.2463e-07 8.7255e-05 1.597e-07 3.337e-06
0.00013875 4.0041e-06 2.5012e-07 8.6464e-05 1.8729e-07 3.3198e-06
0.00013859 3.9981e-06 2.771e-07 8.576e-05 2.161e-07 3.309e-06
0.0001384 3.987e-06 3.0118e-07 8.5029e-05 2.407e-07 3.2908e-06
0.0001382 3.9708e-06 3.2249e-07 8.4274e-05 2.611e-07 3.2653e-06
0.00013803 3.9554e-06 3.4519e-07 8.3599e-05 2.8262e-07 3.2457e-06
0.00013783 3.9352e-06 3.6519e-07 8.2903e-05 3.0016e-07 3.2193e-06
0.00013763 3.9102e-06 3.8253e-07 8.2186e-05 3.1377e-07 3.1864e-06
0.00013744 3.8859e-06 4.0118e-07 8.1544e-05 3.2837e-07 3.1588e-06
0.00013729 3.8621e-06 4.2122e-07 8.0971e-05 3.4404e-07 3.1364e-06
0.00013715 3.839e-06 4.4276e-07 8.0466e-05 3.6089e-07 3.119e-06
0.000137 3.8109e-06 4.6146e-07 7.9939e-05 3.7363e-07 3.0948e-06
0.00013687 3.7833e-06 4.7696e-07 7.9385e-05 3.8762e-07 3.0756e-06
0.00013673 3.7509e-06 4.8965e-07 7.8809e-05 3.9748e-07 3.0497e-06
0.00013661 3.7189e-06 5.038e-07 7.8298e-05 4.0862e-07 3.0285e-06
0.00013647 3.6822e-06 5.1528e-07 7.7771e-05 4.1578e-07 3.0009e-06
0.00013632 3.6407e-06 5.2396e-07 7.7223e-05 4.1883e-07 2.9666e-06
0.00013615 3.5942e-06 5.2984e-07 7.6654e-05 4.1776e-07 2.9256e-06
0.00013601 3.5481e-06 5.3305e-07 7.6068e-05 4.1218e-07 2.8763e-06
0.00013585 3.4972e-06 5.3347e-07 7.5461e-05 4.0248e-07 2.8201e-06
0.0001357 3.4462e-06 5.3494e-07 7.4911e-05 3.9354e-07 2.7678e-06
0.00013555 3.3904e-06 5.3374e-07 7.4345e-05 3.8066e-07 2.7091e-06
0.00013541 3.3346e-06 5.336e-07 7.3834e-05 3.685e-07 2.6541e-06
0.00013529 3.2792e-06 5.3489e-07 7.3383e-05 3.5746e-07 2.6037e-06
0.00013516 3.2189e-06 5.3337e-07 7.2914e-05 3.4291e-07 2.5465e-06
0.00013505 3.1586e-06 5.3294e-07 7.2497e-05 3.2896e-07 2.4928e-06
0.00013497 3.0985e-06 5.3397e-07 7.2137e-05 3.16e-07 2.4436e-06
0.00013486 3.0337e-06 5.3219e-07 7.1759e-05 2.9899e-07 2.3877e-06
0.00013478 2.9691e-06 5.3191e-07 7.1437e-05 2.8292e-07 2.3362e-06
0.00013472 2.9045e-06 5.3279e-07 7.1164e-05 2.6728e-07 2.288e-06
0.00013465 2.835e-06 5.3079e-07 7.0872e-05 2.4757e-07 2.233e-06
0.00013455 2.7606e-06 5.2604e-07 7.0563e-05 2.2391e-07 2.1716e-06
0.00013444 2.6815e-06 5.1848e-07 7.0237e-05 1.9623e-07 2.1035e-06
0.00013432 2.5973e-06 5.0792e-07 6.989e-05 1.6345e-07 2.3545e-06
0.00013421 2.5133e-06 4.9884e-07 6.9597e-05 1.3154e-07 2.6177e-06
0.00013409 2.4244e-06 4.9135e-07 6.9359e-05 9.5537e-08 2.8718e-06
0.00013353 2.5288e-06 4.8077e-07 6.91e-05 9.8371e-08 3.0545e-06
0.00013296 2.6281e-06 4.673e-07 6.8821e-05 9.7563e-08 3.229e-06
0.00013241 2.7287e-06 4.5574e-07 6.8603e-05 9.6144e-08 3.415e-06
0.00013185 2.824e-06 4.4116e-07 6.8364e-05 9.0987e-08 3.5921e-06
0.00013126 2.9141e-06 4.2353e-07 6.8104e-05 8.2087e-08 3.7603e-06
0.00013071 3.0055e-06 4.0738e-07 6.7897e-05 7.2564e-08 3.9404e-06
0.00013013 3.0918e-06 3.8837e-07 6.7671e-05 1.0959e-07 4.1105e-06
0.00012954 3.1728e-06 3.6633e-07 6.7425e-05 1.4302e-07 4.2715e-06
0.00012898 3.2546e-06 3.4569e-07 6.723e-05 1.774e-07 4.4428e-06
0.00012839 3.3312e-06 3.2204e-07 6.7015e-05 2.0744e-07 4.605e-06
0.00012779 3.4025e-06 2.9976e-07 6.6852e-05 2.3316e-07 4.7581e-06
0.00012721 3.4751e-06 2.7867e-07 6.674e-05 2.6046e-07 4.9238e-06
0.00012662 3.5424e-06 2.5913e-07 6.6687e-05 2.8337e-07 5.0801e-06
0.00012601 3.6047e-06 2.3685e-07 6.6616e-05 3.0212e-07 5.228e-06
0.00012542 3.6678e-06 2.1549e-07 6.6594e-05 3.2201e-07 5.3867e-06
0.00012482 3.7256e-06 1.9129e-07 6.6552e-05 3.3751e-07 5.5362e-06
0.00012424 3.7842e-06 1.6792e-07 6.656e-05 3.5425e-07 5.6968e-06
0.00012369 3.8436e-06 1.4525e-07 6.6617e-05 3.7236e-07 5.8692e-06
0.00012312 3.898e-06 1.1993e-07 6.6656e-05 3.8621e-07 6.0327e-06
0.00012252 3.9471e-06 1.2375e-07 6.6467e-05 3.956e-07 6.1867e-06
0.00012196 3.997e-06 1.4084e-07 6.5672e-05 4.0643e-07 6.3527e-06
0.00012137 4.0416e-06 1.5527e-07 6.4848e-05 4.1279e-07 6.5091e-06
0.00012077 4.0812e-06 1.7005e-07 6.4104e-05 4.1487e-07 6.6566e-06
0.0001202 4.1223e-06 1.8188e-07 6.3321e-05 4.1898e-07 6.8185e-06
0.00011961 4.158e-06 1.9105e-07 6.2509e-05 4.1861e-07 6.9707e-06
0.00011904 4.1952e-06 2.0079e-07 6.1783e-05 4.2028e-07 7.1377e-06
0.00011846 4.2274e-06 2.0796e-07 6.1033e-05 4.1768e-07 7.2956e-06
0.00011785 4.2531e-06 2.123e-07 6.0249e-05 4.2171e-07 7.4981e-06
0.00011723 4.2737e-06 2.1702e-07 5.9541e-05 4.2147e-07 7.6911e-06
0.00011662 4.2953e-06 2.1893e-07 5.8801e-05 4.227e-07 7.8987e-06
0.000116 4.3115e-06 2.1817e-07 5.8033e-05 4.1946e-07 8.096e-06
0.00011541 4.3292e-06 2.18e-07 5.7347e-05 4.1826e-07 8.3107e-06
0.00011484 4.3479e-06 2.1813e-07 5.6727e-05 4.1851e-07 8.5414e-06
0.00011425 4.3612e-06 2.1559e-07 5.6083e-05 4.1428e-07 8.7613e-06
0.00011364 4.3692e-06 2.1037e-07 5.5412e-05 4.0559e-07 8.9703e-06
0.00011306 4.3782e-06 2.0546e-07 5.4808e-05 3.1728e-07 9.1962e-06
0.00011246 4.3818e-06 2.0119e-07 5.4276e-05 2.2306e-07 9.4111e-06
0.00011184 4.3804e-06 1.9437e-07 5.3724e-05 2.2846e-07 9.6137e-06
0.00011119 4.3723e-06 1.8779e-07 5.3231e-05 2.3431e-07 9.8341e-06
0.00011052 4.3588e-06 2.1737e-07 5.2447e-05 2.3605e-07 1.0044e-05
0.00010985 4.3416e-06 2.4505e-07 5.166e-05 2.3476e-07 1.0249e-05
0.00010916 4.3207e-06 2.708e-07 5.0871e-05 2.3044e-07 1.045e-05
0.00010847 4.296e-06 2.9464e-07 5.008e-05 2.2311e-07 1.0647e-05
0.00010776 4.2662e-06 3.1567e-07 4.9264e-05 2.118e-07 1.0833e-05
0.00010707 4.2373e-06 3.3794e-07 4.8521e-05 2.0081e-07 1.1037e-05
0.00010637 4.2033e-06 3.5738e-07 4.7754e-05 1.8586e-07 1.1231e-05
0.00010565 4.1642e-06 3.7398e-07 4.6963e-05 2.1989e-07 1.1334e-05
0.00010495 4.1259e-06 3.7977e-07 4.5935e-05 2.5538e-07 1.1453e-05
0.00010424 4.0826e-06 3.8262e-07 4.4874e-05 2.8659e-07 1.1563e-05
0.00010354 4.0399e-06 3.8639e-07 4.3895e-05 3.1924e-07 1.1686e-05
0.00010288 3.9985e-06 3.914e-07 4.3003e-05 3.5406e-07 1.1827e-05
0.00010223 3.958e-06 3.9764e-07 4.2189e-05 3.9125e-07 1.1985e-05
0.00010162 3.9185e-06 4.0511e-07 4.1446e-05 4.3109e-07 1.2161e-05
0.00010098 3.874e-06 4.098e-07 4.0682e-05 4.6637e-07 1.2326e-05
0.00010033 3.8245e-06 4.1171e-07 3.9895e-05 4.9715e-07 1.2482e-05
9.9692e-05 3.7752e-06 4.1447e-07 3.9168e-05 5.2996e-07 1.2652e-05
9.9042e-05 3.721e-06 4.1446e-07 3.842e-05 5.5823e-07 1.2813e-05
9.8376e-05 3.6617e-06 4.1167e-07 3.765e-05 5.8198e-07 1.2963e-05
9.7681e-05 3.5962e-06 4.0974e-07 3.694e-05 6.0802e-07 1.313e-05
9.701e-05 3.5314e-06 4.0898e-07 3.6292e-05 6.37e-07 1.3315e-05
9.6323e-05 3.4619e-06 4.0558e-07 3.5626e-05 6.6159e-07 1.349e-05
9.5582e-05 3.7981e-06 3.9954e-07 3.4943e-05 6.818e-07 1.3656e-05
9.4865e-05 4.1403e-06 3.9464e-07 3.432e-05 7.0501e-07 1.3841e-05
9.417e-05 4.4888e-06 3.9086e-07 3.3753e-05 7.314e-07 1.4044e-05
9.3459e-05 4.8311e-06 3.8434e-07 3.3167e-05 7.5314e-07 1.4237e-05
9.2769e-05 5.1798e-06 3.789e-07 3.2635e-05 7.7819e-07 1.445e-05
9.2102e-05 5.5352e-06 3.7077e-07 3.2085e-05 8.0679e-07 1.4683e-05
9.1419e-05 5.8846e-06 3.6001e-07 3.1521e-05 8.3089e-07 1.4906e-05
9.072e-05 6.2278e-06 3.4652e-07 3.0938e-05 8.5026e-07 1.5119e-05
9.0005e-05 6.5647e-06 3.342e-07 3.0409e-05 8.6492e-07 1.5321e-05
8.9308e-05 6.9071e-06 3.2253e-07 2.9924e-05 8.8234e-07 1.554e-05
8.8595e-05 7.2432e-06 3.0817e-07 2.9421e-05 8.939e-07 1.7794e-05
8.7866e-05 7.5732e-06 3.4756e-07 2.8692e-05 9.0081e-07 2.0013e-05
8.7122e-05 7.8972e-06 3.8409e-07 2.7945e-05 9.0323e-07 2.2201e-05
8.6393e-05 8.2259e-06 4.2196e-07 2.7247e-05 9.0784e-07 2.4488e-05
8.5651e-05 8.5492e-06 4.5718e-07 2.6534e-05 9.0831e-07 2.675e-05
8.4923e-05 8.8769e-06 4.9368e-07 2.5866e-05 9.1074e-07 2.9108e-05
8.4211e-05 9.2099e-06 5.3195e-07 2.5244e-05 9.157e-07 3.1579e-05
8.3487e-05 9.5378e-06 5.6759e-07 2.461e-05 9.166e-07 3.4025e-05
8.2749e-05 9.8603e-06 6.0473e-07 2.4016e-05 9.1348e-07 3.6449e-05
8.1998e-05 1.0178e-05 6.3916e-07 2.3409e-05 9.0623e-07 3.8847e-05
8.1262e-05 1.05e-05 6.7535e-07 2.2843e-05 9.0115e-07 4.1352e-05
8.0513e-05 1.0816e-05 7.0887e-07 2.2264e-05 8.9203e-07 4.3834e-05
7.9778e-05 1.1138e-05 7.4417e-07 2.1723e-05 8.8494e-07 4.6422e-05
7.9031e-05 1.1455e-05 7.7692e-07 2.1173e-05 8.7399e-07 4.8991e-05
7.8271e-05 1.1767e-05 8.0713e-07 2.0612e-05 8.5919e-07 5.1539e-05
7.75e-05 1.2073e-05 8.3481e-07 2.0042e-05 8.4054e-07 5.4068e-05
7.6716e-05 1.2375e-05 8.5987e-07 1.9461e-05 8.179e-07 5.6575e-05
7.5945e-05 1.2681e-05 8.8668e-07 1.8917e-05 7.9719e-07 5.9188e-05
7.5188e-05 1.2993e-05 9.1532e-07 1.8406e-05 7.7833e-07 6.1913e-05
7.4418e-05 1.3299e-05 9.413e-07 1.7885e-05 7.555e-07 6.4614e-05
7.3662e-05 1.361e-05 9.6925e-07 1.7397e-05 7.3465e-07 6.4969e-05
7.2919e-05 1.3926e-05 9.9928e-07 1.694e-05 7.1552e-07 6.5358e-05
7.2163e-05 1.4237e-05 1.0266e-06 1.6474e-05 6.9244e-07 6.5735e-05
7.1394e-05 1.4543e-05 1.0512e-06 1.5997e-05 6.6538e-07 6.6101e-05
7.0639e-05 1.4854e-05 1.0779e-06 1.5551e-05 6.4004e-07 6.6501e-05
6.9872e-05 1.516e-05 1.102e-06 1.5097e-05 6.1085e-07 6.689e-05
6.9091e-05 1.5461e-05 1.1233e-06 1.4632e-05 5.7764e-07 6.7268e-05
6.8297e-05 1.5756e-05 1.1418e-06 1.4156e-05 5.4035e-07 6.7633e-05
6.7516e-05 1.6056e-05 1.1571e-06 1.3667e-05 5.0448e-07 6.803e-05
6.672e-05 1.635e-05 1.1696e-06 1.3166e-05 4.6449e-07 6.8415e-05
6.594e-05 1.6651e-05 1.1845e-06 1.2699e-05 4.2641e-07 6.8837e-05
6.5147e-05 1.6946e-05 1.1967e-06 1.2222e-05 3.8435e-07 6.9247e-05
6.4338e-05 1.7235e-05 1.2117e-06 1.1779e-05 4.333e-07 6.9477e-05
6.3546e-05 1.7531e-05 1.2294e-06 1.1368e-05 4.8471e-07 6.9744e-05
6.2739e-05 1.782e-05 1.2501e-06 1.0986e-05 5.3183e-07 6.9998e-05
6.1919e-05 1.8105e-05 1.268e-06 1.0594e-05 5.7487e-07 7.024e-05
6.1085e-05 1.8383e-05 1.2829e-06 1.0193e-05 6.137e-07 7.047e-05
6.0238e-05 1.8656e-05 1.2949e-06 9.7815e-06 6.4834e-07 7.0687e-05
5.9403e-05 1.8934e-05 1.309e-06 9.3941e-06 6.8471e-07 7.0934e-05
5.8582e-05 1.9219e-05 1.326e-06 9.0328e-06 7.236e-07 7.1218e-05
5.7749e-05 1.9498e-05 1.3401e-06 8.6627e-06 7.584e-07 7.149e-05
5.6927e-05 1.9783e-05 1.3509e-06 8.2811e-06 7.9527e-07 7.1795e-05
5.612e-05 2.0075e-05 1.3646e-06 7.9246e-06 8.3502e-07 7.2136e-05
5.5326e-05 2.0374e-05 1.3753e-06 7.559e-06 8.7788e-07 7.2516e-05
5.452e-05 2.0668e-05 1.3832e-06 7.1848e-06 9.1657e-07 7.2884e-05
5.3728e-05 2.0968e-05 1.3939e-06 6.8346e-06 9.5845e-07 7.329e-05
5.2922e-05 2.1263e-05 1.4017e-06 6.4753e-06 9.9597e-07 7.3683e-05
5.2129e-05 2.1565e-05 1.4122e-06 6.1385e-06 1.0368e-06 7.4115e-05
5.1323e-05 2.1861e-05 1.4199e-06 5.7939e-06 1.0734e-06 7.4535e-05
5.0504e-05 2.2151e-05 1.4247e-06 5.4405e-06 1.1057e-06 7.4942e-05
4.9698e-05 2.2449e-05 1.4323e-06 5.1088e-06 1.1414e-06 7.5388e-05
4.8903e-05 2.2753e-05 1.4423e-06 4.7952e-06 1.1801e-06 7.5871e-05
5.0417e-05 2.3031e-05 1.4492e-06 4.4729e-06 1.2142e-06 7.6339e-05
5.1954e-05 2.3317e-05 1.4591e-06 4.1706e-06 1.2523e-06 7.6849e-05
5.3476e-05 2.3597e-05 1.466e-06 3.86e-06 1.2858e-06 7.7345e-05
5.4984e-05 2.3871e-05 1.476e-06 3.5686e-06 1.3149e-06 7.7829e-05
5.6477e-05 2.4139e-05 1.4832e-06 3.2699e-06 1.3397e-06 7.8299e-05
5.7994e-05 2.4415e-05 1.4933e-06 2.989e-06 1.3686e-06 7.8813e-05
5.9495e-05 2.4685e-05 1.5005e-06 2.7002e-06 1.3928e-06 7.9312e-05
6.1017e-05 2.4962e-05 1.5102e-06 2.4263e-06 1.4204e-06 7.985e-05
6.2564e-05 2.5246e-05 1.5231e-06 2.1686e-06 1.4525e-06 8.0434e-05
6.4137e-05 2.5539e-05 1.5323e-06 1.9008e-06 1.4893e-06 8.1066e-05
6.5681e-05 2.5822e-05 1.5442e-06 1.6467e-06 1.5303e-06 8.1745e-05
6.7252e-05 2.6114e-05 1.5594e-06 1.407e-06 1.5765e-06 8.2474e-05
6.8806e-05 2.6399e-05 1.5716e-06 1.1601e-06 1.6179e-06 8.3188e-05
7.0383e-05 2.6692e-05 1.5865e-06 9.2485e-07 1.6636e-06 8.3947e-05
7.1945e-05 2.6979e-05 1.5805e-06 9.0734e-07 1.7047e-06 8.4692e-05
7.3492e-05 2.7259e-05 1.5774e-06 8.915e-07 1.7411e-06 8.5422e-05
7.5061e-05 2.7547e-05 1.5769e-06 8.77e-07 1.7819e-06 8.6198e-05
7.6615e-05 2.7829e-05 1.5734e-06 8.5791e-07 1.8178e-06 8.6957e-05
7.8154e-05 2.8104e-05 1.5731e-06 8.4068e-07 1.849e-06 8.7701e-05
7.9678e-05 2.8374e-05 1.5698e-06 8.1898e-07 1.8756e-06 8.8431e-05
8.1225e-05 2.8652e-05 1.5693e-06 7.9862e-07 1.9069e-06 8.9208e-05
8.2759e-05 2.8923e-05 1.5661e-06 7.7405e-07 1.9338e-06 8.9974e-05
8.428e-05 2.919e-05 1.5601e-06 7.4516e-07 1.9563e-06 9.0725e-05
8.5822e-05 2.9463e-05 1.5567e-06 7.1733e-07 1.9833e-06 9.1524e-05
8.7386e-05 2.9744e-05 1.5557e-06 6.9042e-07 2.0146e-06 9.237e-05
8.8937e-05 3.0018e-05 1.552e-06 6.5928e-07 2.0416e-06 9.3204e-05
9.0475e-05 3.0288e-05 1.5457e-06 6.2404e-07 2.0644e-06 9.4025e-05
9.2001e-05 3.0553e-05 1.5419e-06 5.8964e-07 2.0831e-06 9.4835e-05
9.3514e-05 3.0812e-05 1.5355e-06 5.5117e-07 2.0976e-06 9.5633e-05
9.5014e-05 3.1067e-05 1.5265e-06 5.0854e-07 2.1078e-06 9.6418e-05
9.6535e-05 3.1328e-05 1.5197e-06 4.6652e-07 2.1222e-06 9.725e-05
9.8043e-05 3.1583e-05 1.5103e-06 4.2037e-07 2.1323e-06 9.8069e-05
9.9539e-05 3.1834e-05 1.4984e-06 3.7021e-07 2.1384e-06 9.8878e-05
0.00010102 3.208e-05 1.4653e-06 4.1767e-07 2.1402e-06 9.9673e-05
0.00010249 3.232e-05 1.4296e-06 4.6115e-07 2.138e-06 0.00010046
0.00010395 3.2556e-05 1.3913e-06 5.0066e-07 2.1318e-06 0.00010123
0.0001054 3.2787e-05 1.3505e-06 5.3613e-07 2.1214e-06 0.000102
0.00010686 3.3024e-05 1.312e-06 5.7192e-07 2.115e-06 0.0001028
0.00010835 3.3267e-05 1.2759e-06 6.0811e-07 2.1124e-06 0.00010366
0.00010983 3.3505e-05 1.2372e-06 6.4025e-07 2.1057e-06 0.0001045
0.00011129 3.3738e-05 1.1958e-06 6.6834e-07 2.0949e-06 0.00010533
0.00011274 3.3966e-05 1.1564e-06 6.9652e-07 2.0801e-06 0.00010615
0.00011418 3.419e-05 1.1144e-06 7.2074e-07 2.0614e-06 0.00010695
0.00011563 3.4418e-05 1.0741e-06 7.4501e-07 2.0457e-06 0.0001078
0.00011711 3.4652e-05 1.0354e-06 7.6934e-07 2.033e-06 0.00010869
0.00011857 3.4881e-05 9.9419e-07 7.8973e-07 2.0164e-06 0.00010957
0.00012002 3.5105e-05 9.5049e-07 8.0608e-07 1.9957e-06 0.00011044
0.00012148 3.5334e-05 9.0826e-07 8.2252e-07 1.978e-06 0.00011135
0.00012294 3.5559e-05 8.6353e-07 8.3491e-07 1.9561e-06 0.00011225
0.00012441 3.5788e-05 8.202e-07 8.4743e-07 1.9372e-06 0.00011319
0.0001259 3.6023e-05 7.7819e-07 8.6008e-07 1.921e-06 0.00011417
0.00012737 3.6253e-05 8.5585e-07 8.5356e-07 1.901e-06 0.00011515
0.00012887 3.6489e-05 9.3663e-07 8.476e-07 1.8845e-06 0.00011617
0.00013036 3.672e-05 1.0147e-06 8.376e-07 1.8639e-06 0.00011719
0.00013187 3.6958e-05 1.0961e-06 8.2812e-07 1.8467e-06 0.00011825
0.00013336 3.7191e-05 1.1747e-06 8.1461e-07 1.8256e-06 0.0001193
0.00013488 3.743e-05 1.2568e-06 8.016e-07 1.8077e-06 0.00012041
0.00013639 3.7664e-05 1.3361e-06 7.8456e-07 1.7859e-06 0.0001215
0.00013791 3.7904e-05 1.4185e-06 7.6755e-07 1.7666e-06 0.00012264
0.00013945 3.8149e-05 1.504e-06 7.5053e-07 1.7499e-06 0.00012383
0.00014098 3.8389e-05 1.5869e-06 7.2958e-07 1.7293e-06 0.00012501
0.00014253 3.8635e-05 1.6731e-06 7.0859e-07 1.7112e-06 0.00012624
0.00014411 3.8888e-05 1.7635e-06 6.8791e-07 1.6962e-06 0.00012753
0.00014567 3.9136e-05 1.8511e-06 6.6325e-07 1.6773e-06 0.00012881
0.00014725 3.9389e-05 1.9423e-06 6.3844e-07 1.6607e-06 0.00013014
0.00014885 3.9649e-05 2.0382e-06 6.1385e-07 1.6471e-06 0.00013153
0.00015044 3.9905e-05 2.1311e-06 5.8527e-07 1.6296e-06 0.00013291
0.00015205 4.0167e-05 2.2289e-06 5.5686e-07 1.6151e-06 0.00013436
0.00015369 4.0436e-05 2.3319e-06 5.2852e-07 1.6034e-06 0.00013587
0.00015532 4.07e-05 2.4318e-06 4.9622e-07 1.5878e-06 0.00013736
0.00015693 4.0959e-05 2.5287e-06 4.5995e-07 1.5683e-06 0.00013884
0.00015857 4.1226e-05 2.631e-06 4.2371e-07 1.5517e-06 0.00014039
0.00016019 4.1487e-05 2.7304e-06 3.8359e-07 1.5313e-06 0.00014193
0.00016181 4.1744e-05 2.8268e-06 3.3958e-07 1.507e-06 0.00014345
0.00016345 4.2008e-05 2.929e-06 2.9556e-07 1.4857e-06 0.00014505
0.00016511 4.2278e-05 3.0362e-06 2.5108e-07 1.4667e-06 0.0001445
0.00016676 4.2544e-05 3.1405e-06 2.0272e-07 1.4438e-06 0.00014395
0.00016843 4.2817e-05 3.251e-06 1.5417e-07 1.4238e-06 0.00014343
0.00017009 4.3085e-05 3.3585e-06 1.0174e-07 1.4e-06 0.00014291
0.00017174 4.3348e-05 3.4629e-06 4.5416e-08 1.3723e-06 0.00014238
0.00017338 4.3606e-05 3.5307e-06 4.1345e-08 1.3405e-06 0.00014183
0.000175 4.3858e-05 3.5954e-06 3.3651e-08 1.3048e-06 0.00014128
0.00017661 4.4105e-05 3.6314e-06 5.5704e-08 1.2652e-06 0.00014071
0.00017825 4.4361e-05 3.6723e-06 7.5861e-08 1.2284e-06 0.00014019
0.00017988 4.4611e-05 3.7103e-06 9.235e-08 1.1878e-06 0.00013965
0.00018153 4.4869e-05 3.7531e-06 1.0698e-07 1.1499e-06 0.00013917
0.00018321 4.5135e-05 3.8009e-06 1.1979e-07 1.1146e-06 0.00013872
0.00018487 4.5396e-05 3.8456e-06 1.2889e-07 1.0754e-06 0.00013827
0.00018653 4.5651e-05 3.8873e-06 1.3426e-07 1.0322e-06 0.0001378
0.00018821 4.5915e-05 3.9341e-06 1.3785e-07 9.9154e-07 0.00013737
0.00018987 4.6173e-05 3.978e-06 1.3775e-07 9.4705e-07 0.00013694
0.00019153 4.6426e-05 4.0187e-06 1.3392e-07 8.9861e-07 0.00013649
0.00019321 4.6687e-05 4.0648e-06 1.2833e-07 8.5261e-07 0.00013609
0.00019488 4.6944e-05 4.1078e-06 1.1904e-07 8.0279e-07 0.00013568
0.00019657 4.7207e-05 4.1556e-06 1.0781e-07 7.5478e-07 0.0001353
0.00019825 4.7465e-05 4.2001e-06 9.282e-08 7.0275e-07 0.00013492
0.00019992 4.7717e-05 4.2412e-06 7.4057e-08 6.4664e-07 0.00013452
0.00020157 4.7963e-05 4.2788e-06 5.1491e-08 5.8637e-07 0.0001341
0.00020325 4.8218e-05 4.3219e-06 2.7121e-08 5.2833e-07 0.00013373
0.00020492 4.8467e-05 4.3322e-06 2.8518e-08 4.6614e-07 0.00013335
0.00020661 4.8724e-05 4.3482e-06 2.7294e-08 4.0628e-07 0.00013301
0.00020829 4.8976e-05 4.3603e-06 2.2394e-08 4.6683e-07 0.00013265
0.00020995 4.9221e-05 4.3392e-06 3.6359e-08 5.232e-07 0.00013227
0.0002116 4.9459e-05 4.3143e-06 4.6568e-08 5.7522e-07 0.00013188
0.00021322 4.9691e-05 4.2854e-06 5.3023e-08 6.2292e-07 0.00013147
0.00021484 4.9917e-05 4.2526e-06 5.571e-08 6.665e-07 0.00013105
0.00021648 5.0153e-05 4.2265e-06 5.6255e-08 7.1288e-07 0.00013067
0.00021817 5.0401e-05 4.2071e-06 5.4656e-08 7.623e-07 0.00013035
0.00021984 5.0642e-05 4.1838e-06 4.9314e-08 8.0735e-07 0.00013002
0.00022154 5.0892e-05 4.1662e-06 4.1669e-08 8.5492e-07 0.00012972
0.00022327 5.1152e-05 4.154e-06 3.1699e-08 9.0523e-07 0.00012948
0.00022499 5.1405e-05 4.1045e-06 4.3519e-08 9.5107e-07 0.00012921
0.00022669 5.1652e-05 4.061e-06 5.3105e-08 9.9246e-07 0.00012893
0.00022842 5.1909e-05 4.0241e-06 6.0619e-08 1.0373e-06 0.0001287
0.00023014 5.2161e-05 3.9837e-06 6.4423e-08 1.078e-06 0.00012846
0.00023185 5.2406e-05 3.94e-06 6.4523e-08 1.1145e-06 0.0001282
0.00023359 5.2663e-05 3.9024e-06 6.2528e-08 1.1544e-06 0.00012799
0.00023532 5.2913e-05 3.8323e-06 1.046e-07 1.1902e-06 0.00012776
0.00023708 5.3173e-05 3.7679e-06 1.4594e-07 1.2287e-06 0.00012758
0.00023887 5.3441e-05 3.7088e-06 1.8663e-07 1.2699e-06 0.00012743
0.00024064 5.3703e-05 3.6464e-06 2.2335e-07 1.3071e-06 0.00012728
0.0002424 5.396e-05 3.5806e-06 2.5601e-07 1.34e-06 0.00012711
0.00024419 5.4226e-05 3.5207e-06 2.884e-07 1.3764e-06 0.00012698
0.00024597 5.4487e-05 3.4574e-06 3.1672e-07 1.4085e-06 0.00012684
0.00024778 5.4757e-05 3.3991e-06 3.4448e-07 1.4435e-06 0.00012674
0.00024963 5.5036e-05 3.3463e-06 3.7216e-07 1.4822e-06 0.00012668
0.00025146 5.531e-05 3.2902e-06 3.9573e-07 1.5166e-06 0.0001266
0.00025328 5.5577e-05 3.2307e-06 4.1517e-07 1.5467e-06 0.00012652
0.00025508 5.5839e-05 3.168e-06 4.3059e-07 1.5725e-06 0.00012642
0.00025686 5.6095e-05 3.1017e-06 4.4181e-07 1.5941e-06 0.00012631
0.00025868 5.6361e-05 3.0403e-06 4.5269e-07 1.619e-06 0.00012624
0.00026048 5.662e-05 2.9757e-06 4.5951e-07 1.6396e-06 0.00012616
0.00026227 5.6873e-05 2.9076e-06 4.6215e-07 1.6557e-06 0.00012606
0.00026409 5.7136e-05 2.8445e-06 4.6453e-07 1.6753e-06 0.000126
0.00026589 5.7392e-05 2.7778e-06 4.6269e-07 1.6903e-06 0.00012593
0.00026768 5.7643e-05 2.7078e-06 4.5672e-07 1.7009e-06 0.00012585
0.0002695 5.7903e-05 2.6429e-06 4.5066e-07 1.7153e-06 0.0001258
0.00027131 5.8157e-05 2.545e-06 5.6301e-07 1.7251e-06 0.00012575
0.0002731 5.8404e-05 2.4431e-06 6.7003e-07 1.7302e-06 0.00012567
0.00027493 5.8664e-05 2.3486e-06 7.8238e-07 1.7402e-06 0.00012565
0.00027674 5.8917e-05 2.2504e-06 8.8951e-07 1.7456e-06 0.00012561
0.00027854 5.9163e-05 2.1483e-06 9.9138e-07 1.7462e-06 0.00012556
0.00028032 5.9403e-05 2.0421e-06 1.0879e-06 1.7421e-06 0.00012549
0.00028214 5.9655e-05 1.943e-06 1.1897e-06 1.7428e-06 0.00012547
0.00028394 5.9899e-05 1.984e-06 1.2554e-06 1.7384e-06 0.00012543
0.00028579 6.0159e-05 2.0307e-06 1.3266e-06 1.7402e-06 0.00012545
0.00028769 6.0432e-05 2.0826e-06 1.403e-06 1.7473e-06 0.00012552
0.00028957 6.0697e-05 2.1416e-06 1.4865e-06 1.7488e-06 0.00012557
0.00029142 6.0952e-05 2.208e-06 1.5781e-06 1.7447e-06 0.0001256
0.00029332 6.1223e-05 2.2809e-06 1.6765e-06 1.7461e-06 0.00012568
0.0002952 6.1484e-05 2.3493e-06 1.7682e-06 1.7419e-06 0.00012574
0.00029706 6.1738e-05 2.4248e-06 1.8677e-06 1.7324e-06 0.00012578
0.00029889 6.1982e-05 2.4959e-06 1.9607e-06 1.7171e-06 0.0001258
0.00030069 6.2217e-05 2.5624e-06 2.047e-06 1.6961e-06 0.00012579
0.00030255 6.2468e-05 2.6359e-06 2.1408e-06 1.6808e-06 0.00012584
0.00030446 6.2735e-05 2.7181e-06 2.2443e-06 1.6722e-06 0.00012596
0.00030635 6.2994e-05 2.7958e-06 2.3412e-06 1.6583e-06 0.00012605
0.0003083 6.3267e-05 2.8814e-06 2.4468e-06 1.6501e-06 0.0001262
0.00031022 6.3532e-05 2.9619e-06 2.5451e-06 1.6361e-06 0.00012632
0.00031211 6.3788e-05 3.0375e-06 2.6362e-06 1.6164e-06 0.00012643
0.00031406 6.4059e-05 3.1212e-06 2.7364e-06 1.433e-06 0.00012659
0.00031598 6.4322e-05 3.2003e-06 2.8298e-06 1.4758e-06 0.00012672
0.00031788 6.4575e-05 3.2742e-06 2.9158e-06 1.5127e-06 0.00012683
0.00031984 6.4846e-05 3.358e-06 3.0128e-06 1.5569e-06 0.000127
0.00032186 6.5136e-05 3.4522e-06 3.1217e-06 1.6088e-06 0.00012724
0.00032386 6.5416e-05 3.541e-06 3.2228e-06 1.6546e-06 0.00012746
0.00032591 6.5713e-05 3.4972e-06 3.3556e-06 1.7073e-06 0.00012774
0.00032794 6.6e-05 3.4614e-06 3.5016e-06 1.7543e-06 0.00012799
0.00033004 6.6307e-05 3.4194e-06 3.6369e-06 1.8098e-06 0.00012831
0.0003322 6.6633e-05 3.3861e-06 3.7874e-06 1.8744e-06 0.00012871
0.00033443 6.6975e-05 3.36e-06 3.9521e-06 1.9473e-06 0.00012916
0.00033662 6.7308e-05 3.3424e-06 4.1351e-06 2.0136e-06 0.00012959
0.0003388 6.7632e-05 3.3205e-06 4.3095e-06 2.0737e-06 0.00013
0.00034104 6.7976e-05 3.2927e-06 4.4722e-06 2.1439e-06 0.00013047
0.00034336 6.8342e-05 3.2601e-06 4.6255e-06 2.2045e-06 0.0001309
0.00034566 6.8699e-05 3.2348e-06 4.7948e-06 2.259e-06 0.00013131
0.00034802 6.9077e-05 3.2175e-06 4.983e-06 2.3237e-06 0.00013179
0.00035036 6.9444e-05 3.1955e-06 5.1613e-06 2.3816e-06 0.00013224
0.00035268 6.9803e-05 3.1685e-06 5.3295e-06 2.4333e-06 0.00013267
0.00035506 7.0181e-05 3.1495e-06 5.5172e-06 2.4955e-06 0.00013317
0.00035742 7.0551e-05 3.1384e-06 5.726e-06 2.5513e-06 0.00013365
0.00035976 7.0912e-05 3.1231e-06 5.9255e-06 2.6008e-06 0.00013411
0.00036217 7.1293e-05 2.9614e-06 6.1891e-06 2.6611e-06 0.00013464
0.00036455 7.1665e-05 2.7937e-06 6.4423e-06 2.715e-06 0.00013515
0.00036699 7.2055e-05 2.6388e-06 6.7183e-06 2.7784e-06 0.00013572
0.00036941 7.2435e-05 2.4775e-06 6.9824e-06 2.8348e-06 0.00013627
0.0003718 7.2806e-05 2.3302e-06 7.2744e-06 2.8848e-06 0.0001368
0.00037416 7.3168e-05 2.1773e-06 7.5554e-06 2.9284e-06 0.0001373
0.00037659 7.3548e-05 2.0357e-06 7.8618e-06 2.9816e-06 0.00013787
0.000379 7.3918e-05 1.8888e-06 8.1568e-06 3.0283e-06 0.00013842
0.00038137 7.428e-05 1.7364e-06 8.4406e-06 3.0685e-06 0.00013894
0.00038372 7.4632e-05 1.597e-06 8.7557e-06 3.1018e-06 0.00013944
0.00038604 7.4974e-05 1.4517e-06 9.0578e-06 3.1282e-06 0.00013991
0.00038833 7.5306e-05 1.3171e-06 9.3888e-06 3.1482e-06 0.00014036
0.0003907 7.566e-05 1.1932e-06 9.7539e-06 3.1791e-06 0.00014088
0.00039303 7.6003e-05 1.0142e-06 1.1167e-05 3.2029e-06 0.00014139
0.00039534 7.6337e-05 8.2937e-07 1.2547e-05 3.2205e-06 0.00014187
0.00039763 7.6662e-05 6.3808e-07 1.3892e-05 3.2312e-06 0.00014233
0.00039988 7.6978e-05 5.9854e-07 1.4894e-05 3.2357e-06 0.00014277
0.00040221 7.7313e-05 5.6214e-07 1.5982e-05 3.2505e-06 0.00014328
0.0004046 7.7665e-05 5.2801e-07 1.7151e-05 3.2739e-06 0.00014385
0.00040696 7.8008e-05 4.907e-07 1.8292e-05 3.2909e-06 0.0001444
0.00040929 7.8342e-05 4.5021e-07 1.9404e-05 3.3015e-06 0.00014493
0.0004117 7.8694e-05 4.1231e-07 2.061e-05 3.322e-06 0.00014552
0.00041408 7.9038e-05 4.3476e-07 2.1513e-05 3.3365e-06 0.0001461
0.00041652 7.9399e-05 4.5421e-07 2.2391e-05 3.3594e-06 0.00014673
0.00041893 7.9751e-05 4.71e-07 2.3251e-05 3.3766e-06 0.00014735
0.00042133 8.0097e-05 4.8517e-07 2.4094e-05 3.3884e-06 0.00014795
0.00042371 8.0435e-05 4.9676e-07 2.4922e-05 3.395e-06 0.00014853
0.00042606 8.0765e-05 5.0571e-07 2.5732e-05 3.396e-06 0.0001491
0.0004284 8.1088e-05 5.1582e-07 2.6603e-05 3.3916e-06 0.00014964
0.00043079 8.1426e-05 5.2689e-07 2.7534e-05 3.3945e-06 0.00015025
0.00043316 8.1758e-05 5.3554e-07 2.845e-05 3.3927e-06 0.00015084
0.00043551 8.2083e-05 5.4171e-07 2.9352e-05 3.3861e-06 0.00015141
0.00043785 8.2401e-05 5.4545e-07 3.0241e-05 3.3746e-06 0.00015197
0.00044024 8.2733e-05 5.4986e-07 3.1184e-05 3.3695e-06 0.00015258
0.00044261 8.3059e-05 5.5193e-07 3.2115e-05 3.36e-06 0.00015318
0.00044502 8.3396e-05 5.5434e-07 3.3095e-05 3.3556e-06 0.00015383
0.00044748 8.3743e-05 5.5708e-07 3.4126e-05 3.3561e-06 0.00015452
0.00044992 8.4085e-05 5.5743e-07 3.5144e-05 3.3522e-06 0.00015519
0.00045234 8.4421e-05 5.5542e-07 3.6148e-05 3.3437e-06 0.00015585
0.00045475 8.475e-05 5.5105e-07 3.714e-05 3.3306e-06 0.0001565
0.00045721 8.5093e-05 5.44e-07 3.8111e-05 3.3235e-06 0.00015721
0.00045965 8.543e-05 5.3466e-07 3.9071e-05 3.3121e-06 0.0001579
0.00046214 8.5779e-05 5.2586e-07 4.0087e-05 3.3065e-06 0.00015864
0.00046461 8.6123e-05 5.1477e-07 4.1092e-05 3.2966e-06 0.00015937
0.00046707 8.6461e-05 5.0135e-07 4.2085e-05 3.2823e-06 0.00016008
0.00046958 8.6811e-05 4.8842e-07 4.3135e-05 3.2737e-06 0.00016085
0.00047207 8.7156e-05 4.7317e-07 4.4172e-05 3.2606e-06 0.00016161
0.00047462 8.7513e-05 4.5837e-07 4.5269e-05 3.2532e-06 0.00016241
0.0004772 8.7881e-05 4.4374e-07 4.6422e-05 3.2504e-06 0.00016327
0.00047977 8.8243e-05 4.2955e-07 4.7643e-05 3.2431e-06 0.00016411
0.00048232 8.8599e-05 4.131e-07 4.8851e-05 3.2317e-06 0.00016494
0.00048486 8.895e-05 3.9433e-07 5.0046e-05 3.2158e-06 0.00016576
0.00048738 8.9295e-05 3.7325e-07 5.1226e-05 3.1956e-06 0.00016657
0.00048995 8.9653e-05 3.5252e-07 5.2474e-05 3.1809e-06 0.00016743
0.00049257 9.0023e-05 3.3211e-07 5.3794e-05 3.1718e-06 0.00016834
0.00049525 9.0407e-05 3.14e-07 5.3779e-05 3.1682e-06 0.00016931
0.0004979 9.0785e-05 2.9366e-07 5.3756e-05 3.1604e-06 0.00017027
0.00050061 9.1176e-05 2.7347e-07 5.3763e-05 3.1581e-06 0.00017129
0.0005033 9.1561e-05 2.5099e-07 5.3761e-05 3.1513e-06 0.0001723
0.00050598 9.1941e-05 2.2628e-07 5.3752e-05 3.1404e-06 0.00017329
0.00050865 9.2315e-05 1.9933e-07 5.3734e-05 3.1253e-06 0.00017427
0.00051129 9.2683e-05 2.2691e-07 5.3566e-05 3.1057e-06 0.00017524
0.00051393 9.3045e-05 2.5218e-07 5.3388e-05 3.0817e-06 0.00017619
0.00051661 9.3421e-05 2.7767e-07 5.3241e-05 3.0633e-06 0.00017721
0.00051928 9.379e-05 3.0085e-07 5.3086e-05 3.0404e-06 0.0001782
0.00052199 9.4172e-05 3.2406e-07 5.2956e-05 3.022e-06 0.00017926
0.00052475 9.4564e-05 3.4736e-07 5.2853e-05 3.0082e-06 0.00018036
0.0005275 9.4951e-05 3.6839e-07 5.2742e-05 2.9901e-06 0.00018146
0.0005303 9.5352e-05 3.8983e-07 5.266e-05 2.9775e-06 0.00018262
0.00053315 9.5767e-05 4.1179e-07 5.2608e-05 2.9703e-06 0.00018384
0.00053599 9.6176e-05 4.3442e-07 5.2587e-05 2.9587e-06 0.00018505
0.0005388 9.6578e-05 4.5464e-07 5.2557e-05 2.9425e-06 0.00018625
0.00054161 9.6975e-05 4.7252e-07 5.2519e-05 2.922e-06 0.00018742
0.0005444 9.7365e-05 4.8799e-07 5.2471e-05 2.8969e-06 0.00018859
0.00054723 9.7768e-05 5.0387e-07 5.2451e-05 2.8766e-06 0.00018981
0.00055012 9.8184e-05 5.2025e-07 5.2457e-05 2.8611e-06 0.0001911
0.00055299 9.8593e-05 5.3421e-07 5.2455e-05 2.8411e-06 0.00019237
0.00055592 9.9017e-05 5.4881e-07 5.2481e-05 2.8262e-06 0.00019371
0.0005589 9.9455e-05 5.6419e-07 5.2536e-05 2.8164e-06 0.00019513
0.00056186 9.9885e-05 7.1923e-07 5.2429e-05 2.8016e-06 0.00019652
0.00056489 0.00010033 8.8292e-07 5.2356e-05 2.7933e-06 0.00019799
0.00056789 0.00010077 1.0561e-06 5.232e-05 2.7918e-06 0.00019956
0.00057087 0.0001012 1.2249e-06 5.2272e-05 2.7851e-06 0.00020111
0.00057383 0.00010163 1.3892e-06 5.2212e-05 2.7733e-06 0.00020263
0.00057686 0.00010207 1.5637e-06 5.2188e-05 2.7683e-06 0.00020424
0.00057986 0.0001025 1.7339e-06 5.2153e-05 2.7584e-06 0.00020583
0.00058294 0.00010296 1.9137e-06 5.2152e-05 2.7545e-06 0.00020752
0.00058608 0.00010342 2.1044e-06 5.2184e-05 2.7569e-06 0.0002093
0.0005893 0.00010391 2.3071e-06 5.2252e-05 2.7208e-06 0.00021052
0.00059249 0.00010439 2.504e-06 5.2307e-05 2.679e-06 0.00021173
0.00059576 0.00010489 2.7157e-06 5.2402e-05 2.6454e-06 0.00021302
0.00059912 0.00010542 2.9192e-06 5.2478e-05 2.6199e-06 0.00021442
0.00060246 0.00010593 3.1171e-06 5.2541e-05 2.5891e-06 0.00021579
0.00060589 0.00010647 3.3307e-06 5.2646e-05 2.5669e-06 0.00021516
0.00060928 0.000107 3.5384e-06 5.2738e-05 2.5393e-06 0.00021451
0.00061276 0.00010755 3.7607e-06 5.2868e-05 2.5185e-06 0.00021394
0.00061632 0.00010812 3.9985e-06 5.3037e-05 2.5044e-06 0.00021343
0.00061986 0.00010868 4.2299e-06 5.3192e-05 2.4848e-06 0.0002129
0.00062336 0.00010924 4.4551e-06 5.3333e-05 2.4598e-06 0.00021234
0.00062695 0.00010981 4.6968e-06 5.3514e-05 2.4417e-06 0.00021186
0.00063051 0.00011037 4.9601e-06 5.3744e-05 2.4176e-06 0.00021135
0.00063403 0.00011093 5.2438e-06 5.402e-05 2.3878e-06 0.00021082
0.00063753 0.00011147 5.5528e-06 5.4348e-05 2.352e-06 0.00021027
0.00064112 0.00011204 5.8881e-06 5.473e-05 2.3245e-06 0.00020979
0.00064468 0.0001126 6.215e-06 5.5095e-05 2.2915e-06 0.00020929
0.00064822 0.00011315 6.5336e-06 5.5444e-05 2.2529e-06 0.00020877
0.00065172 0.00011369 6.843e-06 5.5776e-05 2.2082e-06 0.00020822
0.00065532 0.00011425 7.1792e-06 5.6161e-05 2.1719e-06 0.00020776
0.00065889 0.00011481 7.5068e-06 5.6529e-05 2.1299e-06 0.00020727
0.00066242 0.00011535 7.8644e-06 5.6956e-05 2.0819e-06 0.00020675
0.00066592 0.00011588 8.2116e-06 5.7364e-05 2.0279e-06 0.00020621
0.00066953 0.00011644 8.5895e-06 5.783e-05 1.9822e-06 0.00020575
0.0006731 0.00011699 8.9565e-06 5.8276e-05 1.9304e-06 0.00020527
0.00067663 0.00011753 9.3127e-06 5.8702e-05 1.8726e-06 0.00020476
0.00068013 0.00011806 9.6582e-06 5.9107e-05 1.8086e-06 0.00020422
0.00068373 0.00011861 9.9896e-06 5.9486e-05 1.7531e-06 0.00020376
0.00068744 0.00011919 1.0352e-05 5.9924e-05 1.7057e-06 0.00020339
0.00069125 0.00011979 1.0701e-05 6.0338e-05 1.6647e-06 0.00020309
0.00069502 0.00012039 1.104e-05 6.0732e-05 1.6177e-06 0.00020276
0.00069875 0.00012097 1.1367e-05 6.1104e-05 1.5649e-06 0.00020241
0.00070259 0.00012158 1.1727e-05 6.1538e-05 1.5195e-06 0.00020213
0.0007064 0.00012218 1.2076e-05 6.1952e-05 1.4687e-06 0.00020184
0.00071017 0.00012277 1.2457e-05 6.2426e-05 1.4123e-06 0.00020152
0.00071392 0.00012335 1.2826e-05 6.288e-05 1.3503e-06 0.00020117
0.00071762 0.00012391 1.3186e-05 6.3314e-05 1.2826e-06 0.0002008
0.0007213 0.00012447 1.3534e-05 6.3729e-05 1.2092e-06 0.0002004
0.00072488 0.000125 1.3919e-05 6.421e-05 1.1444e-06 0.0002001
0.00072842 0.00012552 1.429e-05 6.4668e-05 1.2603e-06 0.00019976
0.0007284 0.00012656 1.47e-05 6.5196e-05 1.2806e-06 0.00019999
0.00072834 0.00012757 1.5097e-05 6.5699e-05 1.2954e-06 0.0002002
0.00072835 0.00012862 1.5235e-05 6.6861e-05 1.3152e-06 0.00020049
0.00072844 0.00012971 1.5426e-05 6.7039e-05 1.3402e-06 0.00020085
0.00072849 0.00013078 1.5608e-05 6.7199e-05 1.3599e-06 0.00020118
0.00072862 0.00013189 1.5816e-05 6.7417e-05 1.3859e-06 0.0002016
0.00072873 0.00013299 1.6014e-05 6.7614e-05 1.4063e-06 0.00020199
0.0007289 0.00013412 1.6234e-05 6.7863e-05 1.4321e-06 0.00020246
0.00072913 0.00013528 1.6444e-05 6.8088e-05 1.4634e-06 0.000203
0.00072945 0.00013649 1.668e-05 6.8372e-05 1.5027e-06 0.00020363
0.00072974 0.00013768 1.6908e-05 6.8637e-05 1.9431e-06 0.0002042
0.00073 0.00013887 1.7127e-05 6.8887e-05 2.372e-06 0.00020474
0.00073031 0.00014008 1.7367e-05 6.918e-05 2.8307e-06 0.00020535
0.00073068 0.00014132 1.7625e-05 6.9513e-05 3.3191e-06 0.00020602
0.00073103 0.00014255 1.7877e-05 6.9835e-05 3.7984e-06 0.00020667
0.00073143 0.00014381 1.8149e-05 7.0199e-05 4.31e-06 0.00020739
0.00073182 0.00014506 1.8416e-05 7.0552e-05 4.8123e-06 0.00020809
0.00073225 0.00014634 1.8702e-05 7.0946e-05 5.3466e-06 0.00020885
0.00073273 0.00014765 1.9008e-05 7.1382e-05 5.9145e-06 0.00020967
0.0007332 0.00014895 1.9309e-05 7.1806e-05 6.4734e-06 0.00021048
0.00073371 0.00015027 1.963e-05 7.2272e-05 7.0668e-06 0.00021134
0.00073421 0.00015159 1.9946e-05 7.2729e-05 7.6521e-06 0.0002122
0.00073475 0.00015294 2.028e-05 7.3223e-05 8.2689e-06 0.0002131
0.00073527 0.00015427 2.0609e-05 7.3707e-05 8.8776e-06 0.000214
0.00073578 0.0001556 2.0934e-05 7.4182e-05 9.4782e-06 0.00021488
0.00073633 0.00015696 2.1277e-05 7.4695e-05 1.0111e-05 0.00021582
0.00073687 0.00015831 2.1614e-05 7.5197e-05 1.0735e-05 0.00021674
0.00073745 0.00015968 2.1971e-05 7.5737e-05 1.1393e-05 0.00021772
0.00073806 0.00016107 2.2347e-05 7.6316e-05 1.2086e-05 0.00021876
0.00073872 0.0001625 2.2747e-05 7.6941e-05 1.2822e-05 0.00021985
0.00073943 0.00016395 2.3171e-05 7.7613e-05 1.3603e-05 0.00022102
0.00074012 0.0001654 2.3589e-05 7.8274e-05 1.4374e-05 0.00022216
0.0007408 0.00016683 2.4001e-05 7.8924e-05 1.5134e-05 0.0002233
0.00074151 0.0001683 2.4436e-05 7.9617e-05 1.5937e-05 0.00022449
0.00074227 0.00016979 2.4893e-05 8.0355e-05 1.6783e-05 0.00022575
0.00074302 0.00017127 2.5346e-05 8.1083e-05 1.7619e-05 0.00022699
0.00074375 0.00017275 2.5796e-05 8.1808e-05 1.8454e-05 0.00022823
0.00074449 0.00017423 2.6246e-05 8.253e-05 1.9286e-05 0.00022946
0.00074521 0.00017571 2.6694e-05 8.3251e-05 2.0116e-05 0.0002307
0.00074598 0.00017721 2.7166e-05 8.4018e-05 2.0993e-05 0.000232
0.00076642 0.00017869 2.7632e-05 8.4773e-05 2.1858e-05 0.00023328
0.00078683 0.00018017 2.8092e-05 8.5517e-05 2.2712e-05 0.00023454
0.00080755 0.00018168 2.8581e-05 8.6316e-05 2.3623e-05 0.00023589
0.00082822 0.00018318 2.9064e-05 8.7104e-05 2.4523e-05 0.00023721
0.00084886 0.00018467 2.954e-05 8.7879e-05 2.5409e-05 0.00023852
0.0008698 0.0001862 3.0046e-05 8.8711e-05 2.6355e-05 0.00023991
0.0008907 0.00018771 3.0545e-05 8.953e-05 2.7287e-05 0.00024128
0.00091192 0.00018926 3.1073e-05 9.0403e-05 2.8284e-05 0.00024273
0.0009331 0.0001908 3.1594e-05 9.1264e-05 2.9268e-05 0.00024417
0.00095423 0.00019233 3.2106e-05 9.2109e-05 3.0237e-05 0.00024558
0.00097533 0.00019386 3.2611e-05 9.2939e-05 3.1192e-05 0.00024698
0.00099674 0.00019542 3.3149e-05 9.3832e-05 3.2215e-05 0.00024846
0.0010181 0.00019697 3.3679e-05 9.4711e-05 3.3222e-05 0.00024993
0.0010394 0.00019851 3.4245e-05 9.5656e-05 3.4213e-05 0.00025137
0.0010607 0.00020004 3.4802e-05 9.6586e-05 3.5189e-05 0.0002528
0.0010823 0.0002016 3.5392e-05 9.7576e-05 3.6226e-05 0.0002543
0.0011038 0.00020316 3.5973e-05 9.855e-05 3.7247e-05 0.00025578
0.0011252 0.0002047 3.6587e-05 9.9586e-05 3.8253e-05 0.00025724
0.001147 0.00020627 3.7235e-05 0.00010069 3.932e-05 0.00025877
0.0011687 0.00020784 3.7875e-05 0.00010177 4.0373e-05 0.00026029
0.0011904 0.0002094 3.8508e-05 0.00010284 4.1411e-05 0.00026179
0.001212 0.00021095 3.918e-05 0.00010398 4.2435e-05 0.00026327
0.0012336 0.00021249 3.9846e-05 0.00010511 4.3445e-05 0.00026474
0.0012552 0.00021402 4.0503e-05 0.00010623 4.4443e-05 0.00026619
0.001277 0.00021559 4.1197e-05 0.00010741 4.5501e-05 0.00026772
0.0012988 0.00021714 4.1882e-05 0.00010858 4.6546e-05 0.00026922
0.0013206 0.00021869 4.256e-05 0.00010974 4.7579e-05 0.00027072
0.0013423 0.00022023 4.323e-05 0.00011088 4.8597e-05 0.00027219
0.001364 0.00022177 4.3891e-05 0.000112 4.9602e-05 0.00027365
0.001386 0.00022333 4.4588e-05 0.00011319 5.0667e-05 0.00027518
0.001408 0.00022488 4.5277e-05 0.00011437 5.1718e-05 0.0002767
0.0014299 0.00022643 4.5958e-05 0.00011552 5.2754e-05 0.00027819
0.001452 0.00022801 4.6675e-05 0.00011674 5.3853e-05 0.00027976
0.0014742 0.00022957 4.7385e-05 0.00011795 5.494e-05 0.00028132
0.0014963 0.00023113 4.8086e-05 0.00011914 5.6011e-05 0.00028286
0.0015187 0.00023272 4.8825e-05 0.0001204 5.7148e-05 0.00028447
0.0015414 0.00023435 4.9609e-05 0.00012175 5.8362e-05 0.00028617
0.0015641 0.00023596 5.0384e-05 0.00012307 5.9562e-05 0.00028786
0.0015871 0.00023762 5.1206e-05 0.00012449 6.0844e-05 0.00028963
0.0015903 0.00023931 5.2078e-05 0.00012599 6.2213e-05 0.0002915
0.0015934 0.00024099 5.294e-05 0.00012747 6.3565e-05 0.00029335
0.0015965 0.00024266 5.3791e-05 0.00012894 6.4898e-05 0.00029518
0.0015997 0.00024437 5.4688e-05 0.00013049 6.6313e-05 0.00029709
0.0016029 0.00024606 5.5575e-05 0.00013202 6.7711e-05 0.00029899
0.001606 0.00024775 5.6452e-05 0.00013353 6.909e-05 0.00030087
0.0016093 0.00024948 5.7382e-05 0.00013514 7.0566e-05 0.00030284
