

TREE # 1

  0  0.0000   3124.624013  x:  0.00152   0.00000   0.09626   0.28374   0.09466   0.06471   0.03013   0.03031   0.02758   0.48460   0.06427   0.01946   0.01291   1.03021   0.95509  
  1 99.0000   3123.024326  x:  0.00844   0.00297   0.09636   0.28369   0.09494   0.06474   0.02945   0.02958   0.02639   0.48487   0.06432   0.01856   0.01177   1.03163   0.95415  
  2 675.6835   3120.440304  x:  0.00709   0.00543   0.09640   0.28313   0.09642   0.06439   0.02480   0.02457   0.01722   0.48681   0.06500   0.01283   0.00488   1.04228   0.94708  
  3 246.5123   3118.124792  x:  0.00684   0.00610   0.09627   0.28231   0.09846   0.06409   0.02003   0.01944   0.00579   0.48970   0.06646   0.00976   0.00960   1.05825   0.93643  
  4 554.1100   3114.693803  x:  0.00753   0.00427   0.09565   0.28110   0.10137   0.06442   0.01893   0.01848   0.00000   0.49434   0.07014   0.01603   0.00814   1.08409   0.91902  
  5 488.2953   3088.081448  x:  0.00824   0.00000   0.08847   0.26667   0.13625   0.06926   0.00372   0.00395   0.00926   0.55191   0.11674   0.02400   0.00825   1.40303   0.70350  
  6 2010.9459   3036.627362  x:  0.00604   0.00240   0.07568   0.23811   0.20444   0.07722   0.01891   0.01582   0.00627   0.66681   0.20428   0.01596   0.01026   2.04354   0.26977  
  7 18107.5462   3034.057274  x:  0.00686   0.00000   0.07848   0.23993   0.20040   0.07613   0.01722   0.01761   0.00658   0.66753   0.19968   0.01538   0.01002   2.06047   0.25795  
  8 528.1389   3027.151787  x:  0.00892   0.00000   0.09024   0.25016   0.17834   0.07274   0.02645   0.00692   0.00911   0.66871   0.17267   0.01591   0.00934   2.13829   0.20698  
  9 1638.3129   3021.339255  x:  0.00098   0.00000   0.07822   0.25920   0.16156   0.08384   0.02342   0.00764   0.01162   0.66453   0.14229   0.02538   0.01169   2.20243   0.19529  
 10 294.1585   3015.842555  x:  0.00556   0.00000   0.05272   0.26899   0.14409   0.10418   0.02362   0.00779   0.01363   0.65675   0.09913   0.02191   0.01039   2.31792   0.20139  
 11 405.2083   3007.654788  x:  0.00567   0.00000   0.07958   0.27812   0.13377   0.12244   0.02414   0.00812   0.01776   0.63937   0.05247   0.02393   0.01049   2.49759   0.24908  
 12 468.7958   3001.930048  x:  0.00511   0.00000   0.07660   0.29682   0.08782   0.09013   0.02564   0.00748   0.01842   0.59925   0.06561   0.02501   0.01067   2.62654   0.29249  
 13 230.1179   3000.844594  x:  0.00489   0.00000   0.07246   0.30623   0.10042   0.07336   0.02585   0.00747   0.01973   0.56822   0.06038   0.02600   0.01077   2.65201   0.29580  
 14 79.3287   2999.956238  x:  0.00503   0.00000   0.07481   0.31564   0.10469   0.08454   0.02594   0.00766   0.01907   0.52244   0.06700   0.02489   0.01072   2.67264   0.29239  
 15 73.4171   2999.850466  x:  0.00503   0.00000   0.07460   0.30213   0.10294   0.08393   0.02588   0.00758   0.01929   0.51378   0.06557   0.02504   0.01072   2.67517   0.29135  
 16 12.8321   2991.314238  x:  0.00830   0.00000   0.10082   0.29172   0.09720   0.05744   0.01881   0.02203   0.01647   0.52718   0.07618   0.01459   0.00927   2.99204   0.25207  
 17  0.3377   2989.162047  x:  0.00690   0.00000   0.10316   0.29686   0.10452   0.08009   0.02071   0.02374   0.01332   0.53902   0.06963   0.00927   0.00905   3.26896   0.26485  
 18  0.2457   2987.765501  x:  0.00499   0.00000   0.10530   0.29953   0.10855   0.08335   0.02317   0.02536   0.01336   0.54496   0.06662   0.01797   0.00977   3.57821   0.27929  
 19  0.3018   2986.648604  x:  0.00377   0.00000   0.10411   0.29683   0.10703   0.06828   0.02607   0.02686   0.00828   0.54409   0.07528   0.01504   0.00942   3.91406   0.28435  
 20  0.2141   2986.449899  x:  0.00443   0.00000   0.10195   0.29856   0.10458   0.07139   0.02616   0.02723   0.00622   0.54639   0.07337   0.01447   0.00926   3.97895   0.26746  
 21  0.0546   2986.386773  x:  0.00484   0.00000   0.09969   0.29562   0.10727   0.07308   0.02637   0.02691   0.00444   0.55171   0.07648   0.01458   0.00930   4.01120   0.27129  
 22  0.0214   2986.363215  x:  0.00511   0.00000   0.09828   0.29927   0.10632   0.07255   0.02617   0.02647   0.00381   0.54893   0.07595   0.01492   0.00936   4.01860   0.27415  
 23  0.0065   2986.350971  x:  0.00537   0.00000   0.09903   0.29688   0.10618   0.07196   0.02557   0.02586   0.00394   0.54864   0.07559   0.01531   0.00938   3.99816   0.27342  
 24  0.0085   2986.339959  x:  0.00521   0.00000   0.09984   0.29810   0.10660   0.07233   0.02507   0.02522   0.00341   0.54994   0.07604   0.01504   0.00932   4.02531   0.27292  
 25  0.0086   2986.336997  x:  0.00504   0.00000   0.09989   0.29814   0.10634   0.07237   0.02495   0.02505   0.00390   0.54940   0.07594   0.01502   0.00932   4.03152   0.27388  
 26  0.0034   2986.335901  x:  0.00511   0.00000   0.09932   0.29778   0.10635   0.07228   0.02495   0.02498   0.00394   0.54956   0.07590   0.01501   0.00933   4.04349   0.27360  
 27  0.0067   2986.335822  x:  0.00514   0.00000   0.09938   0.29798   0.10643   0.07231   0.02494   0.02499   0.00398   0.54967   0.07590   0.01501   0.00933   4.04448   0.27358  
 28  0.0008   2986.335814  x:  0.00515   0.00000   0.09941   0.29794   0.10641   0.07231   0.02494   0.02500   0.00398   0.54965   0.07588   0.01500   0.00933   4.04532   0.27365  
 29  0.0006   2986.335814  x:  0.00515   0.00000   0.09940   0.29794   0.10641   0.07232   0.02493   0.02500   0.00398   0.54964   0.07588   0.01500   0.00933   4.04534   0.27365  
 30  0.0000   2986.335814  x:  0.00514   0.00000   0.09940   0.29794   0.10641   0.07231   0.02493   0.02501   0.00398   0.54965   0.07588   0.01500   0.00933   4.04534   0.27365  
 31  0.0000   2986.335814  x:  0.00514   0.00000   0.09940   0.29794   0.10641   0.07231   0.02493   0.02500   0.00398   0.54965   0.07588   0.01500   0.00933   4.04533   0.27365  
 32  0.0000   2986.335814  x:  0.00514   0.00000   0.09940   0.29794   0.10641   0.07231   0.02493   0.02500   0.00398   0.54965   0.07588   0.01500   0.00933   4.04533   0.27365  
 33  0.0000   2986.335814  x:  0.00514   0.00000   0.09940   0.29794   0.10641   0.07231   0.02493   0.02500   0.00398   0.54965   0.07588   0.01500   0.00933   4.04533   0.27365  
 34  0.0000   2986.335814  x:  0.00514   0.00000   0.09940   0.29794   0.10641   0.07231   0.02493   0.02500   0.00398   0.54965   0.07588   0.01500   0.00933   4.04533   0.27365  