

TREE # 1

  0  0.0000   4786.406566  x:  0.03268   0.02542   0.01442   0.01640   0.00332   0.01326   0.18438   0.00683   0.03674   0.04652   0.01910   0.04228   0.01922   0.02235   0.02587   0.02315   0.01056   0.02119   0.00519   0.01370   0.00415   0.01249   0.01737   0.01701   0.01102   0.00800   0.00895   0.00900   0.01227   0.01975   0.02436   0.02088   0.09320   0.09694   0.00000   0.01357   0.08205   0.04437   0.01596   0.02719   0.00645   0.01635   0.01471   0.01571   0.01662   0.02063   0.03619   0.01147   0.01347   0.02849   0.04777   0.02043   0.01859   0.01678   0.02893   0.01767   0.09327   0.01085   0.02883   0.01365   0.01671   0.02231   0.03073   0.03490   0.02320   0.06632   0.08551   0.08093   0.02762   0.01570   0.11194   1.00486   0.83006  
  1 99.0000   4764.286281  x:  0.03168   0.02422   0.01258   0.01310   0.00000   0.01156   0.18490   0.01349   0.03623   0.04615   0.01750   0.04205   0.01776   0.02277   0.02384   0.02181   0.00724   0.01936   0.00395   0.01271   0.00081   0.00915   0.01758   0.01708   0.00881   0.00525   0.00630   0.00921   0.01068   0.01858   0.02292   0.01946   0.09396   0.09719   0.00622   0.01332   0.08252   0.04308   0.01553   0.02648   0.00341   0.01429   0.01279   0.01235   0.01505   0.01892   0.03569   0.01051   0.01045   0.02840   0.04772   0.01874   0.01695   0.01666   0.02736   0.01679   0.09382   0.01072   0.02699   0.01109   0.01401   0.02231   0.02945   0.03375   0.02209   0.06604   0.08651   0.08166   0.02651   0.01394   0.11226   1.00701   0.82816  
  2 1582.7841   4760.387317  x:  0.03146   0.02396   0.01220   0.01230   0.00000   0.01122   0.18500   0.01392   0.03610   0.04607   0.01715   0.04201   0.01745   0.02286   0.02338   0.02152   0.00643   0.01896   0.00386   0.01253   0.00000   0.00834   0.01762   0.01711   0.00833   0.00466   0.00575   0.00924   0.01038   0.01834   0.02260   0.01917   0.09413   0.09723   0.00566   0.01326   0.08259   0.04279   0.01564   0.02635   0.00269   0.01385   0.01239   0.01154   0.01474   0.01854   0.03559   0.01036   0.00973   0.02827   0.04771   0.01837   0.01661   0.01664   0.02702   0.01662   0.09391   0.01067   0.02657   0.01053   0.01340   0.02232   0.02917   0.03348   0.02187   0.06594   0.08671   0.08181   0.02628   0.01356   0.11234   1.00753   0.82770  
  3 3353.4090   4752.092342  x:  0.03096   0.02348   0.01194   0.00902   0.00000   0.01120   0.18531   0.01181   0.03564   0.04586   0.01643   0.04197   0.01703   0.02301   0.02210   0.02097   0.00313   0.01816   0.00520   0.01271   0.00000   0.00501   0.01749   0.01747   0.00762   0.00450   0.00606   0.00911   0.01057   0.01809   0.02195   0.01877   0.09467   0.09735   0.00657   0.01338   0.08286   0.04191   0.01508   0.02647   0.00000   0.01320   0.01207   0.00820   0.01493   0.01755   0.03536   0.01097   0.00721   0.02823   0.04768   0.01772   0.01615   0.01670   0.02617   0.01661   0.09426   0.01084   0.02548   0.00947   0.01173   0.02232   0.02853   0.03285   0.02154   0.06572   0.08722   0.08223   0.02592   0.01300   0.11263   1.00960   0.82593  
  4 2061.3928   4746.310566  x:  0.03075   0.02332   0.01214   0.00592   0.00000   0.01151   0.18560   0.01157   0.03539   0.04575   0.01617   0.04200   0.01702   0.02304   0.02130   0.02079   0.00000   0.01785   0.00419   0.01300   0.00000   0.00186   0.01733   0.01774   0.00752   0.00472   0.00692   0.00912   0.01094   0.01814   0.02170   0.01878   0.09506   0.09747   0.00656   0.01345   0.08306   0.04131   0.01472   0.02698   0.00000   0.01316   0.01226   0.00503   0.01560   0.01691   0.03526   0.01159   0.00495   0.02826   0.04767   0.01754   0.01615   0.01675   0.02575   0.01679   0.09452   0.01092   0.02485   0.00920   0.01078   0.02233   0.02822   0.03251   0.02151   0.06555   0.08763   0.08254   0.02586   0.01296   0.11285   1.01151   0.82430  
  5 3709.9236   4743.740245  x:  0.03071   0.02331   0.01227   0.00408   0.00000   0.01163   0.18576   0.01190   0.03530   0.04571   0.01612   0.04203   0.01708   0.02305   0.02102   0.02079   0.00000   0.01782   0.00449   0.01305   0.00000   0.00000   0.01728   0.01781   0.00760   0.00468   0.00730   0.00914   0.01103   0.01821   0.02167   0.01886   0.09523   0.09755   0.00640   0.01347   0.08315   0.04105   0.01457   0.02731   0.00000   0.01324   0.01238   0.00315   0.01586   0.01675   0.03523   0.01182   0.00365   0.02831   0.04768   0.01755   0.01622   0.01677   0.02563   0.01686   0.09464   0.01090   0.02465   0.00924   0.01053   0.02233   0.02814   0.03242   0.02155   0.06548   0.08782   0.08267   0.02588   0.01303   0.11296   1.01262   0.82336  
  6 6576.8322   4740.664152  x:  0.03074   0.02337   0.01230   0.00100   0.00000   0.01156   0.18597   0.01177   0.03523   0.04570   0.01614   0.04209   0.01717   0.02308   0.02084   0.02090   0.00000   0.01793   0.00446   0.01292   0.00000   0.00000   0.01724   0.01776   0.00777   0.00414   0.00750   0.00912   0.01088   0.01827   0.02173   0.01896   0.09541   0.09765   0.00641   0.01346   0.08326   0.04081   0.01433   0.02775   0.00000   0.01337   0.01242   0.00000   0.01582   0.01685   0.03522   0.01199   0.00154   0.02843   0.04768   0.01764   0.01631   0.01675   0.02564   0.01684   0.09478   0.01085   0.02460   0.00944   0.01058   0.02233   0.02817   0.03242   0.02162   0.06542   0.08801   0.08278   0.02594   0.01316   0.11309   1.01442   0.82179  
  7 6901.4459   4740.040398  x:  0.03076   0.02338   0.01228   0.00000   0.00000   0.01156   0.18602   0.01178   0.03524   0.04570   0.01614   0.04210   0.01715   0.02308   0.02087   0.02092   0.00000   0.01795   0.00446   0.01297   0.00000   0.00000   0.01717   0.01782   0.00778   0.00399   0.00761   0.00914   0.01092   0.01825   0.02174   0.01894   0.09541   0.09768   0.00639   0.01346   0.08327   0.04082   0.01422   0.02782   0.00000   0.01334   0.01239   0.00000   0.01577   0.01689   0.03522   0.01220   0.00096   0.02844   0.04769   0.01764   0.01629   0.01675   0.02569   0.01683   0.09480   0.01089   0.02465   0.00942   0.01066   0.02233   0.02820   0.03245   0.02161   0.06542   0.08802   0.08278   0.02593   0.01315   0.11310   1.01496   0.82129  
  8 6415.7175   4739.525667  x:  0.03079   0.02336   0.01229   0.00000   0.00000   0.01161   0.18604   0.01179   0.03531   0.04573   0.01617   0.04208   0.01709   0.02307   0.02107   0.02090   0.00000   0.01793   0.00447   0.01296   0.00000   0.00000   0.01708   0.01798   0.00765   0.00366   0.00803   0.00902   0.01096   0.01823   0.02175   0.01889   0.09532   0.09768   0.00638   0.01347   0.08326   0.04099   0.01411   0.02791   0.00000   0.01329   0.01240   0.00000   0.01580   0.01688   0.03522   0.01221   0.00000   0.02845   0.04771   0.01760   0.01625   0.01674   0.02577   0.01684   0.09478   0.01077   0.02479   0.00933   0.01074   0.02233   0.02825   0.03252   0.02157   0.06547   0.08793   0.08270   0.02591   0.01309   0.11307   1.01586   0.82037  
  9 2175.0493   4737.461488  x:  0.03086   0.02319   0.01255   0.00000   0.00000   0.01182   0.18602   0.01167   0.03580   0.04590   0.01659   0.04179   0.01686   0.02287   0.02253   0.02067   0.00000   0.01766   0.00456   0.01269   0.00000   0.00000   0.01640   0.01918   0.00643   0.00000   0.01147   0.00980   0.01077   0.01827   0.02169   0.01868   0.09442   0.09755   0.00634   0.01344   0.08309   0.04244   0.01327   0.02879   0.00000   0.01317   0.01263   0.00000   0.01633   0.01653   0.03528   0.01266   0.00000   0.02850   0.04787   0.01727   0.01619   0.01667   0.02617   0.01692   0.09449   0.01076   0.02555   0.00902   0.01077   0.02233   0.02839   0.03289   0.02143   0.06589   0.08707   0.08204   0.02588   0.01286   0.11271   1.02246   0.81310  
 10 2949.9985   4729.730810  x:  0.03034   0.02285   0.01080   0.00000   0.00000   0.00758   0.18459   0.01149   0.03820   0.04643   0.02209   0.03846   0.01803   0.02061   0.03048   0.01946   0.00000   0.01658   0.00487   0.01398   0.00000   0.00000   0.00716   0.03025   0.00000   0.00000   0.03674   0.00504   0.00830   0.01878   0.02132   0.01966   0.08851   0.09545   0.00728   0.01255   0.08188   0.05106   0.02250   0.02890   0.00000   0.01462   0.01148   0.00000   0.01383   0.01655   0.03546   0.01289   0.00000   0.02913   0.04901   0.01687   0.01722   0.01679   0.02561   0.01502   0.09245   0.02102   0.02557   0.01172   0.00746   0.02250   0.02743   0.03268   0.02217   0.06867   0.08141   0.07869   0.02686   0.01376   0.10992   1.07507   0.74841  
 11 948.8469   4716.028995  x:  0.02862   0.02262   0.00511   0.00000   0.00000   0.00377   0.18116   0.01110   0.04034   0.04670   0.03039   0.03267   0.01861   0.01793   0.03892   0.02024   0.00000   0.01478   0.00497   0.01741   0.00000   0.00000   0.02775   0.04203   0.00000   0.00000   0.06825   0.01139   0.00858   0.01760   0.02047   0.02028   0.08132   0.09117   0.00890   0.01154   0.07989   0.06128   0.03998   0.01987   0.00000   0.01474   0.00623   0.00000   0.00460   0.01871   0.03538   0.00665   0.00000   0.02846   0.05006   0.01702   0.01699   0.01744   0.02190   0.01204   0.08945   0.03165   0.02113   0.01471   0.00313   0.02267   0.02373   0.02995   0.02283   0.07236   0.07471   0.07591   0.02756   0.01399   0.10592   1.15772   0.63755  
 12 1541.9479   4698.468691  x:  0.02576   0.02157   0.00839   0.00000   0.00000   0.01648   0.17590   0.01009   0.04092   0.04665   0.03579   0.02870   0.01753   0.01812   0.04302   0.01883   0.00000   0.01197   0.00509   0.01263   0.00000   0.00000   0.03781   0.04258   0.00000   0.00000   0.08322   0.01174   0.00161   0.01368   0.01845   0.01772   0.07690   0.08565   0.01128   0.01046   0.07769   0.06895   0.05699   0.00773   0.00000   0.01037   0.00483   0.00000   0.01856   0.02154   0.03511   0.00923   0.00000   0.02515   0.05013   0.01595   0.01306   0.01726   0.01581   0.01120   0.08655   0.04010   0.01310   0.01410   0.01197   0.02286   0.01794   0.02499   0.02147   0.07554   0.07109   0.07623   0.02607   0.01058   0.10237   1.24344   0.50691  
 13 1880.6403   4686.804696  x:  0.02325   0.02033   0.01086   0.00000   0.00000   0.02323   0.17068   0.00892   0.04140   0.04675   0.03983   0.02630   0.01641   0.01868   0.04598   0.01672   0.00000   0.00952   0.00514   0.00601   0.00000   0.00000   0.04368   0.04002   0.00000   0.00000   0.09327   0.01215   0.01115   0.01107   0.01651   0.01509   0.07347   0.08053   0.01359   0.00963   0.07569   0.07598   0.07141   0.00746   0.00000   0.00660   0.00712   0.00000   0.02759   0.02278   0.03522   0.00863   0.01300   0.02198   0.05006   0.01450   0.00984   0.01693   0.01119   0.01189   0.08396   0.04584   0.00727   0.01252   0.01710   0.02307   0.01315   0.02084   0.01999   0.07846   0.06847   0.07704   0.02456   0.00727   0.09931   1.32110   0.38352  
 14 6899.4586   4665.259847  x:  0.02131   0.01830   0.01089   0.00000   0.00000   0.02452   0.16543   0.00727   0.04076   0.04714   0.03865   0.02917   0.01434   0.02052   0.04226   0.01330   0.00000   0.00901   0.00538   0.01405   0.00000   0.00000   0.04607   0.03088   0.00000   0.00000   0.09438   0.01306   0.00922   0.01305   0.01442   0.01177   0.07463   0.07622   0.01563   0.01110   0.07480   0.07956   0.08202   0.02205   0.00000   0.00645   0.01023   0.00000   0.03197   0.01793   0.03599   0.00384   0.00847   0.01896   0.04939   0.01149   0.00949   0.01797   0.01249   0.01720   0.08307   0.04708   0.01450   0.00423   0.01298   0.02363   0.01258   0.01861   0.01780   0.08055   0.07095   0.08140   0.02252   0.00450   0.09840   1.39603   0.24865  
 15 2742.6950   4655.221137  x:  0.02257   0.01782   0.01032   0.00000   0.00000   0.01892   0.16562   0.00702   0.04125   0.04818   0.03462   0.03156   0.01378   0.02089   0.03860   0.01262   0.00000   0.00829   0.00495   0.00341   0.00000   0.00000   0.04255   0.02566   0.00000   0.00000   0.08871   0.01322   0.00749   0.01417   0.01510   0.01296   0.07648   0.07707   0.01510   0.01167   0.07576   0.08011   0.07875   0.01796   0.00000   0.00818   0.00964   0.00000   0.03010   0.01223   0.03591   0.00766   0.00683   0.02045   0.04963   0.01057   0.01131   0.01793   0.01432   0.01670   0.08423   0.03843   0.01172   0.00414   0.00470   0.02379   0.01564   0.02204   0.01766   0.08113   0.07386   0.08357   0.02305   0.00831   0.09998   1.41682   0.21179  
 16 923.8415   4650.105448  x:  0.02333   0.01765   0.01163   0.00000   0.00000   0.01331   0.16726   0.00668   0.04200   0.04910   0.03154   0.03179   0.01422   0.02082   0.03618   0.01315   0.00000   0.00840   0.00484   0.00775   0.00000   0.00000   0.03582   0.02296   0.00000   0.00000   0.08226   0.01698   0.00490   0.01375   0.01516   0.01443   0.07711   0.07882   0.01424   0.01072   0.07696   0.08081   0.07176   0.01278   0.00000   0.00745   0.00961   0.00000   0.03057   0.00944   0.03562   0.00427   0.01007   0.02214   0.05036   0.01070   0.01138   0.01691   0.01280   0.01421   0.08542   0.02996   0.00615   0.00782   0.00158   0.02386   0.01545   0.02354   0.01817   0.08159   0.07545   0.08438   0.02350   0.00863   0.10144   1.43096   0.19707  
 17 768.8625   4647.766162  x:  0.02262   0.01716   0.01172   0.00000   0.00000   0.00914   0.16860   0.00647   0.04174   0.04914   0.02972   0.03113   0.01495   0.02057   0.03268   0.01284   0.00000   0.00752   0.00478   0.00664   0.00000   0.00000   0.03231   0.02337   0.00000   0.00000   0.07897   0.01961   0.00376   0.01389   0.01406   0.01540   0.07787   0.07993   0.01380   0.01004   0.07799   0.07980   0.06881   0.01170   0.00000   0.00750   0.00940   0.00000   0.03067   0.00795   0.03532   0.00155   0.01084   0.02279   0.05087   0.01060   0.01150   0.01664   0.01027   0.01312   0.08647   0.02670   0.00640   0.00865   0.00442   0.02397   0.01350   0.02216   0.01874   0.08143   0.07672   0.08526   0.02372   0.00807   0.10253   1.43601   0.19654  
 18 630.3295   4645.829118  x:  0.02139   0.01670   0.01212   0.00000   0.00000   0.00541   0.16993   0.00628   0.04161   0.04906   0.02905   0.02940   0.01596   0.02009   0.02979   0.01276   0.00000   0.00718   0.00472   0.00625   0.00000   0.00000   0.03100   0.02431   0.00000   0.00000   0.07623   0.02041   0.00188   0.01402   0.01265   0.01629   0.07762   0.08081   0.01379   0.00888   0.07887   0.07960   0.06798   0.01221   0.00000   0.00753   0.00961   0.00000   0.03130   0.00867   0.03519   0.00301   0.01216   0.02315   0.05159   0.01071   0.01140   0.01607   0.00802   0.01224   0.08722   0.02108   0.00830   0.00995   0.00397   0.02406   0.01056   0.01962   0.01945   0.08152   0.07695   0.08554   0.02401   0.00650   0.10317   1.44297   0.19758  
 19 659.3246   4643.443280  x:  0.01955   0.01617   0.01216   0.00000   0.00000   0.00444   0.17221   0.00593   0.04144   0.04881   0.02871   0.02656   0.01719   0.01943   0.02581   0.01251   0.00000   0.00741   0.00461   0.00488   0.00000   0.00000   0.02818   0.02679   0.00000   0.00000   0.07226   0.02248   0.00416   0.01400   0.01106   0.01720   0.07670   0.08204   0.01388   0.00731   0.08020   0.07951   0.06718   0.01239   0.00000   0.00775   0.00851   0.00000   0.03277   0.01093   0.03495   0.00217   0.00895   0.02351   0.05275   0.01072   0.01116   0.01556   0.00856   0.01125   0.08830   0.01540   0.00956   0.01136   0.00149   0.02414   0.00867   0.01602   0.02033   0.08170   0.07664   0.08555   0.02453   0.00468   0.10396   1.45675   0.19972  
 20 693.3080   4640.173542  x:  0.01697   0.01497   0.01050   0.00000   0.00000   0.00605   0.17566   0.00542   0.04103   0.04807   0.02835   0.02317   0.01822   0.01843   0.01894   0.01124   0.00000   0.00652   0.00458   0.00482   0.00000   0.00000   0.02665   0.03128   0.00000   0.00000   0.06882   0.02385   0.00370   0.01478   0.00973   0.01816   0.07493   0.08353   0.01433   0.00663   0.08222   0.07946   0.06860   0.01598   0.00000   0.00848   0.00827   0.00000   0.03181   0.00918   0.03451   0.00283   0.00807   0.02377   0.05456   0.00950   0.01159   0.01540   0.01070   0.01192   0.08990   0.00789   0.00562   0.01177   0.00261   0.02415   0.01138   0.01292   0.02108   0.08198   0.07555   0.08533   0.02558   0.00529   0.10493   1.47963   0.20520  
 21 689.2651   4637.076096  x:  0.01657   0.01469   0.01031   0.00000   0.00000   0.00804   0.17922   0.00516   0.04044   0.04731   0.02761   0.02277   0.01830   0.01842   0.01306   0.01095   0.00000   0.00661   0.00453   0.00440   0.00000   0.00000   0.02701   0.03393   0.00000   0.00000   0.06589   0.02374   0.00244   0.01494   0.01090   0.01839   0.07394   0.08499   0.01444   0.00763   0.08416   0.07867   0.06918   0.01641   0.00000   0.00806   0.00947   0.00000   0.03237   0.00689   0.03390   0.00191   0.01004   0.02377   0.05599   0.00897   0.01165   0.01548   0.00962   0.01300   0.09148   0.00677   0.00764   0.01110   0.00062   0.02404   0.01328   0.01492   0.02109   0.08192   0.07490   0.08530   0.02620   0.00665   0.10599   1.50268   0.21242  
 22 783.0674   4633.981294  x:  0.01720   0.01413   0.01167   0.00000   0.00000   0.00528   0.18339   0.00491   0.03982   0.04648   0.02621   0.02422   0.01804   0.01854   0.00754   0.01047   0.00000   0.00682   0.00457   0.00547   0.00000   0.00000   0.02939   0.03518   0.00000   0.00000   0.06605   0.02202   0.00427   0.01638   0.01181   0.01905   0.07293   0.08665   0.01459   0.00884   0.08642   0.07822   0.07033   0.01573   0.00000   0.00897   0.01148   0.00000   0.03473   0.00331   0.03308   0.00267   0.00831   0.02422   0.05762   0.00809   0.01305   0.01539   0.00844   0.01407   0.09322   0.00532   0.00818   0.01056   0.00134   0.02384   0.01234   0.01859   0.02080   0.08194   0.07417   0.08518   0.02679   0.00836   0.10719   1.53493   0.21542  
 23 1381.8922   4630.911972  x:  0.01817   0.01347   0.01303   0.00000   0.00000   0.00226   0.18793   0.00504   0.03881   0.04567   0.02310   0.02708   0.01735   0.01910   0.00440   0.00988   0.00000   0.00583   0.00448   0.00548   0.00000   0.00000   0.03224   0.03520   0.00000   0.00000   0.06712   0.01955   0.00421   0.01833   0.01161   0.01956   0.07330   0.08864   0.01425   0.01002   0.08890   0.07649   0.06981   0.01694   0.00000   0.01004   0.01390   0.00000   0.03696   0.00679   0.03228   0.00236   0.00754   0.02478   0.05895   0.00733   0.01471   0.01573   0.00811   0.01556   0.09532   0.00589   0.00561   0.00852   0.00123   0.02367   0.01150   0.02111   0.02020   0.08152   0.07475   0.08575   0.02693   0.00973   0.10893   1.56617   0.22125  
 24 1687.0145   4624.982494  x:  0.01974   0.01270   0.01398   0.00000   0.00000   0.00410   0.19796   0.00513   0.03584   0.04417   0.01470   0.03288   0.01746   0.02006   0.01000   0.00996   0.00000   0.00513   0.00429   0.00546   0.00000   0.00000   0.03752   0.03321   0.00000   0.00000   0.07048   0.01376   0.00431   0.02295   0.00871   0.02252   0.07709   0.09352   0.01347   0.01007   0.09452   0.06976   0.06832   0.01938   0.00000   0.01369   0.01678   0.00000   0.03672   0.00606   0.03064   0.00229   0.00668   0.02725   0.06116   0.00829   0.01905   0.01635   0.00653   0.01537   0.10049   0.00718   0.00298   0.00724   0.00079   0.02351   0.00604   0.02103   0.02012   0.07974   0.07895   0.08865   0.02712   0.01130   0.11374   1.63083   0.23163  
 25 1810.7354   4619.399581  x:  0.01951   0.01202   0.01566   0.00000   0.00000   0.00322   0.20747   0.00519   0.03192   0.04269   0.00647   0.03621   0.01825   0.02028   0.01230   0.00950   0.00000   0.00472   0.00425   0.00672   0.00000   0.00000   0.04290   0.02920   0.00000   0.00000   0.07945   0.00886   0.00468   0.02658   0.00591   0.02634   0.08300   0.09794   0.01280   0.00821   0.09971   0.06019   0.06785   0.01698   0.00000   0.01613   0.01855   0.00000   0.03926   0.00615   0.02895   0.00232   0.00883   0.02984   0.06236   0.00864   0.02266   0.01682   0.00856   0.01359   0.10566   0.00814   0.00608   0.00919   0.00085   0.02342   0.01143   0.01522   0.02053   0.07724   0.08517   0.09296   0.02674   0.01232   0.11887   1.69763   0.23594  
 26 2157.2820   4614.222964  x:  0.01906   0.01397   0.01514   0.00000   0.00000   0.00448   0.21686   0.00530   0.02764   0.04205   0.00967   0.03746   0.01917   0.02026   0.01104   0.01037   0.00000   0.01069   0.00427   0.00634   0.00000   0.00000   0.04528   0.02303   0.00000   0.00000   0.09346   0.00533   0.00429   0.02860   0.01621   0.02920   0.09196   0.10233   0.01206   0.00655   0.10425   0.04611   0.06723   0.01689   0.00000   0.01604   0.01780   0.00000   0.03882   0.00740   0.02899   0.00219   0.01008   0.03178   0.06163   0.00939   0.02388   0.01699   0.00920   0.01217   0.11081   0.00615   0.00636   0.01035   0.00124   0.02361   0.01128   0.01093   0.02095   0.07344   0.09442   0.09882   0.02488   0.00997   0.12456   1.76818   0.23886  
 27 1422.8303   4611.881751  x:  0.01927   0.01592   0.01498   0.00000   0.00000   0.00523   0.22029   0.00517   0.02637   0.04232   0.01359   0.03609   0.02042   0.02029   0.01094   0.01286   0.00000   0.00864   0.00436   0.00629   0.00000   0.00000   0.04495   0.01963   0.00807   0.00000   0.09942   0.00535   0.00447   0.02768   0.01417   0.02986   0.09681   0.10392   0.01211   0.00741   0.10538   0.03796   0.06939   0.01748   0.00000   0.01511   0.01650   0.00000   0.03842   0.00844   0.03035   0.00228   0.00999   0.03219   0.06000   0.01133   0.02287   0.01661   0.00948   0.01308   0.11268   0.00403   0.00695   0.01262   0.00145   0.02373   0.01156   0.01512   0.02177   0.07120   0.09957   0.10187   0.02440   0.00872   0.12696   1.79722   0.24015  
 28 989.4238   4610.157360  x:  0.02027   0.01783   0.01587   0.00000   0.00000   0.00467   0.22278   0.00504   0.02721   0.04361   0.01594   0.03346   0.02172   0.02186   0.01066   0.01403   0.00000   0.00898   0.00443   0.00551   0.00000   0.00000   0.04514   0.01413   0.00336   0.00000   0.10289   0.00500   0.00426   0.02469   0.01106   0.02938   0.10053   0.10531   0.01223   0.00861   0.10511   0.03116   0.07174   0.01944   0.00000   0.01325   0.01519   0.00000   0.03809   0.00784   0.03292   0.00223   0.00929   0.03221   0.05731   0.01290   0.01998   0.01554   0.01063   0.01482   0.11343   0.00395   0.00660   0.01653   0.00149   0.02376   0.01160   0.01768   0.02285   0.06917   0.10406   0.10387   0.02480   0.00773   0.12862   1.82094   0.24417  
 29 532.9727   4609.496180  x:  0.02162   0.01733   0.01770   0.00000   0.00000   0.00504   0.22291   0.00477   0.02950   0.04537   0.01528   0.03326   0.02197   0.02209   0.01132   0.01339   0.00000   0.00806   0.00451   0.00560   0.00000   0.00000   0.04547   0.01634   0.00234   0.00000   0.10148   0.00535   0.00479   0.02182   0.01203   0.02815   0.10271   0.10581   0.01258   0.00908   0.10315   0.02901   0.07382   0.02106   0.00000   0.01348   0.01573   0.00000   0.03777   0.00875   0.03451   0.00230   0.00803   0.03232   0.05407   0.01234   0.01793   0.01580   0.00861   0.01507   0.11271   0.00318   0.00708   0.02024   0.00160   0.02364   0.01188   0.01767   0.02321   0.06794   0.10744   0.10472   0.02635   0.01082   0.12917   1.83063   0.24386  
 30 166.9704   4609.142392  x:  0.02191   0.01677   0.01920   0.00000   0.00000   0.00464   0.22266   0.00465   0.03114   0.04659   0.01520   0.03280   0.02208   0.02164   0.01125   0.01330   0.00000   0.00830   0.00458   0.00531   0.00000   0.00000   0.04642   0.01780   0.00329   0.00000   0.09861   0.00484   0.00463   0.02017   0.01230   0.02722   0.10361   0.10612   0.01270   0.00885   0.10148   0.02888   0.07441   0.02225   0.00000   0.01378   0.01649   0.00000   0.03797   0.00813   0.03523   0.00222   0.00770   0.03243   0.05200   0.01194   0.01681   0.01596   0.00962   0.01520   0.11191   0.00438   0.00691   0.02297   0.00157   0.02357   0.01140   0.01728   0.02339   0.06736   0.10941   0.10489   0.02714   0.01143   0.12931   1.83378   0.24458  
 31 239.5317   4608.672425  x:  0.02108   0.01619   0.02007   0.00000   0.00000   0.00536   0.22155   0.00438   0.03175   0.04722   0.01509   0.03503   0.02205   0.02052   0.01025   0.01292   0.00000   0.00953   0.00466   0.00500   0.00000   0.00000   0.04567   0.01795   0.00307   0.00000   0.09285   0.00672   0.00440   0.02055   0.01169   0.02586   0.10480   0.10584   0.01341   0.00913   0.09809   0.02993   0.07875   0.02223   0.00000   0.01584   0.01823   0.00000   0.03763   0.00836   0.03419   0.00220   0.00804   0.03231   0.04916   0.01237   0.01822   0.01736   0.01050   0.01533   0.11010   0.00436   0.00707   0.02624   0.00164   0.02359   0.01089   0.01770   0.02306   0.06639   0.11278   0.10517   0.02698   0.00999   0.12909   1.84014   0.24639  
 32 111.2741   4608.327404  x:  0.02018   0.01685   0.01989   0.00000   0.00000   0.00533   0.22016   0.00437   0.03125   0.04701   0.01653   0.03530   0.02255   0.02048   0.01046   0.01339   0.00000   0.00801   0.00475   0.00489   0.00000   0.00000   0.04563   0.01713   0.00276   0.00000   0.08711   0.00683   0.00480   0.02188   0.01232   0.02554   0.10498   0.10515   0.01373   0.00905   0.09541   0.03104   0.08024   0.02294   0.00000   0.01709   0.01893   0.00000   0.03797   0.00820   0.03314   0.00229   0.00724   0.03177   0.04812   0.01300   0.01975   0.01703   0.00863   0.01559   0.10846   0.00505   0.00691   0.02851   0.00154   0.02371   0.01237   0.01725   0.02320   0.06594   0.11475   0.10514   0.02673   0.00893   0.12854   1.84458   0.24802  
 33 147.1845   4607.906347  x:  0.02018   0.01835   0.01803   0.00000   0.00000   0.00522   0.21704   0.00448   0.02834   0.04506   0.01846   0.03410   0.02381   0.02186   0.01091   0.01335   0.00000   0.00710   0.00489   0.00540   0.00000   0.00000   0.04544   0.01784   0.00192   0.00000   0.07928   0.00712   0.00487   0.02420   0.01217   0.02667   0.10490   0.10299   0.01409   0.01001   0.09240   0.03025   0.08136   0.02296   0.00000   0.01767   0.01885   0.00000   0.03967   0.00846   0.03178   0.00224   0.00782   0.03020   0.04888   0.01277   0.02174   0.01635   0.00968   0.01628   0.10631   0.00534   0.00763   0.03040   0.00159   0.02381   0.01113   0.01689   0.02383   0.06548   0.11661   0.10556   0.02689   0.01218   0.12728   1.85077   0.24882  
 34 113.7508   4607.737432  x:  0.02058   0.01832   0.01724   0.00000   0.00000   0.00495   0.21526   0.00454   0.02707   0.04408   0.01877   0.03352   0.02442   0.02162   0.01131   0.01346   0.00000   0.00903   0.00494   0.00530   0.00000   0.00000   0.04552   0.01861   0.00191   0.00000   0.07605   0.00714   0.00496   0.02483   0.01123   0.02753   0.10467   0.10183   0.01422   0.01010   0.09167   0.02948   0.08173   0.02353   0.00000   0.01764   0.01869   0.00000   0.04066   0.00856   0.03180   0.00220   0.00772   0.02965   0.04981   0.01288   0.02212   0.01659   0.00877   0.01622   0.10553   0.00547   0.00745   0.03089   0.00160   0.02379   0.01168   0.01733   0.02416   0.06543   0.11682   0.10577   0.02679   0.01302   0.12651   1.85265   0.24899  
 35 125.7224   4607.501356  x:  0.02173   0.01707   0.01654   0.00000   0.00000   0.00517   0.21212   0.00466   0.02605   0.04298   0.01824   0.03363   0.02557   0.01947   0.01110   0.01406   0.00000   0.00816   0.00503   0.00530   0.00000   0.00000   0.04567   0.01890   0.00108   0.00000   0.07237   0.00720   0.00501   0.02482   0.01205   0.02991   0.10427   0.10019   0.01431   0.00957   0.09242   0.02738   0.08261   0.02451   0.00000   0.01764   0.01843   0.00000   0.04164   0.00865   0.03310   0.00221   0.00768   0.03000   0.05201   0.01376   0.02199   0.01800   0.00903   0.01524   0.10516   0.00567   0.00753   0.03186   0.00164   0.02363   0.01167   0.01841   0.02481   0.06558   0.11597   0.10629   0.02639   0.01270   0.12517   1.85563   0.24917  
 36 72.5600   4607.119757  x:  0.02193   0.01719   0.01678   0.00000   0.00000   0.00513   0.20595   0.00500   0.02786   0.04308   0.01807   0.03594   0.02650   0.02039   0.01121   0.01373   0.00000   0.00833   0.00502   0.00518   0.00000   0.00000   0.04512   0.01876   0.00198   0.00000   0.06713   0.00806   0.00503   0.02351   0.01243   0.03347   0.10410   0.09825   0.01421   0.01190   0.09675   0.02553   0.08428   0.02455   0.00000   0.01826   0.01845   0.00000   0.04155   0.00853   0.03463   0.00223   0.00756   0.03215   0.05457   0.01365   0.02130   0.01633   0.00893   0.01717   0.10628   0.00589   0.00754   0.03253   0.00162   0.02360   0.01191   0.01678   0.02481   0.06607   0.11260   0.10753   0.02622   0.01182   0.12295   1.85700   0.24992  
 37 51.4297   4606.661696  x:  0.02012   0.01870   0.01739   0.00000   0.00000   0.00621   0.19949   0.00544   0.02978   0.04423   0.01834   0.03615   0.02667   0.02270   0.00984   0.01266   0.00000   0.00851   0.00496   0.00539   0.00000   0.00000   0.04489   0.01760   0.00240   0.00000   0.06331   0.00804   0.00516   0.02286   0.01153   0.03564   0.10485   0.09714   0.01395   0.00872   0.10183   0.02522   0.08451   0.02489   0.00000   0.01910   0.01867   0.00000   0.04050   0.00898   0.03385   0.00227   0.00736   0.03299   0.05460   0.01264   0.02109   0.01736   0.00830   0.01631   0.10823   0.00635   0.00784   0.03276   0.00169   0.02385   0.01158   0.01760   0.02453   0.06607   0.10885   0.10934   0.02718   0.01279   0.12138   1.85845   0.25039  
 38 73.2342   4605.761124  x:  0.01899   0.02000   0.01854   0.00000   0.00000   0.00426   0.18964   0.00614   0.02952   0.04535   0.01752   0.03386   0.02605   0.02293   0.01177   0.01472   0.00000   0.00850   0.00489   0.00525   0.00000   0.00000   0.04391   0.01773   0.00236   0.00000   0.05797   0.00896   0.00508   0.02288   0.01299   0.03485   0.10832   0.09613   0.01393   0.00936   0.10881   0.02504   0.08608   0.02535   0.00000   0.01849   0.01915   0.00000   0.04124   0.00809   0.03021   0.00224   0.00700   0.02995   0.05012   0.01467   0.02068   0.02010   0.00899   0.01510   0.11244   0.00595   0.00723   0.03103   0.00156   0.02404   0.01209   0.01728   0.02419   0.06474   0.10434   0.11379   0.02842   0.01345   0.12059   1.86086   0.25258  
 39 80.8512   4604.283186  x:  0.02278   0.01802   0.01829   0.00000   0.00000   0.00601   0.17858   0.00768   0.02774   0.04594   0.01751   0.03055   0.02540   0.01770   0.00958   0.01513   0.00000   0.00849   0.00459   0.00544   0.00000   0.00000   0.04318   0.01843   0.00126   0.00000   0.05313   0.00806   0.00521   0.02540   0.01165   0.03252   0.11288   0.09677   0.01311   0.01139   0.11493   0.02729   0.08421   0.02449   0.00000   0.01853   0.01865   0.00000   0.03916   0.00885   0.02834   0.00232   0.00712   0.02721   0.04381   0.01516   0.02261   0.01561   0.00841   0.01512   0.11757   0.00633   0.00759   0.03140   0.00166   0.02372   0.01148   0.01721   0.02528   0.06315   0.10050   0.11919   0.02926   0.01311   0.12155   1.86587   0.25195  
 40 126.4076   4601.519069  x:  0.02344   0.01542   0.01722   0.00000   0.00000   0.00537   0.17182   0.00900   0.02478   0.04417   0.02036   0.03199   0.02553   0.01931   0.01073   0.01342   0.00000   0.00787   0.00427   0.00543   0.00000   0.00000   0.04266   0.02141   0.00000   0.00000   0.04766   0.00796   0.00515   0.02690   0.01141   0.02850   0.11662   0.09870   0.01246   0.00903   0.11557   0.02685   0.08343   0.02294   0.00000   0.01805   0.01793   0.00000   0.03917   0.00839   0.03218   0.00234   0.00754   0.02723   0.04234   0.01379   0.02395   0.01584   0.00883   0.01750   0.12044   0.00603   0.00751   0.03212   0.00156   0.02336   0.01217   0.01807   0.02628   0.06180   0.10085   0.12361   0.02833   0.01098   0.12431   1.86941   0.25322  
 41 109.3511   4592.086792  x:  0.01719   0.02243   0.01030   0.00000   0.00000   0.00598   0.15535   0.01585   0.02543   0.03611   0.02129   0.03367   0.02307   0.01562   0.00738   0.01729   0.00000   0.00709   0.00259   0.00558   0.00000   0.00000   0.03839   0.02025   0.00000   0.00000   0.02386   0.00747   0.00556   0.02521   0.00819   0.01295   0.12360   0.10818   0.00898   0.01869   0.10474   0.02875   0.08187   0.02215   0.00000   0.01404   0.01408   0.00000   0.03843   0.00730   0.04119   0.00263   0.00713   0.03405   0.05398   0.00735   0.02260   0.02509   0.00713   0.01032   0.12419   0.00643   0.00726   0.03031   0.00131   0.02410   0.01121   0.01387   0.02365   0.06157   0.10759   0.13441   0.02565   0.01401   0.13619   1.87820   0.25650  
 42 190.4907   4582.707230  x:  0.01358   0.02301   0.00794   0.00000   0.00000   0.00619   0.15262   0.02098   0.02670   0.03361   0.01242   0.02807   0.01974   0.01685   0.00465   0.01412   0.00000   0.00767   0.00116   0.00577   0.00000   0.00000   0.03402   0.02021   0.00000   0.00000   0.00318   0.00922   0.00566   0.02074   0.01099   0.01555   0.12552   0.11433   0.00731   0.01628   0.09262   0.02743   0.08539   0.02151   0.00000   0.01085   0.01005   0.00000   0.03579   0.00673   0.03611   0.00287   0.00647   0.03519   0.06261   0.01664   0.01801   0.02210   0.00660   0.01522   0.12317   0.00683   0.00650   0.02299   0.00137   0.02480   0.01031   0.01509   0.01998   0.06236   0.11583   0.13931   0.02396   0.01473   0.14434   1.88267   0.25674  
 43 351.0043   4581.272342  x:  0.01442   0.02291   0.00837   0.00000   0.00000   0.00617   0.15323   0.02165   0.02651   0.03396   0.01237   0.02799   0.01966   0.01716   0.00460   0.01443   0.00000   0.00762   0.00096   0.00576   0.00000   0.00000   0.03336   0.02031   0.00000   0.00266   0.00000   0.00963   0.00563   0.01990   0.01104   0.01682   0.12550   0.11460   0.00719   0.01590   0.09135   0.02634   0.08625   0.02150   0.00000   0.01072   0.01006   0.00000   0.03524   0.00655   0.03434   0.00291   0.00635   0.03464   0.06341   0.01556   0.01716   0.02120   0.00675   0.01450   0.12270   0.00683   0.00634   0.02126   0.00134   0.02482   0.01055   0.01519   0.01990   0.06238   0.11748   0.13983   0.02384   0.01421   0.14496   1.88318   0.25731  
 44 350.6753   4580.370535  x:  0.01508   0.02137   0.00843   0.00000   0.00000   0.00593   0.15526   0.02192   0.02605   0.03513   0.01360   0.02849   0.02026   0.01654   0.00538   0.01444   0.00000   0.00760   0.00087   0.00588   0.00000   0.00000   0.03287   0.01893   0.00264   0.00113   0.00000   0.01003   0.00567   0.01912   0.01097   0.01779   0.12475   0.11375   0.00724   0.01582   0.09188   0.02505   0.08698   0.02131   0.00000   0.01104   0.01038   0.00000   0.03514   0.00649   0.03302   0.00294   0.00628   0.03351   0.06283   0.01251   0.01653   0.02072   0.00679   0.01353   0.12199   0.00685   0.00634   0.01974   0.00129   0.02459   0.01083   0.01504   0.02076   0.06226   0.11853   0.13952   0.02444   0.01432   0.14426   1.88267   0.25858  
 45 293.7440   4579.766548  x:  0.01508   0.01930   0.00789   0.00000   0.00000   0.00567   0.15742   0.02227   0.02561   0.03628   0.01436   0.02878   0.02091   0.01577   0.00612   0.01400   0.00000   0.00768   0.00075   0.00605   0.00000   0.00000   0.03224   0.01689   0.00487   0.00100   0.00247   0.01042   0.00575   0.01828   0.01110   0.01832   0.12378   0.11281   0.00725   0.01580   0.09250   0.02404   0.08762   0.02102   0.00000   0.01125   0.01036   0.00000   0.03514   0.00646   0.03216   0.00298   0.00622   0.03237   0.06211   0.01006   0.01587   0.02051   0.00666   0.01317   0.12118   0.00691   0.00638   0.01831   0.00126   0.02430   0.01091   0.01479   0.02176   0.06216   0.11948   0.13908   0.02525   0.01494   0.14344   1.88191   0.25992  
 46 880.5164   4579.083353  x:  0.01607   0.01690   0.00739   0.00000   0.00000   0.00574   0.16116   0.02270   0.02453   0.03800   0.01457   0.03008   0.02242   0.01706   0.00571   0.01477   0.00000   0.00777   0.00062   0.00609   0.00000   0.00000   0.03151   0.01504   0.00193   0.00029   0.00285   0.01065   0.00575   0.01774   0.01092   0.01810   0.12161   0.11022   0.00725   0.01614   0.09443   0.02337   0.08783   0.02085   0.00000   0.01128   0.00982   0.00000   0.03480   0.00625   0.03225   0.00299   0.00624   0.03040   0.06003   0.00860   0.01540   0.02095   0.00648   0.01200   0.11939   0.00692   0.00632   0.01699   0.00119   0.02384   0.01093   0.01368   0.02366   0.06198   0.12041   0.13762   0.02637   0.01536   0.14086   1.88073   0.26076  
 47 191.8203   4578.383157  x:  0.01476   0.01705   0.00718   0.00000   0.00000   0.00606   0.16775   0.02327   0.02329   0.03974   0.01457   0.03186   0.02434   0.01778   0.00450   0.01536   0.00000   0.00772   0.00048   0.00614   0.00000   0.00000   0.03125   0.01584   0.00415   0.00166   0.00106   0.01011   0.00571   0.01823   0.01022   0.01612   0.11878   0.10575   0.00693   0.01713   0.09971   0.02261   0.08652   0.02018   0.00000   0.01099   0.00874   0.00000   0.03425   0.00611   0.03458   0.00298   0.00655   0.02924   0.05646   0.01099   0.01601   0.02238   0.00627   0.01208   0.11708   0.00689   0.00627   0.01608   0.00115   0.02362   0.01078   0.01271   0.02562   0.06139   0.12205   0.13548   0.02734   0.01568   0.13604   1.88134   0.25904  
 48 162.5885   4578.100346  x:  0.01409   0.01824   0.00695   0.00000   0.00000   0.00595   0.17059   0.02341   0.02296   0.03925   0.01386   0.03089   0.02464   0.01681   0.00502   0.01447   0.00000   0.00775   0.00044   0.00617   0.00000   0.00000   0.03116   0.01581   0.00342   0.00230   0.00000   0.01026   0.00575   0.01857   0.01066   0.01559   0.11823   0.10423   0.00685   0.01723   0.10226   0.02228   0.08685   0.01994   0.00000   0.01081   0.00888   0.00000   0.03432   0.00622   0.03550   0.00300   0.00653   0.02961   0.05523   0.00999   0.01638   0.02243   0.00619   0.01266   0.11666   0.00696   0.00627   0.01621   0.00118   0.02386   0.01075   0.01324   0.02553   0.06085   0.12320   0.13512   0.02709   0.01551   0.13418   1.88125   0.25895  
 49 113.0969   4577.989496  x:  0.01564   0.01878   0.00712   0.00000   0.00000   0.00590   0.17257   0.02333   0.02312   0.03805   0.01435   0.03027   0.02410   0.01718   0.00504   0.01392   0.00000   0.00763   0.00046   0.00617   0.00000   0.00000   0.03117   0.01591   0.00354   0.00190   0.00000   0.01051   0.00574   0.01888   0.01056   0.01536   0.11831   0.10350   0.00685   0.01710   0.10422   0.02290   0.08744   0.02018   0.00000   0.01071   0.00891   0.00000   0.03458   0.00612   0.03607   0.00299   0.00655   0.03029   0.05465   0.01017   0.01656   0.02254   0.00625   0.01189   0.11676   0.00701   0.00626   0.01629   0.00116   0.02404   0.01089   0.01304   0.02459   0.06039   0.12401   0.13505   0.02633   0.01561   0.13278   1.88079   0.25917  
 50 64.9325   4577.966631  x:  0.01583   0.01853   0.00704   0.00000   0.00000   0.00587   0.17323   0.02332   0.02323   0.03756   0.01457   0.03008   0.02380   0.01724   0.00508   0.01390   0.00000   0.00762   0.00047   0.00618   0.00000   0.00000   0.03113   0.01580   0.00353   0.00204   0.00042   0.01059   0.00575   0.01891   0.01054   0.01533   0.11842   0.10337   0.00684   0.01704   0.10483   0.02321   0.08762   0.02024   0.00000   0.01068   0.00885   0.00000   0.03471   0.00611   0.03622   0.00299   0.00655   0.03048   0.05454   0.01027   0.01653   0.02253   0.00624   0.01179   0.11688   0.00704   0.00629   0.01635   0.00116   0.02405   0.01090   0.01299   0.02423   0.06023   0.12432   0.13509   0.02607   0.01586   0.13231   1.88068   0.25928  
 51 77.3674   4577.912314  x:  0.01543   0.01783   0.00697   0.00000   0.00000   0.00586   0.17393   0.02332   0.02339   0.03699   0.01498   0.03005   0.02334   0.01722   0.00516   0.01446   0.00000   0.00763   0.00047   0.00620   0.00000   0.00000   0.03108   0.01583   0.00337   0.00218   0.00000   0.01062   0.00578   0.01887   0.01046   0.01547   0.11875   0.10339   0.00681   0.01698   0.10545   0.02353   0.08772   0.02029   0.00000   0.01067   0.00877   0.00000   0.03481   0.00616   0.03619   0.00299   0.00655   0.03059   0.05458   0.01029   0.01638   0.02237   0.00623   0.01186   0.11716   0.00708   0.00636   0.01649   0.00117   0.02397   0.01089   0.01306   0.02385   0.06009   0.12473   0.13523   0.02573   0.01628   0.13176   1.88083   0.25926  
 52 66.1053   4577.850134  x:  0.01554   0.01770   0.00707   0.00000   0.00000   0.00576   0.17496   0.02333   0.02331   0.03678   0.01552   0.03035   0.02248   0.01654   0.00527   0.01423   0.00000   0.00757   0.00047   0.00622   0.00000   0.00000   0.03090   0.01549   0.00307   0.00261   0.00000   0.01071   0.00580   0.01851   0.01030   0.01491   0.11952   0.10400   0.00682   0.01651   0.10582   0.02388   0.08785   0.02021   0.00000   0.01058   0.00876   0.00000   0.03463   0.00612   0.03587   0.00300   0.00645   0.02973   0.05568   0.01056   0.01595   0.02258   0.00615   0.01257   0.11801   0.00711   0.00641   0.01675   0.00116   0.02371   0.01084   0.01273   0.02431   0.06037   0.12500   0.13541   0.02537   0.01696   0.13004   1.88080   0.25938  
 53 16.0666   4577.694652  x:  0.01573   0.01868   0.00751   0.00000   0.00000   0.00583   0.17648   0.02328   0.02277   0.03739   0.01559   0.03083   0.02176   0.01649   0.00524   0.01383   0.00000   0.00744   0.00053   0.00611   0.00000   0.00000   0.03095   0.01617   0.00291   0.00188   0.00000   0.01074   0.00577   0.01833   0.01023   0.01416   0.12106   0.10532   0.00689   0.01652   0.10587   0.02382   0.08791   0.02026   0.00000   0.01059   0.00920   0.00000   0.03427   0.00610   0.03546   0.00300   0.00630   0.02791   0.05748   0.01048   0.01576   0.02236   0.00627   0.01235   0.11972   0.00711   0.00635   0.01742   0.00117   0.02349   0.01096   0.01290   0.02578   0.06114   0.12516   0.13567   0.02489   0.01658   0.12646   1.88100   0.25909  
 54 48.9987   4577.601150  x:  0.01566   0.01883   0.00727   0.00000   0.00000   0.00592   0.17777   0.02326   0.02245   0.03796   0.01527   0.03077   0.02139   0.01694   0.00520   0.01348   0.00000   0.00741   0.00057   0.00606   0.00000   0.00000   0.03098   0.01646   0.00303   0.00171   0.00141   0.01078   0.00578   0.01829   0.01038   0.01381   0.12244   0.10662   0.00690   0.01689   0.10562   0.02398   0.08799   0.02035   0.00000   0.01059   0.00935   0.00000   0.03427   0.00614   0.03539   0.00302   0.00623   0.02675   0.05860   0.01035   0.01575   0.02223   0.00631   0.01199   0.12126   0.00716   0.00632   0.01792   0.00119   0.02347   0.01100   0.01322   0.02672   0.06175   0.12527   0.13593   0.02470   0.01620   0.12319   1.88107   0.25891  
 55 115.5251   4577.243358  x:  0.01569   0.01791   0.00628   0.00000   0.00000   0.00604   0.17856   0.02336   0.02248   0.03860   0.01458   0.02976   0.02210   0.01774   0.00506   0.01378   0.00000   0.00749   0.00062   0.00615   0.00000   0.00000   0.03087   0.01618   0.00351   0.00227   0.00000   0.01074   0.00581   0.01861   0.01065   0.01473   0.12343   0.10778   0.00677   0.01755   0.10428   0.02427   0.08777   0.02019   0.00000   0.01039   0.00863   0.00000   0.03460   0.00624   0.03580   0.00304   0.00642   0.02754   0.05781   0.00983   0.01622   0.02313   0.00609   0.01240   0.12232   0.00724   0.00636   0.01738   0.00121   0.02405   0.01089   0.01338   0.02600   0.06196   0.12527   0.13615   0.02543   0.01578   0.12019   1.88141   0.25876  
 56 59.5144   4576.705267  x:  0.01390   0.01618   0.00945   0.00000   0.00000   0.00609   0.17979   0.02373   0.02093   0.03777   0.01422   0.02850   0.02402   0.01789   0.00512   0.01288   0.00000   0.00766   0.00071   0.00637   0.00000   0.00000   0.03028   0.01505   0.00361   0.00286   0.00000   0.01087   0.00585   0.01930   0.01087   0.01530   0.12438   0.10914   0.00643   0.01845   0.10065   0.02290   0.08701   0.01947   0.00000   0.00942   0.00805   0.00000   0.03259   0.00630   0.03764   0.00309   0.00634   0.02929   0.05581   0.01002   0.01645   0.02271   0.00607   0.01127   0.12375   0.00732   0.00629   0.01398   0.00121   0.02445   0.01095   0.01343   0.02390   0.06186   0.12490   0.13653   0.02657   0.01640   0.11392   1.88192   0.25959  
 57 95.9889   4575.856013  x:  0.01439   0.01856   0.00904   0.00000   0.00000   0.00584   0.18127   0.02405   0.02007   0.03649   0.01442   0.02991   0.02575   0.01593   0.00474   0.01410   0.00000   0.00750   0.00092   0.00645   0.00000   0.00000   0.02935   0.01527   0.00316   0.00180   0.00000   0.01084   0.00576   0.01820   0.00999   0.01514   0.12457   0.10914   0.00608   0.01616   0.09721   0.01996   0.08502   0.01773   0.00000   0.00959   0.01107   0.00000   0.03079   0.00587   0.03805   0.00310   0.00584   0.03021   0.05281   0.01041   0.01472   0.02192   0.00624   0.01218   0.12427   0.00699   0.00599   0.00981   0.00108   0.02387   0.01100   0.01208   0.02203   0.06092   0.12468   0.13708   0.02681   0.01683   0.10759   1.88396   0.25990  
 58 105.7359   4575.331614  x:  0.01379   0.01918   0.00764   0.00000   0.00000   0.00569   0.18197   0.02437   0.02043   0.03482   0.01347   0.03096   0.02662   0.01556   0.00450   0.01395   0.00000   0.00757   0.00114   0.00656   0.00000   0.00000   0.02877   0.01494   0.00338   0.00195   0.00355   0.01080   0.00571   0.01689   0.01006   0.01475   0.12327   0.10699   0.00581   0.01542   0.09610   0.01824   0.08352   0.01733   0.00000   0.01028   0.01113   0.00000   0.03046   0.00565   0.03740   0.00311   0.00572   0.03070   0.05028   0.01068   0.01331   0.02065   0.00636   0.01181   0.12296   0.00681   0.00580   0.00766   0.00103   0.02293   0.01098   0.01207   0.02172   0.05921   0.12536   0.13793   0.02584   0.01707   0.10684   1.88493   0.26085  
 59 99.1113   4573.145332  x:  0.01262   0.01907   0.00723   0.00000   0.00000   0.00575   0.18302   0.02501   0.02210   0.03246   0.01100   0.03252   0.02640   0.01625   0.00413   0.01214   0.00000   0.00769   0.00160   0.00663   0.00000   0.00000   0.02809   0.01440   0.00432   0.00247   0.00000   0.01049   0.00564   0.01482   0.01092   0.01423   0.11890   0.09941   0.00538   0.01635   0.09800   0.01688   0.08086   0.01819   0.00000   0.01049   0.00580   0.00000   0.03005   0.00550   0.03337   0.00316   0.00595   0.03021   0.04791   0.00981   0.01198   0.02036   0.00623   0.01183   0.11785   0.00671   0.00561   0.00705   0.00102   0.02140   0.01087   0.01315   0.02395   0.05528   0.12863   0.14023   0.02226   0.01666   0.11317   1.88634   0.26266  
 60 218.2666   4571.532674  x:  0.01206   0.01655   0.00705   0.00000   0.00000   0.00637   0.18501   0.02583   0.02216   0.03360   0.00973   0.03029   0.02468   0.01822   0.00376   0.01163   0.00000   0.00764   0.00194   0.00639   0.00000   0.00000   0.02667   0.01371   0.00520   0.00284   0.00000   0.01040   0.00585   0.01450   0.01107   0.01465   0.11453   0.09146   0.00488   0.01814   0.10197   0.01590   0.07839   0.01653   0.00000   0.00563   0.01036   0.00000   0.02588   0.00594   0.03187   0.00337   0.00409   0.02899   0.04881   0.00952   0.01173   0.02253   0.00590   0.01302   0.11219   0.00688   0.00560   0.00666   0.00117   0.02268   0.01066   0.01292   0.02502   0.05291   0.13303   0.14265   0.02064   0.01597   0.12253   1.88915   0.26256  
 61 228.7477   4570.721821  x:  0.01271   0.01673   0.00900   0.00000   0.00000   0.00652   0.18705   0.02615   0.02072   0.03716   0.01067   0.02804   0.02232   0.01784   0.00385   0.01241   0.00000   0.00743   0.00215   0.00673   0.00000   0.00000   0.02588   0.01418   0.00445   0.00220   0.00000   0.01056   0.00583   0.01481   0.01073   0.01420   0.11344   0.08877   0.00477   0.01847   0.10514   0.01515   0.07767   0.01488   0.00000   0.00860   0.01025   0.00000   0.02430   0.00603   0.03363   0.00338   0.00455   0.02694   0.05142   0.00933   0.01105   0.02396   0.00566   0.01448   0.10982   0.00705   0.00569   0.00414   0.00116   0.02445   0.01086   0.01258   0.02347   0.05394   0.13582   0.14378   0.02264   0.01501   0.12795   1.89203   0.26168  
 62 179.0981   4570.382417  x:  0.01251   0.01757   0.00857   0.00000   0.00000   0.00636   0.18832   0.02620   0.01914   0.03958   0.01111   0.02956   0.02121   0.01681   0.00402   0.01230   0.00000   0.00734   0.00231   0.00670   0.00000   0.00000   0.02575   0.01444   0.00395   0.00213   0.00000   0.01100   0.00583   0.01531   0.01061   0.01466   0.11317   0.08853   0.00486   0.01784   0.10721   0.01504   0.07845   0.01533   0.00000   0.00658   0.00915   0.00000   0.02498   0.00589   0.03478   0.00338   0.00459   0.02568   0.05187   0.00948   0.01136   0.02282   0.00579   0.01400   0.10876   0.00717   0.00569   0.00408   0.00116   0.02449   0.01098   0.01257   0.02049   0.05582   0.13678   0.14390   0.02573   0.01502   0.13146   1.89242   0.26208  
 63 104.2091   4570.323794  x:  0.01219   0.01726   0.00790   0.00000   0.00000   0.00640   0.18870   0.02626   0.01856   0.03926   0.01080   0.02931   0.02137   0.01724   0.00403   0.01233   0.00000   0.00741   0.00234   0.00673   0.00000   0.00000   0.02568   0.01424   0.00412   0.00251   0.00000   0.01114   0.00585   0.01503   0.01083   0.01435   0.11284   0.08877   0.00485   0.01801   0.10809   0.01498   0.07870   0.01540   0.00000   0.00717   0.00929   0.00000   0.02526   0.00596   0.03505   0.00339   0.00459   0.02563   0.05155   0.00961   0.01089   0.02238   0.00578   0.01362   0.10827   0.00726   0.00571   0.00411   0.00118   0.02398   0.01098   0.01282   0.01990   0.05668   0.13661   0.14356   0.02623   0.01497   0.13332   1.89236   0.26204  
 64 43.4323   4570.259978  x:  0.01245   0.01757   0.00834   0.00000   0.00000   0.00650   0.18981   0.02626   0.01813   0.03801   0.01070   0.02919   0.02229   0.01743   0.00400   0.01302   0.00000   0.00741   0.00237   0.00670   0.00000   0.00000   0.02563   0.01433   0.00423   0.00246   0.00000   0.01136   0.00586   0.01480   0.01090   0.01414   0.11304   0.09084   0.00488   0.01788   0.10911   0.01479   0.07935   0.01544   0.00000   0.00684   0.00924   0.00000   0.02515   0.00603   0.03500   0.00340   0.00459   0.02563   0.05088   0.00925   0.01111   0.02271   0.00569   0.01405   0.10831   0.00737   0.00574   0.00386   0.00120   0.02321   0.01101   0.01275   0.02044   0.05851   0.13541   0.14223   0.02646   0.01495   0.13505   1.89247   0.26131  
 65 30.5669   4570.222570  x:  0.01236   0.01760   0.00826   0.00000   0.00000   0.00653   0.19067   0.02632   0.01811   0.03764   0.01140   0.02946   0.02261   0.01724   0.00411   0.01241   0.00000   0.00733   0.00238   0.00675   0.00000   0.00000   0.02578   0.01457   0.00387   0.00245   0.00000   0.01127   0.00589   0.01503   0.01070   0.01458   0.11342   0.09211   0.00484   0.01841   0.10949   0.01420   0.07933   0.01542   0.00000   0.00691   0.00932   0.00000   0.02528   0.00608   0.03465   0.00341   0.00460   0.02548   0.05025   0.00942   0.01065   0.02320   0.00567   0.01396   0.10842   0.00742   0.00580   0.00396   0.00121   0.02397   0.01111   0.01279   0.02055   0.05881   0.13424   0.14104   0.02615   0.01494   0.13619   1.89270   0.26088  
 66 25.2463   4570.156085  x:  0.01224   0.01764   0.00810   0.00000   0.00000   0.00649   0.19191   0.02638   0.01771   0.03823   0.01143   0.02949   0.02294   0.01717   0.00415   0.01274   0.00000   0.00735   0.00241   0.00680   0.00000   0.00000   0.02577   0.01460   0.00380   0.00258   0.00000   0.01144   0.00590   0.01423   0.01070   0.01455   0.11491   0.09270   0.00494   0.01826   0.10955   0.01414   0.07977   0.01557   0.00000   0.00690   0.00922   0.00000   0.02563   0.00608   0.03515   0.00340   0.00466   0.02544   0.05040   0.00942   0.01150   0.02284   0.00566   0.01377   0.10860   0.00749   0.00582   0.00354   0.00121   0.02492   0.01112   0.01278   0.02069   0.05661   0.13189   0.13883   0.02519   0.01539   0.13791   1.89284   0.26071  
 67 15.8477   4570.091991  x:  0.01240   0.01781   0.00834   0.00000   0.00000   0.00657   0.19288   0.02645   0.01700   0.03854   0.01105   0.02956   0.02298   0.01734   0.00403   0.01322   0.00000   0.00736   0.00241   0.00671   0.00000   0.00000   0.02568   0.01453   0.00407   0.00257   0.00000   0.01156   0.00589   0.01503   0.01077   0.01438   0.11629   0.09261   0.00500   0.01815   0.10922   0.01406   0.07998   0.01567   0.00000   0.00690   0.00909   0.00000   0.02546   0.00608   0.03530   0.00340   0.00459   0.02535   0.05073   0.00903   0.01070   0.02291   0.00560   0.01405   0.10889   0.00753   0.00582   0.00416   0.00122   0.02461   0.01108   0.01267   0.02011   0.05481   0.12967   0.13692   0.02489   0.01546   0.13872   1.89275   0.26069  
 68 40.7119   4569.943037  x:  0.01231   0.01787   0.00814   0.00000   0.00000   0.00656   0.19428   0.02655   0.01832   0.03842   0.01153   0.02932   0.02290   0.01729   0.00417   0.01273   0.00000   0.00732   0.00241   0.00680   0.00000   0.00000   0.02570   0.01476   0.00375   0.00262   0.00000   0.01156   0.00591   0.01617   0.01068   0.01478   0.11950   0.09113   0.00499   0.01846   0.10849   0.01415   0.07984   0.01539   0.00000   0.00675   0.00925   0.00000   0.02558   0.00611   0.03544   0.00342   0.00469   0.02566   0.05131   0.00920   0.01036   0.02313   0.00565   0.01379   0.10947   0.00757   0.00584   0.00334   0.00122   0.02197   0.01120   0.01282   0.02071   0.05327   0.12791   0.13485   0.02626   0.01490   0.14007   1.89386   0.26052  
 69 26.3646   4569.482019  x:  0.01267   0.01738   0.00824   0.00000   0.00000   0.00667   0.19657   0.02691   0.01891   0.03545   0.01191   0.02950   0.02134   0.01767   0.00414   0.01196   0.00000   0.00718   0.00234   0.00675   0.00000   0.00000   0.02553   0.01488   0.00376   0.00244   0.00000   0.01108   0.00587   0.01356   0.01058   0.01406   0.12586   0.08555   0.00468   0.01904   0.10585   0.01299   0.07787   0.01538   0.00000   0.00716   0.00950   0.00000   0.02463   0.00614   0.03389   0.00342   0.00438   0.02536   0.05184   0.00915   0.01245   0.02377   0.00563   0.01406   0.11103   0.00747   0.00589   0.00439   0.00123   0.02172   0.01123   0.01290   0.01921   0.05475   0.12382   0.13086   0.02983   0.01301   0.14078   1.89643   0.26112  
 70 43.6884   4568.607503  x:  0.01283   0.01762   0.00826   0.00000   0.00000   0.00667   0.19856   0.02722   0.01910   0.03255   0.01042   0.03117   0.02126   0.01804   0.00387   0.01248   0.00000   0.00736   0.00226   0.00667   0.00000   0.00000   0.02506   0.01436   0.00465   0.00248   0.00000   0.01122   0.00585   0.01377   0.01098   0.01387   0.13396   0.07871   0.00442   0.01797   0.10269   0.01597   0.07658   0.01542   0.00000   0.00665   0.00915   0.00000   0.02379   0.00600   0.03420   0.00346   0.00398   0.02614   0.05132   0.00899   0.00919   0.02257   0.00592   0.01410   0.11276   0.00739   0.00571   0.00322   0.00123   0.02722   0.01117   0.01328   0.02141   0.05938   0.12118   0.12769   0.03139   0.01271   0.14200   1.90179   0.26279  
 71 77.0873   4565.358040  x:  0.01394   0.01600   0.00753   0.00000   0.00000   0.00656   0.20063   0.02782   0.02555   0.03784   0.00789   0.03096   0.01678   0.01955   0.00410   0.01387   0.00000   0.00794   0.00198   0.00684   0.00000   0.00000   0.02338   0.01301   0.00585   0.00269   0.00000   0.01124   0.00590   0.01870   0.01159   0.01071   0.13964   0.07531   0.00356   0.01598   0.09584   0.01105   0.07129   0.01510   0.00000   0.00601   0.00762   0.00000   0.02198   0.00603   0.03537   0.00345   0.00337   0.02473   0.04849   0.00936   0.01020   0.02098   0.00617   0.01388   0.11375   0.00738   0.00590   0.00207   0.00124   0.02725   0.01081   0.01354   0.01645   0.07154   0.11599   0.12259   0.01840   0.01556   0.14058   1.92068   0.26857  
 72 72.1132   4561.695262  x:  0.01446   0.01811   0.00814   0.00000   0.00000   0.00693   0.20249   0.02886   0.01938   0.04144   0.00715   0.03272   0.01348   0.02076   0.00427   0.01128   0.00000   0.00793   0.00162   0.00705   0.00000   0.00000   0.02233   0.01223   0.00645   0.00207   0.00000   0.01015   0.00602   0.01298   0.01125   0.01570   0.14091   0.08035   0.00231   0.01833   0.09059   0.01584   0.06363   0.01520   0.00000   0.00626   0.00781   0.00000   0.01797   0.00637   0.03628   0.00355   0.00165   0.02348   0.04580   0.01012   0.00838   0.02389   0.00632   0.01470   0.11489   0.00727   0.00623   0.00108   0.00136   0.02194   0.01077   0.01401   0.01159   0.07380   0.11397   0.12180   0.01073   0.01586   0.13671   1.94299   0.27201  
 73 219.1077   4559.017983  x:  0.01569   0.01760   0.00799   0.00000   0.00000   0.00723   0.20377   0.02930   0.01861   0.04022   0.00631   0.03398   0.00906   0.02222   0.00467   0.01140   0.00000   0.00822   0.00145   0.00707   0.00000   0.00000   0.02156   0.01183   0.00689   0.00193   0.00000   0.00999   0.00602   0.01250   0.01186   0.01315   0.13613   0.08807   0.00164   0.01860   0.08887   0.01499   0.06009   0.01533   0.00000   0.00573   0.00744   0.00000   0.01634   0.00676   0.03352   0.00362   0.00100   0.02542   0.04698   0.01111   0.00732   0.02348   0.00670   0.01503   0.11481   0.00734   0.00646   0.00028   0.00152   0.02347   0.01107   0.01492   0.01121   0.06875   0.11258   0.12274   0.01526   0.01415   0.13344   1.95669   0.27322  
 74 245.1872   4558.869349  x:  0.01576   0.01767   0.00802   0.00000   0.00000   0.00728   0.20495   0.02931   0.01941   0.03964   0.00611   0.03422   0.00935   0.02234   0.00468   0.01149   0.00000   0.00826   0.00144   0.00707   0.00000   0.00000   0.02146   0.01174   0.00701   0.00198   0.00200   0.00997   0.00602   0.01257   0.01193   0.01331   0.13527   0.08830   0.00168   0.01861   0.08822   0.01518   0.05980   0.01523   0.00000   0.00577   0.00740   0.00000   0.01610   0.00680   0.03404   0.00362   0.00098   0.02425   0.04698   0.01106   0.00738   0.02353   0.00673   0.01508   0.11514   0.00735   0.00648   0.00027   0.00153   0.02371   0.01108   0.01496   0.01082   0.06820   0.11141   0.12477   0.01560   0.01394   0.13372   1.95766   0.27312  
 75 80.1142   4558.308753  x:  0.01599   0.01802   0.00814   0.00000   0.00000   0.00748   0.21042   0.02933   0.02240   0.03771   0.00553   0.03513   0.01034   0.02276   0.00478   0.01186   0.00000   0.00840   0.00142   0.00708   0.00000   0.00000   0.02110   0.01149   0.00738   0.00217   0.00000   0.00991   0.00601   0.01283   0.01216   0.01391   0.13174   0.08868   0.00183   0.01867   0.08525   0.01593   0.05885   0.01488   0.00000   0.00592   0.00729   0.00000   0.01528   0.00700   0.03613   0.00362   0.00090   0.02010   0.04676   0.01085   0.00764   0.02375   0.00680   0.01521   0.11665   0.00743   0.00656   0.00033   0.00159   0.02449   0.01113   0.01508   0.00953   0.06643   0.10591   0.13417   0.01670   0.01323   0.13518   1.96116   0.27262  
 76 181.4379   4557.924476  x:  0.01613   0.01829   0.00814   0.00000   0.00000   0.00751   0.21487   0.02942   0.02164   0.03876   0.00597   0.03542   0.00827   0.02290   0.00502   0.01220   0.00000   0.00842   0.00144   0.00712   0.00000   0.00000   0.02098   0.01167   0.00710   0.00218   0.00000   0.00998   0.00604   0.01270   0.01210   0.01364   0.12946   0.08806   0.00172   0.01881   0.08275   0.01579   0.05868   0.01511   0.00000   0.00591   0.00730   0.00000   0.01534   0.00714   0.03603   0.00362   0.00082   0.02225   0.04589   0.01105   0.00763   0.02386   0.00682   0.01514   0.11798   0.00755   0.00670   0.00046   0.00163   0.02417   0.01118   0.01524   0.01074   0.06670   0.10102   0.14124   0.01683   0.01320   0.13614   1.96337   0.27237  
 77 112.5630   4557.746747  x:  0.01644   0.01800   0.00816   0.00000   0.00000   0.00750   0.21711   0.02946   0.02123   0.04009   0.00664   0.03559   0.01027   0.02276   0.00527   0.01199   0.00000   0.00838   0.00145   0.00715   0.00000   0.00000   0.02113   0.01206   0.00665   0.00208   0.00000   0.00992   0.00607   0.01242   0.01203   0.01215   0.12886   0.08763   0.00159   0.01888   0.08208   0.01600   0.05852   0.01522   0.00000   0.00578   0.00738   0.00000   0.01538   0.00725   0.03442   0.00365   0.00075   0.02403   0.04663   0.01139   0.00738   0.02385   0.00691   0.01523   0.11893   0.00760   0.00677   0.00044   0.00166   0.02403   0.01131   0.01559   0.01027   0.06689   0.09920   0.14477   0.01666   0.01326   0.13649   1.96484   0.27199  
 78 107.8286   4557.720744  x:  0.01646   0.01798   0.00817   0.00000   0.00000   0.00750   0.21720   0.02947   0.02122   0.04016   0.00667   0.03561   0.01037   0.02276   0.00529   0.01198   0.00000   0.00838   0.00145   0.00715   0.00000   0.00000   0.02114   0.01208   0.00662   0.00208   0.00083   0.00992   0.00608   0.01241   0.01202   0.01207   0.12884   0.08764   0.00157   0.01889   0.08207   0.01602   0.05848   0.01522   0.00000   0.00577   0.00738   0.00000   0.01537   0.00725   0.03433   0.00365   0.00074   0.02413   0.04666   0.01140   0.00737   0.02385   0.00692   0.01524   0.11892   0.00760   0.00677   0.00044   0.00167   0.02403   0.01132   0.01561   0.01024   0.06689   0.09914   0.14487   0.01667   0.01326   0.13649   1.96505   0.27199  
 79 28.3331   4552.120571  x:  0.01771   0.01746   0.00864   0.00000   0.00000   0.00769   0.21253   0.03032   0.02282   0.04110   0.00660   0.03830   0.01014   0.02359   0.00593   0.01301   0.00000   0.00869   0.00161   0.00731   0.00000   0.00000   0.02058   0.01280   0.00622   0.00267   0.00000   0.00843   0.00610   0.01269   0.01202   0.01110   0.13075   0.09285   0.00056   0.01962   0.08799   0.01718   0.05125   0.01509   0.00000   0.00588   0.00700   0.00000   0.01302   0.00757   0.03105   0.00376   0.00006   0.02515   0.04611   0.01078   0.00772   0.02426   0.00795   0.01599   0.10595   0.00714   0.00699   0.00081   0.00174   0.02511   0.01184   0.01704   0.00896   0.06443   0.10498   0.13059   0.01867   0.01080   0.13174   1.99368   0.27535  
 80 14.9416   4550.797119  x:  0.01821   0.01802   0.00884   0.00000   0.00000   0.00794   0.21053   0.03055   0.02334   0.04200   0.00698   0.03952   0.01019   0.02409   0.00642   0.01402   0.00000   0.00883   0.00171   0.00746   0.00000   0.00000   0.02052   0.01311   0.00589   0.00299   0.00000   0.00832   0.00615   0.01254   0.01204   0.01126   0.11941   0.08940   0.00000   0.01949   0.08654   0.01730   0.05019   0.01512   0.00000   0.00585   0.00681   0.00000   0.01277   0.00799   0.03115   0.00379   0.00004   0.02480   0.04422   0.01074   0.00774   0.02491   0.00809   0.01626   0.12647   0.00733   0.00730   0.00086   0.00186   0.02517   0.01202   0.01756   0.00880   0.06264   0.11335   0.11829   0.01931   0.01032   0.13491   2.00331   0.27469  
 81 73.0939   4539.926957  x:  0.02231   0.01904   0.01060   0.00000   0.00000   0.00928   0.22614   0.03108   0.03145   0.04735   0.00916   0.05081   0.01048   0.02680   0.00898   0.01938   0.00000   0.00980   0.00261   0.00863   0.00000   0.00000   0.01953   0.01698   0.00327   0.00607   0.00000   0.00392   0.00519   0.01445   0.01160   0.01390   0.11018   0.09058   0.00095   0.02143   0.09045   0.02322   0.02729   0.01435   0.00000   0.00731   0.00597   0.00000   0.00908   0.00993   0.02881   0.00400   0.00627   0.02504   0.03573   0.00708   0.01154   0.02744   0.01154   0.01863   0.10436   0.00674   0.00868   0.00065   0.00251   0.02632   0.01445   0.02259   0.01155   0.05928   0.10877   0.11458   0.01947   0.00322   0.13340   2.15065   0.28804  
 82  0.9861   4532.416620  x:  0.02480   0.01710   0.00905   0.00000   0.00000   0.00952   0.22389   0.02973   0.02883   0.04778   0.00578   0.04928   0.01122   0.02868   0.00964   0.01522   0.00000   0.01083   0.00217   0.00965   0.00000   0.00000   0.01687   0.01533   0.00380   0.00365   0.00000   0.00646   0.00512   0.00997   0.01437   0.00771   0.11447   0.11358   0.00213   0.01780   0.09274   0.02414   0.01651   0.01386   0.00000   0.00572   0.00661   0.00000   0.00714   0.01079   0.02798   0.00459   0.00826   0.02583   0.04618   0.01387   0.00772   0.02116   0.01337   0.01834   0.11013   0.00774   0.00895   0.00129   0.00282   0.02593   0.01594   0.02464   0.01456   0.05533   0.12402   0.08715   0.02065   0.00598   0.13325   2.25396   0.29639  
 83  0.9433   4521.437320  x:  0.02669   0.01950   0.00757   0.00000   0.00000   0.00975   0.25593   0.02810   0.03520   0.05015   0.00885   0.05013   0.01466   0.02925   0.00989   0.01737   0.00000   0.01237   0.00277   0.01210   0.00000   0.00000   0.02071   0.01807   0.00178   0.00436   0.00000   0.01050   0.00702   0.01419   0.01606   0.01899   0.11222   0.11777   0.00505   0.00930   0.10285   0.02654   0.01831   0.02330   0.00000   0.00815   0.00727   0.00000   0.01609   0.01178   0.03666   0.00589   0.00248   0.02601   0.05183   0.01368   0.01168   0.01181   0.01748   0.01739   0.12226   0.00984   0.01082   0.00104   0.00267   0.02381   0.01889   0.02798   0.02359   0.06213   0.13528   0.09952   0.01836   0.00788   0.14731   2.58507   0.29718  
 84  0.6388   4514.150819  x:  0.02808   0.01586   0.00558   0.00000   0.00000   0.01009   0.25580   0.02786   0.02776   0.04581   0.01051   0.04628   0.01089   0.03032   0.00858   0.01294   0.00000   0.01138   0.00240   0.01272   0.00000   0.00000   0.02182   0.01523   0.00624   0.00511   0.00000   0.01027   0.00727   0.01487   0.01619   0.01840   0.12201   0.12223   0.00557   0.01248   0.10150   0.02622   0.00715   0.02924   0.00000   0.00626   0.00455   0.00000   0.01318   0.01123   0.03141   0.00727   0.00046   0.02845   0.05336   0.01039   0.01100   0.02122   0.01875   0.01760   0.12359   0.01074   0.01214   0.00148   0.00270   0.02204   0.02062   0.02770   0.01811   0.06298   0.13769   0.12279   0.02144   0.00572   0.13839   2.92633   0.30211  
 85  0.3432   4512.321673  x:  0.02813   0.01527   0.00570   0.00000   0.00000   0.01010   0.25480   0.02839   0.02627   0.04538   0.01032   0.04578   0.01017   0.03054   0.00855   0.01237   0.00000   0.01124   0.00237   0.01283   0.00000   0.00000   0.02257   0.01505   0.00671   0.00493   0.00000   0.01039   0.00733   0.01466   0.01624   0.01745   0.12271   0.12278   0.00624   0.01308   0.10164   0.02608   0.01199   0.03057   0.00000   0.00606   0.00499   0.00000   0.01290   0.01112   0.03042   0.00759   0.00000   0.02912   0.05256   0.00988   0.01060   0.02246   0.01894   0.01731   0.12380   0.01083   0.01241   0.00158   0.00271   0.02176   0.02090   0.02766   0.01701   0.06269   0.13821   0.12226   0.02202   0.00509   0.13669   2.99278   0.30238  
 86  0.8349   4507.977081  x:  0.02640   0.01477   0.00704   0.00000   0.00000   0.00900   0.24363   0.03126   0.01965   0.04363   0.01006   0.04428   0.01008   0.02969   0.01008   0.01216   0.00000   0.01035   0.00289   0.01237   0.00000   0.00000   0.02174   0.01644   0.00495   0.00315   0.00000   0.00996   0.00736   0.01528   0.01560   0.01298   0.12399   0.11676   0.00678   0.01294   0.10006   0.02735   0.01126   0.03438   0.00000   0.00734   0.01049   0.00000   0.00677   0.01051   0.03524   0.00874   0.00000   0.02883   0.04313   0.00836   0.01076   0.02176   0.01935   0.01215   0.11213   0.01064   0.01373   0.00162   0.00297   0.01975   0.02162   0.02636   0.01905   0.06527   0.12241   0.11200   0.02091   0.00805   0.13385   3.31303   0.30687  
 87  0.6126   4505.139456  x:  0.02628   0.01610   0.00661   0.00000   0.00000   0.00738   0.23739   0.03456   0.02098   0.04302   0.00692   0.04111   0.00956   0.02943   0.01100   0.01398   0.00000   0.00966   0.00296   0.01173   0.00000   0.00000   0.02508   0.01707   0.00271   0.00291   0.00000   0.00965   0.00766   0.01228   0.01498   0.01108   0.12292   0.11800   0.00637   0.01108   0.09803   0.02746   0.01343   0.03574   0.00000   0.00631   0.00863   0.00000   0.01276   0.00994   0.03192   0.00970   0.00000   0.03042   0.04720   0.01000   0.00817   0.01927   0.01913   0.01170   0.10185   0.01048   0.01460   0.00202   0.00323   0.02392   0.02200   0.02575   0.01612   0.06186   0.11385   0.10210   0.02052   0.00704   0.12880   3.58327   0.30779  
 88  0.3905   4503.343146  x:  0.02572   0.01694   0.00680   0.00000   0.00000   0.00683   0.23555   0.03599   0.02447   0.04257   0.00719   0.04045   0.01120   0.02929   0.01060   0.01449   0.00000   0.00944   0.00319   0.01067   0.00000   0.00000   0.02322   0.01493   0.00334   0.00387   0.00000   0.01051   0.00802   0.01278   0.01414   0.01259   0.11769   0.11643   0.00658   0.01022   0.09761   0.02825   0.01661   0.03196   0.00000   0.00598   0.00473   0.00000   0.00842   0.00973   0.03133   0.01068   0.00000   0.03007   0.05224   0.01001   0.00976   0.01705   0.01870   0.01379   0.10914   0.01099   0.01525   0.00219   0.00343   0.02651   0.02199   0.02485   0.01662   0.05998   0.11331   0.10385   0.01957   0.00715   0.13359   3.78693   0.30609  
 89  0.2731   4502.343184  x:  0.02462   0.01660   0.00600   0.00000   0.00000   0.00596   0.23061   0.03576   0.02546   0.04409   0.00924   0.04191   0.01146   0.02828   0.01013   0.01361   0.00000   0.00964   0.00344   0.01001   0.00000   0.00000   0.02202   0.01597   0.00337   0.00337   0.00000   0.01050   0.00823   0.01332   0.01353   0.01191   0.11566   0.11498   0.00643   0.01220   0.09941   0.02912   0.01669   0.02738   0.00000   0.00691   0.00770   0.00000   0.01010   0.00940   0.03181   0.01119   0.00000   0.02870   0.05232   0.00994   0.01062   0.01584   0.01783   0.01379   0.11814   0.01114   0.01566   0.00233   0.00347   0.02443   0.02175   0.02408   0.01637   0.06154   0.11862   0.10329   0.02002   0.00562   0.13770   3.96763   0.30875  
 90  0.1882   4501.929622  x:  0.02429   0.01647   0.00682   0.00000   0.00000   0.00586   0.23144   0.03619   0.02613   0.04558   0.00822   0.04289   0.01215   0.02747   0.00954   0.01352   0.00000   0.00982   0.00360   0.00957   0.00000   0.00000   0.02161   0.01594   0.00338   0.00342   0.00000   0.01039   0.00800   0.01250   0.01334   0.01361   0.11737   0.11441   0.00506   0.01264   0.10018   0.02913   0.01688   0.02456   0.00000   0.00678   0.00751   0.00000   0.01026   0.00948   0.03260   0.01132   0.00000   0.02846   0.05022   0.01040   0.00985   0.01719   0.01698   0.01447   0.11392   0.01116   0.01560   0.00245   0.00360   0.02253   0.02138   0.02352   0.01652   0.06273   0.11856   0.10741   0.02072   0.00794   0.13609   4.07650   0.31151  
 91  0.1302   4501.644389  x:  0.02403   0.01614   0.00724   0.00000   0.00000   0.00623   0.23289   0.03618   0.02486   0.04417   0.00749   0.04298   0.01138   0.02731   0.00864   0.01323   0.00000   0.00963   0.00359   0.00941   0.00000   0.00000   0.02163   0.01649   0.00323   0.00325   0.00000   0.01030   0.00733   0.01402   0.01346   0.01310   0.11776   0.11576   0.00380   0.01162   0.09885   0.02825   0.01583   0.02358   0.00000   0.00647   0.00687   0.00000   0.00954   0.00949   0.03154   0.01121   0.00000   0.02823   0.04934   0.01046   0.00949   0.01687   0.01607   0.01429   0.11233   0.01106   0.01531   0.00259   0.00371   0.02251   0.02110   0.02316   0.01593   0.06229   0.11811   0.10679   0.02008   0.00619   0.13313   4.17759   0.31381  
 92  0.0901   4501.527046  x:  0.02420   0.01619   0.00695   0.00000   0.00000   0.00658   0.23372   0.03544   0.02513   0.04352   0.00830   0.04336   0.01083   0.02756   0.00845   0.01368   0.00000   0.00968   0.00362   0.00971   0.00000   0.00000   0.02151   0.01663   0.00348   0.00340   0.00000   0.01009   0.00692   0.01361   0.01346   0.01262   0.11605   0.11554   0.00349   0.01141   0.09885   0.02795   0.01521   0.02405   0.00000   0.00652   0.00636   0.00000   0.01018   0.00971   0.03226   0.01094   0.00000   0.02789   0.04818   0.00991   0.00981   0.01803   0.01577   0.01426   0.11332   0.01099   0.01500   0.00264   0.00372   0.02335   0.02096   0.02309   0.01582   0.06153   0.11754   0.10324   0.01985   0.00683   0.13331   4.21018   0.31448  
 93  0.0346   4501.446352  x:  0.02435   0.01654   0.00663   0.00000   0.00000   0.00687   0.23544   0.03452   0.02521   0.04380   0.00787   0.04334   0.01116   0.02793   0.00855   0.01401   0.00000   0.00980   0.00360   0.01004   0.00000   0.00000   0.02136   0.01687   0.00347   0.00332   0.00000   0.00993   0.00647   0.01246   0.01365   0.01305   0.11636   0.11512   0.00284   0.01168   0.09938   0.02741   0.01440   0.02461   0.00000   0.00664   0.00657   0.00000   0.00991   0.00990   0.03251   0.01065   0.00000   0.02853   0.04927   0.01007   0.00987   0.01798   0.01558   0.01396   0.11447   0.01089   0.01452   0.00269   0.00370   0.02368   0.02066   0.02332   0.01656   0.06174   0.11816   0.10454   0.02000   0.00625   0.13395   4.22773   0.31388  
 94  0.0188   4501.402363  x:  0.02442   0.01636   0.00656   0.00000   0.00000   0.00688   0.23571   0.03356   0.02511   0.04396   0.00816   0.04310   0.01107   0.02816   0.00882   0.01378   0.00000   0.00993   0.00358   0.01018   0.00000   0.00000   0.02113   0.01684   0.00329   0.00320   0.00000   0.00988   0.00626   0.01320   0.01383   0.01282   0.11684   0.11503   0.00239   0.01168   0.09986   0.02754   0.01404   0.02457   0.00000   0.00666   0.00661   0.00000   0.00999   0.00998   0.03184   0.01043   0.00000   0.02926   0.04992   0.01026   0.01017   0.01731   0.01553   0.01397   0.11494   0.01080   0.01411   0.00275   0.00363   0.02365   0.02039   0.02349   0.01631   0.06222   0.11879   0.10530   0.02014   0.00694   0.13495   4.23789   0.31349  
 95  0.0109   4501.377592  x:  0.02446   0.01616   0.00682   0.00000   0.00000   0.00671   0.23464   0.03277   0.02541   0.04423   0.00830   0.04267   0.01134   0.02828   0.00916   0.01370   0.00000   0.00991   0.00358   0.01030   0.00000   0.00000   0.02104   0.01669   0.00328   0.00324   0.00000   0.00992   0.00630   0.01335   0.01387   0.01298   0.11661   0.11461   0.00236   0.01180   0.09985   0.02773   0.01407   0.02462   0.00000   0.00654   0.00649   0.00000   0.01004   0.00992   0.03235   0.01030   0.00000   0.02934   0.04938   0.01015   0.00979   0.01726   0.01556   0.01414   0.11547   0.01071   0.01381   0.00281   0.00352   0.02320   0.02008   0.02364   0.01641   0.06231   0.11910   0.10427   0.02049   0.00653   0.13532   4.24778   0.31333  
 96  0.0089   4501.361629  x:  0.02444   0.01621   0.00674   0.00000   0.00000   0.00666   0.23474   0.03211   0.02575   0.04402   0.00830   0.04244   0.01121   0.02828   0.00929   0.01394   0.00000   0.00981   0.00353   0.01025   0.00000   0.00000   0.02115   0.01663   0.00339   0.00333   0.00000   0.00999   0.00647   0.01321   0.01387   0.01291   0.11610   0.11477   0.00231   0.01164   0.09991   0.02794   0.01431   0.02451   0.00000   0.00657   0.00665   0.00000   0.00987   0.00988   0.03205   0.01022   0.00000   0.02930   0.04935   0.00993   0.00973   0.01734   0.01570   0.01413   0.11504   0.01066   0.01352   0.00286   0.00341   0.02329   0.01989   0.02386   0.01623   0.06188   0.11867   0.10547   0.02010   0.00661   0.13444   4.25508   0.31338  
 97  0.0050   4501.355003  x:  0.02442   0.01626   0.00667   0.00000   0.00000   0.00668   0.23507   0.03182   0.02551   0.04404   0.00814   0.04247   0.01123   0.02809   0.00931   0.01377   0.00000   0.00978   0.00351   0.01019   0.00000   0.00000   0.02129   0.01668   0.00328   0.00331   0.00000   0.00998   0.00662   0.01322   0.01385   0.01296   0.11630   0.11478   0.00234   0.01174   0.09965   0.02811   0.01447   0.02451   0.00000   0.00663   0.00659   0.00000   0.00990   0.00988   0.03196   0.01017   0.00000   0.02924   0.04930   0.01008   0.01000   0.01754   0.01578   0.01407   0.11486   0.01064   0.01338   0.00290   0.00335   0.02329   0.01981   0.02391   0.01627   0.06210   0.11841   0.10465   0.02010   0.00657   0.13435   4.25661   0.31358  
 98  0.0020   4501.351656  x:  0.02438   0.01632   0.00673   0.00000   0.00000   0.00674   0.23533   0.03163   0.02543   0.04405   0.00829   0.04266   0.01114   0.02798   0.00921   0.01372   0.00000   0.00979   0.00349   0.01013   0.00000   0.00000   0.02137   0.01679   0.00328   0.00327   0.00000   0.01000   0.00669   0.01310   0.01378   0.01296   0.11652   0.11489   0.00240   0.01171   0.09967   0.02807   0.01450   0.02454   0.00000   0.00659   0.00656   0.00000   0.00987   0.00989   0.03211   0.01010   0.00000   0.02912   0.04945   0.01012   0.00987   0.01736   0.01583   0.01399   0.11473   0.01067   0.01331   0.00293   0.00332   0.02335   0.01981   0.02391   0.01620   0.06219   0.11885   0.10462   0.02015   0.00659   0.13428   4.25604   0.31391  
 99  0.0009   4501.349653  x:  0.02439   0.01628   0.00674   0.00000   0.00000   0.00677   0.23554   0.03155   0.02546   0.04406   0.00816   0.04293   0.01122   0.02794   0.00915   0.01372   0.00000   0.00983   0.00349   0.01008   0.00000   0.00000   0.02131   0.01676   0.00336   0.00327   0.00000   0.01003   0.00673   0.01324   0.01379   0.01292   0.11611   0.11484   0.00246   0.01170   0.09969   0.02801   0.01451   0.02462   0.00000   0.00660   0.00659   0.00000   0.00991   0.00991   0.03214   0.01003   0.00000   0.02907   0.04940   0.01013   0.00983   0.01738   0.01583   0.01402   0.11477   0.01069   0.01328   0.00296   0.00331   0.02340   0.01982   0.02383   0.01633   0.06210   0.11884   0.10481   0.02016   0.00661   0.13445   4.25598   0.31402  
100  0.0006   4501.347714  x:  0.02440   0.01628   0.00671   0.00000   0.00000   0.00675   0.23545   0.03158   0.02557   0.04407   0.00823   0.04294   0.01120   0.02793   0.00911   0.01381   0.00000   0.00982   0.00348   0.01002   0.00000   0.00000   0.02120   0.01673   0.00325   0.00330   0.00000   0.01009   0.00673   0.01319   0.01377   0.01292   0.11634   0.11471   0.00249   0.01168   0.09963   0.02794   0.01447   0.02467   0.00000   0.00657   0.00662   0.00000   0.00988   0.00989   0.03206   0.00993   0.00000   0.02904   0.04944   0.01011   0.00986   0.01745   0.01580   0.01412   0.11470   0.01073   0.01327   0.00302   0.00330   0.02333   0.01983   0.02366   0.01629   0.06211   0.11869   0.10485   0.02021   0.00657   0.13469   4.25808   0.31388  
101  0.0011   4501.346076  x:  0.02441   0.01628   0.00673   0.00000   0.00000   0.00670   0.23519   0.03172   0.02555   0.04404   0.00819   0.04287   0.01122   0.02801   0.00911   0.01377   0.00000   0.00982   0.00344   0.01001   0.00000   0.00000   0.02123   0.01666   0.00339   0.00329   0.00000   0.01008   0.00673   0.01315   0.01379   0.01293   0.11654   0.11481   0.00249   0.01172   0.09958   0.02787   0.01444   0.02469   0.00000   0.00660   0.00660   0.00000   0.00992   0.00989   0.03204   0.00985   0.00000   0.02910   0.04948   0.01013   0.00993   0.01735   0.01579   0.01412   0.11460   0.01076   0.01330   0.00309   0.00330   0.02330   0.01984   0.02358   0.01628   0.06208   0.11859   0.10474   0.02018   0.00659   0.13441   4.25900   0.31368  
102  0.0006   4501.344596  x:  0.02445   0.01630   0.00675   0.00000   0.00000   0.00668   0.23514   0.03188   0.02551   0.04407   0.00819   0.04274   0.01118   0.02804   0.00916   0.01376   0.00000   0.00982   0.00342   0.01005   0.00000   0.00000   0.02132   0.01672   0.00330   0.00329   0.00000   0.01004   0.00673   0.01318   0.01380   0.01288   0.11633   0.11481   0.00253   0.01179   0.09965   0.02786   0.01445   0.02463   0.00000   0.00660   0.00657   0.00000   0.00989   0.00991   0.03213   0.00979   0.00000   0.02906   0.04942   0.01016   0.00988   0.01740   0.01580   0.01404   0.11481   0.01079   0.01334   0.00315   0.00330   0.02334   0.01987   0.02362   0.01632   0.06208   0.11876   0.10492   0.02007   0.00663   0.13434   4.25811   0.31355  
103  0.0007   4501.343580  x:  0.02446   0.01630   0.00671   0.00000   0.00000   0.00669   0.23540   0.03201   0.02550   0.04414   0.00820   0.04274   0.01118   0.02800   0.00916   0.01375   0.00000   0.00982   0.00342   0.01009   0.00000   0.00000   0.02132   0.01672   0.00332   0.00329   0.00000   0.01003   0.00672   0.01321   0.01380   0.01296   0.11632   0.11483   0.00250   0.01165   0.09970   0.02795   0.01445   0.02454   0.00000   0.00660   0.00661   0.00000   0.00987   0.00993   0.03213   0.00977   0.00000   0.02908   0.04938   0.01011   0.00986   0.01742   0.01581   0.01403   0.11472   0.01080   0.01337   0.00320   0.00330   0.02335   0.01987   0.02371   0.01632   0.06217   0.11863   0.10473   0.02014   0.00660   0.13462   4.25638   0.31370  
104  0.0012   4501.342980  x:  0.02443   0.01628   0.00675   0.00000   0.00000   0.00671   0.23531   0.03203   0.02542   0.04408   0.00823   0.04284   0.01120   0.02799   0.00917   0.01379   0.00000   0.00982   0.00342   0.01011   0.00000   0.00000   0.02128   0.01675   0.00331   0.00328   0.00000   0.01001   0.00670   0.01318   0.01379   0.01292   0.11630   0.11471   0.00248   0.01171   0.09966   0.02799   0.01447   0.02455   0.00000   0.00660   0.00659   0.00000   0.00990   0.00993   0.03206   0.00978   0.00000   0.02909   0.04941   0.01008   0.00991   0.01741   0.01581   0.01405   0.11468   0.01079   0.01339   0.00324   0.00329   0.02332   0.01987   0.02377   0.01632   0.06208   0.11863   0.10488   0.02018   0.00657   0.13455   4.25508   0.31392  
105  0.0006   4501.342427  x:  0.02437   0.01629   0.00670   0.00000   0.00000   0.00672   0.23522   0.03200   0.02552   0.04402   0.00820   0.04284   0.01120   0.02797   0.00918   0.01379   0.00000   0.00982   0.00342   0.01010   0.00000   0.00000   0.02123   0.01675   0.00331   0.00327   0.00000   0.01001   0.00669   0.01319   0.01377   0.01293   0.11639   0.11469   0.00247   0.01174   0.09962   0.02801   0.01450   0.02462   0.00000   0.00660   0.00659   0.00000   0.00988   0.00991   0.03212   0.00985   0.00000   0.02913   0.04936   0.01012   0.00987   0.01740   0.01582   0.01408   0.11476   0.01077   0.01340   0.00328   0.00330   0.02337   0.01988   0.02378   0.01629   0.06209   0.11862   0.10482   0.02014   0.00660   0.13454   4.25332   0.31386  
106  0.0007   4501.342166  x:  0.02435   0.01628   0.00674   0.00000   0.00000   0.00672   0.23532   0.03195   0.02555   0.04405   0.00821   0.04280   0.01119   0.02798   0.00917   0.01377   0.00000   0.00982   0.00343   0.01008   0.00000   0.00000   0.02123   0.01678   0.00331   0.00326   0.00000   0.01002   0.00669   0.01319   0.01379   0.01295   0.11630   0.11472   0.00247   0.01169   0.09967   0.02800   0.01447   0.02464   0.00000   0.00660   0.00659   0.00000   0.00990   0.00990   0.03209   0.00990   0.00000   0.02908   0.04941   0.01011   0.00989   0.01742   0.01582   0.01407   0.11476   0.01075   0.01340   0.00330   0.00330   0.02333   0.01987   0.02375   0.01631   0.06212   0.11863   0.10482   0.02011   0.00659   0.13455   4.25276   0.31371  
107  0.0003   4501.342069  x:  0.02438   0.01629   0.00672   0.00000   0.00000   0.00672   0.23532   0.03191   0.02552   0.04407   0.00821   0.04280   0.01119   0.02800   0.00917   0.01377   0.00000   0.00982   0.00343   0.01008   0.00000   0.00000   0.02124   0.01677   0.00331   0.00327   0.00000   0.01003   0.00670   0.01319   0.01380   0.01295   0.11631   0.11474   0.00247   0.01171   0.09964   0.02798   0.01446   0.02460   0.00000   0.00659   0.00659   0.00000   0.00990   0.00990   0.03212   0.00993   0.00000   0.02907   0.04938   0.01010   0.00990   0.01741   0.01581   0.01406   0.11472   0.01075   0.01339   0.00332   0.00330   0.02333   0.01987   0.02374   0.01631   0.06210   0.11866   0.10487   0.02014   0.00659   0.13453   4.25253   0.31371  
108  0.0002   4501.342041  x:  0.02440   0.01629   0.00673   0.00000   0.00000   0.00672   0.23534   0.03190   0.02552   0.04408   0.00821   0.04280   0.01119   0.02800   0.00917   0.01378   0.00000   0.00982   0.00343   0.01008   0.00000   0.00000   0.02125   0.01677   0.00331   0.00328   0.00000   0.01003   0.00670   0.01319   0.01380   0.01294   0.11632   0.11473   0.00248   0.01171   0.09964   0.02797   0.01446   0.02460   0.00000   0.00660   0.00659   0.00000   0.00989   0.00991   0.03210   0.00994   0.00000   0.02909   0.04939   0.01010   0.00989   0.01741   0.01580   0.01406   0.11474   0.01075   0.01339   0.00332   0.00331   0.02334   0.01987   0.02374   0.01630   0.06210   0.11864   0.10483   0.02015   0.00660   0.13453   4.25222   0.31373  
109  0.0003   4501.342030  x:  0.02440   0.01628   0.00673   0.00000   0.00000   0.00672   0.23535   0.03189   0.02552   0.04408   0.00821   0.04280   0.01119   0.02800   0.00917   0.01378   0.00000   0.00982   0.00344   0.01009   0.00000   0.00000   0.02126   0.01676   0.00331   0.00328   0.00000   0.01003   0.00670   0.01319   0.01379   0.01293   0.11633   0.11474   0.00248   0.01171   0.09964   0.02797   0.01446   0.02460   0.00000   0.00660   0.00659   0.00000   0.00989   0.00991   0.03211   0.00994   0.00000   0.02908   0.04940   0.01011   0.00989   0.01741   0.01580   0.01406   0.11472   0.01075   0.01339   0.00332   0.00331   0.02334   0.01987   0.02373   0.01632   0.06211   0.11862   0.10483   0.02014   0.00659   0.13454   4.25212   0.31375  
110  0.0001   4501.342023  x:  0.02441   0.01629   0.00672   0.00000   0.00000   0.00672   0.23534   0.03189   0.02552   0.04407   0.00821   0.04280   0.01119   0.02799   0.00916   0.01377   0.00000   0.00982   0.00344   0.01009   0.00000   0.00000   0.02126   0.01675   0.00331   0.00328   0.00000   0.01003   0.00670   0.01319   0.01379   0.01293   0.11632   0.11474   0.00248   0.01171   0.09964   0.02797   0.01447   0.02460   0.00000   0.00660   0.00659   0.00000   0.00989   0.00991   0.03210   0.00993   0.00000   0.02909   0.04940   0.01011   0.00989   0.01741   0.01580   0.01406   0.11474   0.01075   0.01338   0.00332   0.00331   0.02333   0.01987   0.02373   0.01631   0.06211   0.11864   0.10483   0.02014   0.00659   0.13453   4.25212   0.31376  
111  0.0000   4501.342020  x:  0.02441   0.01629   0.00673   0.00000   0.00000   0.00672   0.23534   0.03189   0.02552   0.04407   0.00821   0.04281   0.01119   0.02799   0.00916   0.01378   0.00000   0.00982   0.00344   0.01009   0.00000   0.00000   0.02126   0.01675   0.00331   0.00328   0.00000   0.01003   0.00670   0.01319   0.01379   0.01294   0.11633   0.11473   0.00248   0.01171   0.09964   0.02797   0.01447   0.02460   0.00000   0.00660   0.00659   0.00000   0.00989   0.00991   0.03211   0.00993   0.00000   0.02908   0.04940   0.01011   0.00989   0.01741   0.01580   0.01406   0.11473   0.01075   0.01338   0.00332   0.00331   0.02334   0.01987   0.02373   0.01631   0.06211   0.11864   0.10484   0.02013   0.00659   0.13453   4.25208   0.31374  
112  0.0000   4501.342018  x:  0.02440   0.01629   0.00673   0.00000   0.00000   0.00672   0.23534   0.03189   0.02551   0.04407   0.00821   0.04281   0.01119   0.02799   0.00916   0.01378   0.00000   0.00982   0.00345   0.01009   0.00000   0.00000   0.02126   0.01675   0.00331   0.00328   0.00000   0.01003   0.00670   0.01319   0.01379   0.01294   0.11633   0.11474   0.00248   0.01171   0.09964   0.02798   0.01447   0.02461   0.00000   0.00660   0.00659   0.00000   0.00989   0.00990   0.03210   0.00993   0.00000   0.02908   0.04939   0.01011   0.00989   0.01741   0.01581   0.01406   0.11474   0.01074   0.01338   0.00332   0.00331   0.02334   0.01987   0.02374   0.01631   0.06211   0.11864   0.10484   0.02014   0.00659   0.13453   4.25206   0.31373  
113  0.0000   4501.342016  x:  0.02440   0.01629   0.00673   0.00000   0.00000   0.00672   0.23533   0.03190   0.02551   0.04407   0.00821   0.04281   0.01119   0.02800   0.00916   0.01378   0.00000   0.00982   0.00345   0.01009   0.00000   0.00000   0.02126   0.01675   0.00331   0.00328   0.00000   0.01003   0.00670   0.01319   0.01379   0.01293   0.11633   0.11474   0.00248   0.01171   0.09964   0.02797   0.01447   0.02460   0.00000   0.00660   0.00659   0.00000   0.00989   0.00991   0.03211   0.00993   0.00000   0.02908   0.04940   0.01011   0.00989   0.01741   0.01581   0.01406   0.11473   0.01074   0.01338   0.00332   0.00331   0.02334   0.01987   0.02374   0.01631   0.06211   0.11863   0.10484   0.02014   0.00659   0.13453   4.25210   0.31374  
114  0.0000   4501.342016  x:  0.02440   0.01629   0.00673   0.00000   0.00000   0.00672   0.23534   0.03190   0.02552   0.04407   0.00821   0.04280   0.01119   0.02799   0.00916   0.01378   0.00000   0.00982   0.00345   0.01009   0.00000   0.00000   0.02126   0.01675   0.00331   0.00328   0.00000   0.01003   0.00670   0.01319   0.01379   0.01294   0.11633   0.11474   0.00248   0.01171   0.09964   0.02797   0.01447   0.02460   0.00000   0.00660   0.00659   0.00000   0.00989   0.00991   0.03210   0.00993   0.00000   0.02908   0.04940   0.01011   0.00989   0.01741   0.01581   0.01406   0.11474   0.01074   0.01338   0.00332   0.00331   0.02334   0.01987   0.02374   0.01631   0.06211   0.11864   0.10484   0.02014   0.00659   0.13453   4.25211   0.31374  
115  0.0000   4501.342016  x:  0.02440   0.01629   0.00673   0.00000   0.00000   0.00672   0.23534   0.03190   0.02552   0.04407   0.00821   0.04280   0.01119   0.02799   0.00916   0.01378   0.00000   0.00982   0.00345   0.01009   0.00000   0.00000   0.02126   0.01675   0.00331   0.00328   0.00000   0.01003   0.00670   0.01319   0.01379   0.01294   0.11633   0.11474   0.00248   0.01171   0.09964   0.02797   0.01447   0.02460   0.00000   0.00660   0.00659   0.00000   0.00989   0.00991   0.03211   0.00993   0.00000   0.02908   0.04940   0.01011   0.00989   0.01741   0.01580   0.01406   0.11474   0.01075   0.01338   0.00332   0.00331   0.02334   0.01987   0.02374   0.01631   0.06211   0.11863   0.10484   0.02014   0.00659   0.13453   4.25208   0.31374  
116  0.0000   4501.342015  x:  0.02440   0.01629   0.00673   0.00000   0.00000   0.00672   0.23534   0.03190   0.02552   0.04407   0.00821   0.04280   0.01119   0.02799   0.00916   0.01378   0.00000   0.00982   0.00345   0.01009   0.00000   0.00000   0.02126   0.01675   0.00331   0.00328   0.00000   0.01003   0.00670   0.01319   0.01379   0.01294   0.11633   0.11474   0.00248   0.01171   0.09964   0.02797   0.01447   0.02460   0.00000   0.00660   0.00659   0.00000   0.00989   0.00991   0.03211   0.00993   0.00000   0.02908   0.04940   0.01011   0.00989   0.01741   0.01580   0.01406   0.11474   0.01075   0.01338   0.00332   0.00331   0.02334   0.01987   0.02374   0.01631   0.06211   0.11863   0.10484   0.02014   0.00659   0.13453   4.25206   0.31374  
117  0.0000   4501.342015  x:  0.02440   0.01629   0.00673   0.00000   0.00000   0.00672   0.23534   0.03190   0.02552   0.04407   0.00821   0.04280   0.01119   0.02799   0.00916   0.01378   0.00000   0.00982   0.00345   0.01009   0.00000   0.00000   0.02126   0.01675   0.00331   0.00328   0.00000   0.01003   0.00670   0.01319   0.01379   0.01294   0.11633   0.11474   0.00248   0.01171   0.09964   0.02797   0.01447   0.02460   0.00000   0.00660   0.00659   0.00000   0.00989   0.00991   0.03211   0.00993   0.00000   0.02908   0.04940   0.01011   0.00989   0.01741   0.01580   0.01406   0.11474   0.01075   0.01338   0.00332   0.00331   0.02334   0.01987   0.02374   0.01631   0.06211   0.11864   0.10484   0.02014   0.00659   0.13453   4.25206   0.31374  
118  0.0000   4501.342015  x:  0.02440   0.01629   0.00673   0.00000   0.00000   0.00672   0.23534   0.03190   0.02552   0.04407   0.00821   0.04280   0.01119   0.02799   0.00916   0.01378   0.00000   0.00982   0.00345   0.01009   0.00000   0.00000   0.02126   0.01675   0.00331   0.00328   0.00000   0.01003   0.00670   0.01319   0.01379   0.01294   0.11633   0.11474   0.00248   0.01171   0.09964   0.02797   0.01447   0.02460   0.00000   0.00660   0.00659   0.00000   0.00989   0.00991   0.03211   0.00993   0.00000   0.02908   0.04940   0.01011   0.00989   0.01741   0.01580   0.01406   0.11474   0.01075   0.01338   0.00332   0.00331   0.02334   0.01987   0.02374   0.01631   0.06211   0.11863   0.10484   0.02014   0.00659   0.13453   4.25206   0.31374  
119  0.0000   4501.342015  x:  0.02440   0.01629   0.00673   0.00000   0.00000   0.00672   0.23534   0.03190   0.02552   0.04407   0.00821   0.04280   0.01119   0.02799   0.00916   0.01378   0.00000   0.00982   0.00345   0.01009   0.00000   0.00000   0.02126   0.01675   0.00331   0.00328   0.00000   0.01003   0.00670   0.01319   0.01379   0.01294   0.11633   0.11474   0.00248   0.01171   0.09964   0.02797   0.01447   0.02460   0.00000   0.00660   0.00659   0.00000   0.00989   0.00991   0.03211   0.00993   0.00000   0.02908   0.04940   0.01011   0.00989   0.01741   0.01580   0.01406   0.11474   0.01075   0.01338   0.00332   0.00331   0.02334   0.01987   0.02374   0.01631   0.06211   0.11863   0.10484   0.02014   0.00659   0.13453   4.25207   0.31374  
120  0.0000   4501.342015  x:  0.02440   0.01629   0.00673   0.00000   0.00000   0.00672   0.23534   0.03190   0.02552   0.04407   0.00821   0.04280   0.01119   0.02799   0.00916   0.01378   0.00000   0.00982   0.00345   0.01009   0.00000   0.00000   0.02126   0.01675   0.00331   0.00328   0.00000   0.01003   0.00670   0.01319   0.01379   0.01294   0.11633   0.11474   0.00248   0.01171   0.09964   0.02797   0.01447   0.02460   0.00000   0.00660   0.00659   0.00000   0.00989   0.00991   0.03211   0.00993   0.00000   0.02908   0.04940   0.01011   0.00989   0.01741   0.01580   0.01406   0.11474   0.01075   0.01338   0.00332   0.00331   0.02334   0.01987   0.02374   0.01631   0.06211   0.11863   0.10484   0.02014   0.00659   0.13453   4.25207   0.31374  
121  0.0000   4501.342015  x:  0.02440   0.01629   0.00673   0.00000   0.00000   0.00672   0.23534   0.03190   0.02552   0.04407   0.00821   0.04280   0.01119   0.02799   0.00916   0.01378   0.00000   0.00982   0.00345   0.01009   0.00000   0.00000   0.02126   0.01675   0.00331   0.00328   0.00000   0.01003   0.00670   0.01319   0.01379   0.01294   0.11633   0.11474   0.00248   0.01171   0.09964   0.02797   0.01447   0.02460   0.00000   0.00660   0.00659   0.00000   0.00989   0.00991   0.03211   0.00993   0.00000   0.02908   0.04940   0.01011   0.00989   0.01741   0.01580   0.01406   0.11474   0.01075   0.01338   0.00332   0.00331   0.02334   0.01987   0.02374   0.01631   0.06211   0.11863   0.10484   0.02014   0.00659   0.13453   4.25207   0.31374  
122  0.0000   4501.342015  x:  0.02440   0.01629   0.00673   0.00000   0.00000   0.00672   0.23534   0.03190   0.02552   0.04407   0.00821   0.04280   0.01119   0.02799   0.00916   0.01378   0.00000   0.00982   0.00345   0.01009   0.00000   0.00000   0.02126   0.01675   0.00331   0.00328   0.00000   0.01003   0.00670   0.01319   0.01379   0.01294   0.11633   0.11474   0.00248   0.01171   0.09964   0.02797   0.01447   0.02460   0.00000   0.00660   0.00659   0.00000   0.00989   0.00991   0.03211   0.00993   0.00000   0.02908   0.04940   0.01011   0.00989   0.01741   0.01580   0.01406   0.11474   0.01075   0.01338   0.00332   0.00331   0.02334   0.01987   0.02374   0.01631   0.06211   0.11863   0.10484   0.02014   0.00659   0.13453   4.25207   0.31374  
123  0.0000   4501.342015  x:  0.02440   0.01629   0.00673   0.00000   0.00000   0.00672   0.23534   0.03190   0.02552   0.04407   0.00821   0.04280   0.01119   0.02799   0.00916   0.01378   0.00000   0.00982   0.00345   0.01009   0.00000   0.00000   0.02126   0.01675   0.00331   0.00328   0.00000   0.01003   0.00670   0.01319   0.01379   0.01294   0.11633   0.11474   0.00248   0.01171   0.09964   0.02797   0.01447   0.02460   0.00000   0.00660   0.00659   0.00000   0.00989   0.00991   0.03211   0.00993   0.00000   0.02908   0.04940   0.01011   0.00989   0.01741   0.01580   0.01406   0.11474   0.01075   0.01338   0.00332   0.00331   0.02334   0.01987   0.02374   0.01631   0.06211   0.11863   0.10484   0.02014   0.00659   0.13453   4.25207   0.31374  