

TREE # 1

  0  0.0000   2988.049837  x:  0.00566   0.00000   0.09752   0.24310   0.07832   0.07668   0.03118   0.02265   0.01754   0.32956   0.07655   0.02496   0.01266   1.11718   1.09874  
  1 99.0000   2985.333037  x:  0.00000   0.00959   0.09870   0.24483   0.08115   0.07637   0.02864   0.01986   0.00998   0.33211   0.07640   0.01956   0.00868   1.12148   1.09552  
  2 390.9309   2983.310976  x:  0.00505   0.01217   0.09999   0.24720   0.08495   0.07632   0.02566   0.01686   0.00000   0.33574   0.07658   0.01339   0.00608   1.12775   1.09080  
  3 509.2150   2980.985359  x:  0.00368   0.00856   0.10202   0.25258   0.09262   0.07674   0.02104   0.01356   0.00000   0.34415   0.07744   0.00681   0.01073   1.14251   1.07967  
  4 387.5612   2974.109283  x:  0.00176   0.00000   0.10903   0.27145   0.11808   0.07813   0.01042   0.00856   0.00000   0.37370   0.08029   0.01307   0.00839   1.19551   1.03950  
  5 909.8813   2974.109283  x:  0.00176   0.00000   0.10903   0.27145   0.11808   0.07813   0.01042   0.00856   0.00000   0.37370   0.08029   0.01307   0.00839   1.19551   1.03950  
  6 2064.4161   2969.789149  x:  0.00141   0.00395   0.10857   0.27170   0.11636   0.07824   0.02475   0.02012   0.00000   0.37432   0.08037   0.01484   0.00935   1.19831   1.03709  
  7 616.1025   2968.802636  x:  0.00172   0.00000   0.10746   0.27202   0.11333   0.07844   0.02667   0.01991   0.00000   0.37541   0.08044   0.01564   0.00911   1.20344   1.03266  
  8 161.7091   2960.722939  x:  0.00273   0.00362   0.09464   0.27704   0.07330   0.08047   0.03560   0.00720   0.00000   0.39060   0.08167   0.02056   0.00714   1.27543   0.97019  
  9 504.7988   2954.726551  x:  0.00042   0.00365   0.08577   0.28117   0.04668   0.08192   0.02760   0.01590   0.00000   0.40379   0.08236   0.01776   0.01071   1.34141   0.91223  
 10 1339.1854   2946.548540  x:  0.03483   0.00515   0.07391   0.29030   0.03361   0.08491   0.01895   0.02734   0.00000   0.43472   0.08374   0.00944   0.00665   1.50817   0.76330  
 11 1319.2927   2897.509595  x:  0.04759   0.00544   0.05530   0.31777   0.06110   0.08909   0.00814   0.03282   0.00000   0.53398   0.08333   0.03841   0.03388   2.06926   0.25678  
 12 3079.6096   2887.678845  x:  0.03907   0.00380   0.06387   0.32197   0.06649   0.08896   0.01216   0.03070   0.00000   0.54980   0.08236   0.02376   0.02657   2.17718   0.15935  
 13 2795.5988   2884.986303  x:  0.03353   0.00414   0.06449   0.32413   0.06958   0.08907   0.00938   0.03434   0.00000   0.55034   0.08262   0.02942   0.00895   2.22545   0.15829  
 14 157.4749   2869.114481  x:  0.01993   0.00168   0.07495   0.33766   0.08786   0.09038   0.01550   0.03042   0.00000   0.54199   0.08519   0.00627   0.00448   2.57027   0.20805  
 15 419.4111   2863.297202  x:  0.02446   0.00031   0.12732   0.33701   0.08228   0.08637   0.01364   0.03134   0.00000   0.51834   0.08227   0.01317   0.00818   2.76054   0.23230  
 16 805.8525   2858.677162  x:  0.02511   0.00095   0.11908   0.29191   0.08161   0.06783   0.01392   0.03121   0.00000   0.42361   0.06821   0.01277   0.00823   2.88070   0.23307  
 17 130.1127   2857.739002  x:  0.02453   0.00115   0.11806   0.28135   0.08189   0.08176   0.01387   0.03115   0.00000   0.39669   0.07923   0.01297   0.00834   2.90755   0.23205  
 18 148.9713   2857.680591  x:  0.02449   0.00108   0.11750   0.29094   0.08200   0.08244   0.01389   0.03112   0.00000   0.39043   0.07805   0.01299   0.00841   2.90911   0.23124  
 19  8.4508   2857.666457  x:  0.02445   0.00103   0.11744   0.29203   0.08202   0.08068   0.01391   0.03111   0.00000   0.38979   0.08022   0.01300   0.00842   2.90972   0.23117  
 20  3.5156   2853.997703  x:  0.01752   0.00000   0.11266   0.29427   0.08631   0.08128   0.01759   0.02862   0.00000   0.39489   0.08064   0.01492   0.00757   3.01930   0.24066  
 21  1.6671   2848.829538  x:  0.00000   0.00000   0.10931   0.29820   0.09562   0.08298   0.02118   0.02188   0.00000   0.40367   0.08174   0.01113   0.01253   3.27571   0.25152  
 22  0.9230   2847.414583  x:  0.00000   0.00000   0.10879   0.30054   0.10497   0.08625   0.02585   0.01522   0.00000   0.40754   0.08384   0.01511   0.00876   3.64398   0.26204  
 23  0.4540   2847.143546  x:  0.00000   0.00000   0.10851   0.29130   0.10581   0.08426   0.02619   0.01846   0.00000   0.40782   0.08053   0.01586   0.00956   3.79366   0.25489  
 24  0.0584   2847.052883  x:  0.00000   0.00000   0.10998   0.30009   0.10543   0.08526   0.02673   0.01824   0.00000   0.41318   0.08272   0.01549   0.00985   3.91577   0.25355  
 25  0.0734   2847.005422  x:  0.00000   0.00000   0.10757   0.29921   0.10169   0.08520   0.02673   0.01816   0.00000   0.40876   0.08247   0.01539   0.00953   3.97839   0.25666  
 26  0.0240   2846.998486  x:  0.00000   0.00000   0.10811   0.29857   0.10054   0.08539   0.02639   0.01834   0.00000   0.41176   0.08243   0.01522   0.00952   3.97432   0.25773  
 27  0.0042   2846.998007  x:  0.00000   0.00000   0.10793   0.29855   0.10070   0.08529   0.02621   0.01832   0.00000   0.41173   0.08247   0.01521   0.00962   3.97306   0.25806  
 28  0.0007   2846.997823  x:  0.00000   0.00000   0.10804   0.29860   0.10074   0.08527   0.02610   0.01831   0.00000   0.41165   0.08242   0.01525   0.00956   3.97677   0.25809  
 29  0.0023   2846.997808  x:  0.00000   0.00000   0.10802   0.29859   0.10072   0.08532   0.02609   0.01830   0.00000   0.41168   0.08244   0.01525   0.00957   3.97748   0.25797  
 30  0.0005   2846.997807  x:  0.00000   0.00000   0.10802   0.29859   0.10071   0.08531   0.02609   0.01830   0.00000   0.41167   0.08244   0.01525   0.00957   3.97695   0.25794  
 31  0.0004   2846.997807  x:  0.00000   0.00000   0.10802   0.29859   0.10071   0.08531   0.02609   0.01830   0.00000   0.41167   0.08244   0.01525   0.00957   3.97697   0.25794  
 32  0.0000   2846.997807  x:  0.00000   0.00000   0.10803   0.29859   0.10071   0.08531   0.02609   0.01830   0.00000   0.41167   0.08244   0.01525   0.00957   3.97699   0.25794  
 33  0.0000   2846.997807  x:  0.00000   0.00000   0.10803   0.29859   0.10071   0.08531   0.02609   0.01830   0.00000   0.41167   0.08244   0.01525   0.00957   3.97698   0.25794  
 34  0.0000   2846.997807  x:  0.00000   0.00000   0.10803   0.29859   0.10071   0.08531   0.02609   0.01830   0.00000   0.41167   0.08244   0.01525   0.00957   3.97698   0.25794  
 35  0.0000   2846.997807  x:  0.00000   0.00000   0.10803   0.29859   0.10071   0.08531   0.02609   0.01830   0.00000   0.41167   0.08244   0.01525   0.00957   3.97698   0.25794  
 36  0.0000   2846.997807  x:  0.00000   0.00000   0.10803   0.29859   0.10071   0.08531   0.02609   0.01830   0.00000   0.41167   0.08244   0.01525   0.00957   3.97698   0.25794  
 37  0.3002   2846.997807  x:  0.00000   0.00000   0.10803   0.29859   0.10071   0.08531   0.02609   0.01830   0.00000   0.41167   0.08244   0.01525   0.00957   3.97698   0.25794  
 38  0.0000   2846.997807  x:  0.00000   0.00000   0.10803   0.29859   0.10071   0.08531   0.02609   0.01830   0.00000   0.41167   0.08244   0.01525   0.00957   3.97698   0.25794  
check convergence!
