

TREE # 1

  0  0.0000   7008.025951  x:  0.07480   0.14425   0.29902   0.07353   0.00000   0.31601   0.37385   0.16910   0.15775   0.23960   0.12013   0.13550   0.23559   1.16392   1.08774  
  1 99.0000   6619.590513  x:  0.50582   0.38405   0.52777   0.26954   0.53839   0.50210   0.51138   0.38834   0.35800   0.44994   0.28847   0.37645   0.47014   1.26478   0.90778  
  2 1597.5740   6323.553974  x:  0.44762   0.32073   0.73957   0.19691   0.45350   0.63252   0.64644   0.47671   0.38339   0.51018   0.22805   0.36338   0.63030   1.53452   0.21339  
  3 418.2291   6300.563996  x:  0.42351   0.16375   0.89924   0.15342   0.36281   0.74027   0.75912   0.50948   0.37153   0.58436   0.27125   0.39719   0.74009   1.62491   0.26116  
  4 152.8029   6292.148120  x:  0.56131   0.11825   0.97691   0.09855   0.23932   0.78139   0.80584   0.46167   0.30098   0.64044   0.33516   0.42264   0.75869   1.57450   0.23692  
  5 82.5784   6290.246089  x:  0.59812   0.14185   1.01662   0.08741   0.17957   0.80000   0.82793   0.48005   0.32427   0.66458   0.30430   0.39913   0.76623   1.53713   0.24270  
  6 45.4415   6289.483509  x:  0.60451   0.11574   1.03065   0.10074   0.16684   0.80735   0.83431   0.48971   0.34428   0.68364   0.28819   0.39691   0.76349   1.49044   0.23171  
  7 27.9224   6289.024850  x:  0.57558   0.13103   1.05448   0.11152   0.16294   0.82082   0.84470   0.47980   0.33450   0.69936   0.28358   0.41282   0.76609   1.45473   0.22467  
  8 11.9973   6288.016030  x:  0.55972   0.13244   1.07714   0.05159   0.18730   0.83561   0.86545   0.49078   0.33016   0.69595   0.27645   0.41335   0.75826   1.44585   0.21993  
  9  3.8729   6281.693042  x:  0.54318   0.13128   1.19302   0.07446   0.18232   0.84747   0.93501   0.51211   0.27280   0.65955   0.26303   0.31978   0.81955   1.58766   0.20377  
 10  9.3602   6277.975143  x:  0.52355   0.14591   1.22886   0.07628   0.11232   0.84062   0.95429   0.54158   0.31847   0.64066   0.28208   0.37909   0.84362   1.69550   0.19073  
 11 43.1465   6276.954374  x:  0.52966   0.14446   1.21861   0.07195   0.10308   0.86028   0.94860   0.51260   0.32713   0.67200   0.23725   0.40687   0.84944   1.74085   0.19304  
 12 22.7859   6276.591802  x:  0.52057   0.15023   1.19651   0.06558   0.09674   0.88889   0.93639   0.49724   0.34490   0.71579   0.25176   0.39087   0.84887   1.76017   0.19151  
 13 12.4437   6276.540504  x:  0.52031   0.15097   1.18590   0.06713   0.09284   0.90553   0.93028   0.51114   0.33501   0.71709   0.25080   0.39279   0.85006   1.76145   0.19143  
 14  2.6564   6276.349631  x:  0.51892   0.15177   1.17114   0.06675   0.08852   0.93684   0.94214   0.49707   0.34685   0.68758   0.25311   0.39104   0.87430   1.76522   0.19231  
 15  0.8084   6275.348155  x:  0.49302   0.15826   1.17866   0.05075   0.07401   0.90895   0.97029   0.51694   0.33790   0.71325   0.25608   0.38973   0.90792   1.83792   0.20508  
 16  1.8230   6275.252320  x:  0.49258   0.15751   1.19901   0.05636   0.07340   0.92241   0.96291   0.51441   0.34174   0.70685   0.25785   0.38902   0.87959   1.85308   0.20705  
 17  4.0416   6275.248910  x:  0.49233   0.15714   1.20243   0.05492   0.07361   0.92256   0.95617   0.51399   0.34212   0.70612   0.25774   0.38876   0.88281   1.85292   0.20712  
 18  0.3978   6275.159979  x:  0.48252   0.15406   1.21417   0.05342   0.07118   0.92916   0.97099   0.51391   0.33668   0.70405   0.25251   0.38486   0.88821   1.87132   0.20512  
 19  0.0556   6275.147151  x:  0.48644   0.15329   1.21157   0.05440   0.06559   0.92769   0.97038   0.51260   0.33565   0.70247   0.25328   0.38199   0.88561   1.87392   0.20535  
 20  0.0062   6275.131980  x:  0.48181   0.15426   1.19914   0.05557   0.06789   0.92201   0.96338   0.51054   0.33452   0.69821   0.25372   0.38007   0.87852   1.87113   0.20637  
 21  0.0088   6275.129173  x:  0.48014   0.15453   1.19830   0.05489   0.06537   0.92193   0.96422   0.51024   0.33546   0.69868   0.25250   0.38149   0.87876   1.86783   0.20662  
 22  0.0039   6275.129094  x:  0.48023   0.15445   1.19867   0.05484   0.06542   0.92224   0.96440   0.51013   0.33534   0.69867   0.25252   0.38127   0.87845   1.86672   0.20660  
 23  0.0011   6275.129094  x:  0.48022   0.15445   1.19866   0.05486   0.06540   0.92223   0.96439   0.51013   0.33531   0.69869   0.25252   0.38126   0.87847   1.86670   0.20660  
 24  0.0001   6275.129094  x:  0.48022   0.15445   1.19866   0.05486   0.06540   0.92223   0.96439   0.51013   0.33531   0.69869   0.25252   0.38126   0.87848   1.86670   0.20660  
 25  0.0000   6275.129094  x:  0.48022   0.15445   1.19866   0.05486   0.06540   0.92223   0.96439   0.51013   0.33531   0.69869   0.25252   0.38126   0.87848   1.86670   0.20660  