Acanthisitta_chloris Aquila_chrysaetos Colius_striatus Falco_peregrinus Falco_tinnunculus Haliaeetus_leucocephalus Leptosomus_discolor Tyto_alba
1.0834e-06 0.00019428 0.081362 0.0048519 0.0012007 0.00010267 2.3505e-05 1.4679e-05
9.5382e-07 0.00019263 0.079914 0.0048508 0.0011978 9.8972e-05 2.2542e-05 1.3691e-05
8.5959e-07 0.00019101 0.078786 0.0048498 0.001195 9.5339e-05 2.1655e-05 1.2772e-05
7.5001e-07 0.00018937 0.077507 0.0048488 0.0011922 9.1668e-05 2.073e-05 1.1818e-05
6.2198e-07 0.00018771 0.076056 0.0048477 0.0011894 8.7959e-05 1.9765e-05 1.0827e-05
4.7026e-07 0.00018602 0.074398 0.0048465 0.0011865 8.4208e-05 1.8754e-05 9.7954e-06
3.5972e-07 0.00018438 0.073095 0.0048455 0.0011837 8.0521e-05 1.7821e-05 8.8342e-06
2.799e-07 0.00018276 0.072093 0.0048446 0.0011809 7.69e-05 1.6964e-05 7.9409e-06
1.9222e-07 0.00018113 0.070903 0.0048436 0.0011781 7.323e-05 1.6058e-05 7.8634e-06
1.3167e-07 0.00017953 0.067003 0.0048427 0.0011753 6.9633e-05 1.5234e-05 7.8003e-06
8.8758e-08 0.00017796 0.063934 0.004842 0.0011726 6.6103e-05 1.4495e-05 7.75e-06
8.4741e-08 0.00017638 0.060385 0.0048411 0.0011698 6.2526e-05 1.3712e-05 7.6887e-06
8.3219e-08 0.00017482 0.057593 0.0048404 0.0011671 5.9015e-05 1.2997e-05 7.6402e-06
7.9818e-08 0.00017325 0.054385 0.0048397 0.0011643 5.5459e-05 1.2241e-05 7.5812e-06
7.8785e-08 0.00017171 0.051866 0.004839 0.0011616 5.1969e-05 1.155e-05 7.5349e-06
8.0199e-08 0.00017021 0.044126 0.0048385 0.0011589 4.8548e-05 1.0922e-05 7.5019e-06
7.9817e-08 0.0001686 0.035256 0.0048379 0.0011562 4.8253e-05 1.0258e-05 7.4588e-06
7.7548e-08 0.00016696 0.025019 0.0048373 0.0011534 4.794e-05 9.5549e-06 7.4048e-06
7.774e-08 0.00016537 0.017328 0.0048367 0.0011507 4.764e-05 7.3389e-06 7.3647e-06
7.6151e-08 0.00016375 0.0085065 0.0048361 0.001148 4.7322e-05 7.0178e-06 7.3143e-06
7.2641e-08 0.00016211 0.0071904 0.0048357 0.0011453 4.6987e-05 6.675e-06 7.2531e-06
7.1942e-08 0.00016043 0.0062231 0.0048353 0.0011427 4.6629e-05 6.3818e-06 6.901e-06
6.0878e-08 0.00015878 0.005463 0.0048352 0.00114 4.6282e-05 6.115e-06 6.5766e-06
5.393e-08 0.00015717 0.004866 0.0048351 0.0011374 4.5945e-05 5.8724e-06 6.2778e-06
4.4653e-08 0.00015554 0.0041712 0.0048349 0.0011348 4.5591e-05 5.6127e-06 5.961e-06
3.8469e-08 0.00015394 0.003632 0.0048349 0.0011323 4.5248e-05 5.3776e-06 5.6703e-06
3.4528e-08 0.00015239 0.0032136 0.0048351 0.0011297 4.4917e-05 5.165e-06 5.4036e-06
3.23e-08 0.00015086 0.00289 0.0048353 0.0011272 4.4596e-05 4.9731e-06 5.1589e-06
2.9726e-08 0.00014937 0.0026411 0.0048357 0.0011247 4.4287e-05 4.8001e-06 4.9347e-06
2.6805e-08 0.00014792 0.0024477 0.0048362 0.0011223 4.3986e-05 4.6435e-06 4.7279e-06
2.3538e-08 0.00014649 0.0023033 0.0048368 0.0011199 4.3697e-05 4.5031e-06 4.5388e-06
2.1757e-08 0.00014511 0.0021993 0.0048376 0.0011175 4.3417e-05 4.378e-06 4.3661e-06
2.1185e-08 0.00014375 0.0021269 0.0048385 0.0011151 4.3147e-05 4.266e-06 4.2074e-06
2.1729e-08 0.00014242 0.0020846 0.0048396 0.0011128 4.2887e-05 4.1672e-06 4.0629e-06
2.3224e-08 0.00014112 0.0020674 0.0048407 0.0011105 4.2635e-05 4.0797e-06 3.9303e-06
2.5828e-08 0.00013985 0.0020743 0.004842 0.0011082 4.2392e-05 4.0027e-06 3.8089e-06
2.7251e-08 0.00013856 0.0020611 0.0048432 0.001106 4.2133e-05 3.9166e-06 3.6781e-06
2.8326e-08 0.00013726 0.0020438 0.0048444 0.0011037 4.1868e-05 3.8285e-06 3.5453e-06
2.9055e-08 0.00013597 0.0020222 0.0048456 0.0011014 4.1595e-05 3.7384e-06 3.4105e-06
2.9435e-08 0.00013467 0.0019963 0.0048468 0.0010991 4.1315e-05 3.6464e-06 3.2738e-06
2.9469e-08 0.0001334 0.0019957 0.0048481 0.0010968 4.1045e-05 3.5652e-06 3.1484e-06
2.9155e-08 0.00013216 0.0020204 0.0048496 0.0010946 4.0783e-05 3.4943e-06 3.0338e-06
2.8494e-08 0.0001309 0.0020254 0.0048509 0.0010923 4.0506e-05 3.4149e-06 2.9105e-06
2.9005e-08 0.00012967 0.0020563 0.0048524 0.0010901 4.0238e-05 3.3456e-06 2.7975e-06
2.8382e-08 0.00012842 0.0020671 0.0048539 0.0010879 3.9954e-05 3.2679e-06 2.676e-06
2.6596e-08 0.00012715 0.0020578 0.0048553 0.0010856 3.9655e-05 3.1815e-06 2.5457e-06
2.5917e-08 0.00012591 0.002073 0.0048567 0.0010834 3.9364e-05 3.1047e-06 2.4252e-06
2.6405e-08 0.0001247 0.0021163 0.0048584 0.0010812 3.9082e-05 3.0379e-06 2.315e-06
2.6164e-08 0.00012347 0.0021369 0.0048599 0.0010789 3.8784e-05 2.9623e-06 2.1957e-06
2.7056e-08 0.00012226 0.0019825 0.0048616 0.0010767 3.8494e-05 2.896e-06 2.0861e-06
2.2253e-08 0.00012108 0.0018708 0.0048634 0.0010746 3.8215e-05 2.8396e-06 1.9861e-06
1.9166e-08 0.00011994 0.0017944 0.0048653 0.0010724 3.7946e-05 2.7924e-06 1.8952e-06
2.4019e-08 0.00011877 0.0016936 0.0048672 0.0010702 3.766e-05 2.7372e-06 1.7964e-06
3.1007e-08 0.00011763 0.0016232 0.0048691 0.0010681 3.7383e-05 2.6903e-06 1.7056e-06
3.1288e-08 0.00011652 0.0015816 0.0048713 0.001066 3.7116e-05 2.6521e-06 1.6229e-06
3.0273e-08 0.00011539 0.0015178 0.0048733 0.0010639 3.6832e-05 2.6059e-06 1.5325e-06
2.792e-08 0.00011423 0.0014308 0.0048753 0.0010617 3.6532e-05 2.5515e-06 1.4342e-06
2.4131e-08 0.00011306 0.0015829 0.0048772 0.0010596 3.6215e-05 2.4888e-06 1.3277e-06
2.1779e-08 0.00011192 0.0015785 0.0048792 0.0010574 3.5907e-05 2.4343e-06 1.2292e-06
2.0576e-08 0.0001108 0.0015972 0.0048813 0.0010553 3.5608e-05 2.3877e-06 1.1378e-06
1.8257e-08 0.00010966 0.0015853 0.0048836 0.0010532 3.5291e-05 2.3209e-06 1.1755e-06
1.4699e-08 0.0001085 0.0015535 0.0048858 0.0010511 3.4959e-05 2.2459e-06 1.2076e-06
1.2309e-08 0.00010737 0.0015449 0.0048882 0.0010491 3.4635e-05 2.1794e-06 1.2438e-06
1.0794e-08 0.00010626 0.0015591 0.0048907 0.001047 3.432e-05 2.1208e-06 1.2843e-06
9.9711e-09 0.00010518 0.0015968 0.0048933 0.001045 3.4013e-05 2.0698e-06 1.3294e-06
9.7395e-09 0.00010412 0.0016603 0.004896 0.001043 3.3714e-05 2.0258e-06 1.3794e-06
5.5201e-09 0.00010309 0.001759 0.0048854 0.0010413 3.3424e-05 1.8086e-06 1.4371e-06
6.0956e-09 0.00010204 0.0018334 0.0048747 0.0010395 3.3118e-05 1.8275e-06 1.4884e-06
5.9198e-09 0.00010097 0.0018848 0.0048638 0.0010377 3.2797e-05 1.8398e-06 1.5335e-06
6.1063e-09 9.9929e-05 0.0019657 0.0048532 0.0010359 3.2484e-05 1.8578e-06 1.5838e-06
6.8111e-09 9.8909e-05 0.0020807 0.0048427 0.0010342 3.2178e-05 1.8818e-06 1.6397e-06
6.7397e-09 9.7872e-05 0.0021691 0.0048321 0.0010324 3.1857e-05 1.8991e-06 1.6891e-06
3.3042e-09 9.686e-05 0.0022976 0.0048218 0.0010306 3.1545e-05 1.7991e-06 1.745e-06
3.6257e-09 9.583e-05 0.0023977 0.0048113 0.0010289 3.1217e-05 1.6902e-06 1.7942e-06
4.1708e-09 9.4824e-05 0.0025373 0.004801 0.0010272 3.0897e-05 1.591e-06 1.8493e-06
4.0368e-09 9.38e-05 0.0026473 0.0047906 0.0010254 3.0562e-05 1.4865e-06 1.8978e-06
4.1331e-09 9.2799e-05 0.0027992 0.0047804 0.0010237 3.0234e-05 1.3909e-06 1.9522e-06
4.4682e-09 9.1821e-05 0.0030013 0.0047703 0.001022 2.9913e-05 1.3036e-06 2.0129e-06
5.1299e-09 9.0866e-05 0.0032699 0.0047605 0.0010203 2.9601e-05 1.2245e-06 2.0808e-06
6.209e-09 8.9934e-05 0.0036219 0.0047505 0.0010186 2.9297e-05 1.153e-06 2.1565e-06
7.8512e-09 8.9025e-05 0.0040796 0.0047407 0.0010169 2.9001e-05 1.0885e-06 2.2404e-06
1.0282e-08 8.8138e-05 0.0046717 0.0047311 0.0010153 2.8713e-05 1.0303e-06 2.3332e-06
1.1713e-08 8.7235e-05 0.0051791 0.0047214 0.0010136 2.8409e-05 9.6535e-07 2.4177e-06
1.396e-08 8.6352e-05 0.0058247 0.0047119 0.001012 2.8112e-05 9.0604e-07 2.5106e-06
1.515e-08 8.5395e-05 0.0063774 0.0047023 0.0010103 2.924e-05 8.4009e-07 2.5951e-06
1.5992e-08 8.4459e-05 0.0070821 0.0046928 0.0010087 3.0387e-05 7.7959e-07 2.6883e-06
1.6485e-08 8.3506e-05 0.0076853 0.0046833 0.001007 3.1511e-05 7.1253e-07 2.7728e-06
1.663e-08 8.2574e-05 0.0078107 0.0046739 0.0010054 3.2655e-05 6.5074e-07 2.8662e-06
1.7713e-08 8.1665e-05 0.0080079 0.0046647 0.0010038 3.382e-05 5.9422e-07 2.9699e-06
1.9882e-08 8.0777e-05 0.0082896 0.0046556 0.0010022 3.5007e-05 5.4247e-07 3.0847e-06
2.3436e-08 7.9911e-05 0.0086741 0.0046468 0.0010007 3.6217e-05 4.9503e-07 3.2112e-06
2.1859e-08 7.9065e-05 0.0091764 0.0046381 0.0009992 3.7447e-05 4.5112e-07 3.3494e-06
1.904e-08 7.8202e-05 0.0095986 0.0046293 0.00099766 3.8654e-05 4.0178e-07 3.4772e-06
1.7353e-08 7.7359e-05 0.010149 0.0046207 0.00099615 3.9882e-05 3.5583e-07 3.6171e-06
1.66e-08 7.6535e-05 0.01086 0.0046123 0.00099467 4.1133e-05 3.1291e-07 3.7699e-06
1.3972e-08 7.5694e-05 0.011323 0.004604 0.00099322 4.2359e-05 3.2147e-07 3.8657e-06
1.2314e-08 7.4873e-05 0.011928 0.0045959 0.0009918 4.3607e-05 3.3125e-07 3.9723e-06
9.9827e-09 7.4036e-05 0.012442 0.0045877 0.00099035 4.4832e-05 3.37e-07 4.8515e-06
8.5063e-09 7.322e-05 0.013123 0.0045797 0.00098893 4.6082e-05 3.4421e-07 5.806e-06
6.0647e-09 7.2388e-05 0.013701 0.0045715 0.00098749 4.7308e-05 3.4733e-07 6.7158e-06
4.3425e-09 7.1576e-05 0.014462 0.0045636 0.00098608 4.8558e-05 3.519e-07 7.7029e-06
3.1037e-09 7.0783e-05 0.015454 0.0045558 0.0009847 4.9833e-05 3.5794e-07 8.774e-06
4.8802e-09 6.9975e-05 0.016306 0.0045479 0.00098329 5.1084e-05 3.5988e-07 9.7954e-06
6.0956e-09 6.9152e-05 0.017033 0.0045399 0.00098187 5.2312e-05 3.5774e-07 1.077e-05
7.891e-09 6.8348e-05 0.017984 0.0045321 0.00098047 5.3563e-05 3.5704e-07 1.1826e-05
8.8373e-09 6.753e-05 0.018806 0.0045242 0.00097905 5.4793e-05 3.524e-07 1.2837e-05
8.9462e-09 6.6697e-05 0.01951 0.0045162 0.0009776 5.5999e-05 3.4372e-07 1.3802e-05
8.2219e-09 6.5849e-05 0.020107 0.0045081 0.00097614 5.7182e-05 3.3097e-07 1.4724e-05
6.635e-09 6.4986e-05 0.02061 0.0045 0.00097466 5.8343e-05 3.1412e-07 1.5603e-05
5.6146e-09 6.4142e-05 0.021285 0.004492 0.0009732 5.9527e-05 2.9878e-07 1.6557e-05
3.7915e-09 6.3284e-05 0.021859 0.0044839 0.00097172 6.0688e-05 2.7945e-07 1.7469e-05
2.4532e-09 6.2446e-05 0.022626 0.0044759 0.00097027 6.1875e-05 2.6163e-07 1.7696e-05
1.376e-09 6.1625e-05 0.023618 0.0044682 0.00096885 6.3084e-05 2.4495e-07 1.7949e-05
4.6626e-10 6.0824e-05 0.023818 0.0044606 0.00096745 6.432e-05 2.2952e-07 1.8233e-05
6.1366e-10 6.0008e-05 0.023982 0.0044529 0.00096604 6.5531e-05 2.1021e-07 1.8497e-05
6.5884e-10 5.9211e-05 0.024269 0.0044453 0.00096465 6.6769e-05 1.9209e-07 1.8793e-05
5.9029e-10 5.8431e-05 0.024686 0.004438 0.00096328 6.8032e-05 1.7479e-07 1.912e-05
4.1839e-10 5.767e-05 0.024571 0.0044308 0.00096195 6.9323e-05 1.5918e-07 1.9079e-05
1.1694e-10 5.6926e-05 0.024566 0.0044237 0.00096064 7.0641e-05 1.4427e-07 1.906e-05
1.3688e-10 5.6168e-05 0.024493 0.0044166 0.00095931 7.1934e-05 1.835e-07 1.9026e-05
5.5768e-10 5.5396e-05 0.024354 0.0044096 0.00095801 7.3202e-05 2.1828e-07 1.8976e-05
5.0304e-10 5.461e-05 0.024147 0.0044025 0.00095669 7.4446e-05 4.7484e-07 1.8912e-05
1.6899e-09 5.3809e-05 0.02505 0.0043954 0.00095534 7.5665e-05 7.1668e-07 1.8832e-05
3.0529e-09 5.3024e-05 0.026188 0.0043883 0.00095402 7.6907e-05 9.7706e-07 1.8772e-05
3.8465e-09 5.2228e-05 0.027224 0.0043813 0.00095269 7.8132e-05 1.2272e-06 1.8701e-05
4.778e-09 5.1445e-05 0.028475 0.0043743 0.00095137 7.9374e-05 1.4935e-06 1.8646e-05
5.8839e-09 5.0674e-05 0.029969 0.0043674 0.00095007 8.0635e-05 1.7761e-06 1.8606e-05
7.2153e-09 4.9913e-05 0.031741 0.0043607 0.00094879 8.1913e-05 2.0757e-06 1.8579e-05
8.8405e-09 4.9163e-05 0.03383 0.0043541 0.00094752 8.3207e-05 2.3928e-06 1.8566e-05
9.876e-09 4.8405e-05 0.035794 0.0043474 0.00094625 8.4488e-05 2.701e-06 1.8545e-05
1.1187e-08 4.7656e-05 0.038073 0.0043408 0.00094499 8.5783e-05 3.0255e-06 1.8537e-05
1.2889e-08 4.6917e-05 0.040744 0.0043343 0.00094374 8.7094e-05 3.3689e-06 1.8541e-05
1.397e-08 4.617e-05 0.043263 0.0043278 0.00094248 8.8391e-05 3.7029e-06 1.8538e-05
1.444e-08 4.5417e-05 0.04564 0.0043212 0.00094121 8.9675e-05 4.028e-06 1.8528e-05
1.5314e-08 4.4672e-05 0.048423 0.0043148 0.00093996 9.0974e-05 4.372e-06 1.853e-05
1.6646e-08 4.3937e-05 0.048872 0.0043084 0.00093872 9.2291e-05 4.7363e-06 1.8546e-05
1.7348e-08 4.3195e-05 0.049275 0.004302 0.00093748 9.3594e-05 5.0912e-06 1.8555e-05
1.7429e-08 4.2446e-05 0.049636 0.0042956 0.00093622 9.4883e-05 5.437e-06 1.8556e-05
1.7012e-08 4.169e-05 0.049955 0.0042891 0.00093495 9.6158e-05 5.7737e-06 1.8551e-05
1.5956e-08 4.0927e-05 0.050231 0.0042826 0.00093367 9.7419e-05 6.1011e-06 1.8539e-05
1.5351e-08 4.0173e-05 0.050615 0.0042762 0.0009324 9.8697e-05 6.4483e-06 1.854e-05
1.5112e-08 3.9428e-05 0.051106 0.0042699 0.00093115 9.999e-05 6.8149e-06 1.8552e-05
1.4264e-08 3.8675e-05 0.051551 0.0042635 0.00092989 0.00010127 7.1719e-06 1.8558e-05
1.2782e-08 3.7916e-05 0.051948 0.0042571 0.00092862 0.00010253 7.5189e-06 1.8556e-05
1.1674e-08 3.7165e-05 0.052458 0.0042509 0.00092736 0.00010382 7.8861e-06 1.8566e-05
9.9409e-09 3.6406e-05 0.052918 0.0042445 0.00092609 0.00010508 8.2429e-06 1.8569e-05
7.5476e-09 3.564e-05 0.053326 0.0042382 0.00092481 0.00010633 8.5892e-06 1.8565e-05
5.5727e-09 3.4883e-05 0.053859 0.0042319 0.00092354 0.0001076 8.9576e-06 1.8573e-05
3.9248e-09 3.4136e-05 0.054536 0.0042257 0.00092229 0.00010889 9.3507e-06 1.8596e-05
2.5346e-09 3.3401e-05 0.055391 0.0042197 0.00092106 0.0001102 9.7724e-06 1.8634e-05
1.3862e-09 3.2678e-05 0.055264 0.0042138 0.00091986 0.00011154 1.023e-05 1.869e-05
2.0213e-09 3.1944e-05 0.056921 0.004208 0.00091868 0.00011285 1.0635e-05 1.8715e-05
2.0866e-09 3.1198e-05 0.058374 0.0042021 0.00091747 0.00011414 1.1019e-05 1.8727e-05
2.1902e-09 3.0465e-05 0.060206 0.0041964 0.0009163 0.00011546 1.1036e-05 1.8293e-05
1.7276e-09 2.972e-05 0.061823 0.0041906 0.0009151 0.00011675 1.1042e-05 1.7838e-05
1.3107e-09 2.8988e-05 0.063866 0.0041849 0.00091392 0.00011807 1.1064e-05 1.7418e-05
3.5587e-10 2.827e-05 0.065689 0.0041791 0.00091273 0.00011942 1.1075e-05 1.6979e-05
4.1955e-10 2.7542e-05 0.067323 0.0041733 0.00091152 0.00012075 1.1076e-05 1.6521e-05
3.0437e-10 2.6825e-05 0.069349 0.0041677 0.00091033 0.00012211 1.1092e-05 1.6096e-05
1.105e-09 2.6098e-05 0.071186 0.0041619 0.00090913 0.00012344 1.1098e-05 1.5653e-05
1.8885e-09 2.5382e-05 0.073409 0.0041563 0.00090794 0.0001248 1.1117e-05 1.5241e-05
2.7034e-09 2.4676e-05 0.07607 0.0041508 0.00090678 0.00012618 1.1149e-05 1.4855e-05
3.6026e-09 2.398e-05 0.079235 0.0041454 0.00090563 0.00012758 1.1194e-05 1.4495e-05
3.9732e-09 2.3275e-05 0.082206 0.0041399 0.00090447 0.00012897 1.1231e-05 1.4123e-05
4.4425e-09 2.258e-05 0.085712 0.0041346 0.00090333 0.00013038 1.1281e-05 1.3775e-05
4.3744e-09 2.1877e-05 0.089006 0.0041292 0.00090217 0.00013178 1.1323e-05 1.3414e-05
4.3765e-09 2.1182e-05 0.092837 0.0041239 0.00090103 0.00013319 1.1376e-05 1.3075e-05
4.478e-09 2.0495e-05 0.097338 0.0041187 0.00089991 0.00013463 1.1441e-05 1.2757e-05
4.6557e-09 1.9817e-05 0.10257 0.0041136 0.00089881 0.00013609 1.1518e-05 1.2458e-05
4.291e-09 1.913e-05 0.10749 0.0041084 0.00089769 0.00013753 1.1587e-05 1.2148e-05
4.0387e-09 1.8452e-05 0.11328 0.0041034 0.00089658 0.000139 1.1669e-05 1.1858e-05
3.8576e-09 1.7782e-05 0.11443 0.0040984 0.0008955 0.00014048 1.1764e-05 1.1587e-05
3.1414e-09 1.7104e-05 0.11549 0.0040934 0.0008944 0.00014195 1.1851e-05 1.1305e-05
2.517e-09 1.6414e-05 0.1168 0.0040885 0.00089332 0.0001434 1.1951e-05 1.1042e-05
1.9352e-09 1.5734e-05 0.11839 0.0040837 0.00089226 0.00014486 1.2066e-05 1.0799e-05
1.3538e-09 1.5062e-05 0.12032 0.0040791 0.00089122 0.00014636 1.2197e-05 1.0572e-05
7.3289e-10 1.4399e-05 0.12266 0.0040745 0.00089019 0.00014788 1.2343e-05 1.0363e-05
1.6174e-09 1.3727e-05 0.12481 0.0040699 0.00088915 0.00014938 1.2479e-05 1.0143e-05
2.5378e-09 1.3064e-05 0.12742 0.0040653 0.00088813 0.0001509 1.2632e-05 9.9405e-06
3.5386e-09 1.2409e-05 0.13053 0.0040609 0.00088713 0.00015246 1.2801e-05 9.7528e-06
4.7687e-09 1.1763e-05 0.13435 0.0040564 0.00088611 0.00015404 1.2619e-05 9.5839e-06
5.3943e-09 1.1109e-05 0.13786 0.0040519 0.00088507 0.0001556 1.2427e-05 9.4056e-06
6.315e-09 1.0462e-05 0.14206 0.0040475 0.00088405 0.00015719 1.2252e-05 9.2413e-06
6.6194e-09 9.8076e-06 0.14594 0.004043 0.00088302 0.00015876 1.2066e-05 9.0677e-06
7.1529e-09 9.1604e-06 0.15056 0.0040386 0.00088201 0.00016036 1.1897e-05 8.9075e-06
7.952e-09 8.5207e-06 0.15605 0.0040343 0.00088101 0.00016198 1.1744e-05 8.7601e-06
9.0802e-09 7.8882e-06 0.15724 0.0040302 0.00088003 0.00016363 1.1606e-05 8.625e-06
9.5223e-09 7.2475e-06 0.15828 0.0040259 0.00087903 0.00016526 1.1458e-05 8.4811e-06
1.0374e-08 6.9032e-06 0.15963 0.0040218 0.00087806 0.00016514 1.1326e-05 8.3501e-06
1.0566e-08 6.5528e-06 0.16085 0.0040176 0.00087707 0.000165 1.1185e-05 8.2112e-06
1.1095e-08 6.2049e-06 0.16236 0.0040135 0.00087609 0.00016488 1.1058e-05 8.0832e-06
1.1987e-08 5.8594e-06 0.16419 0.0040095 0.00087513 0.00016477 1.0944e-05 7.9656e-06
1.2224e-08 5.508e-06 0.16587 0.0040055 0.00087416 0.00016465 1.0821e-05 7.8409e-06
1.2835e-08 5.1588e-06 0.1679 0.0040014 0.00087318 0.00016454 1.0712e-05 7.7261e-06
1.3912e-08 4.8121e-06 0.17036 0.0039974 0.00087221 0.00016445 1.0615e-05 7.6215e-06
3.224e-08 4.4598e-06 0.17265 0.0039934 0.00087122 0.00016435 1.0511e-05 7.5104e-06
4.8557e-08 4.1018e-06 0.17477 0.0039893 0.00087023 0.00016423 1.0399e-05 7.3927e-06
6.9178e-08 3.7459e-06 0.17731 0.0039854 0.00086925 0.00016412 1.03e-05 7.2846e-06
8.7739e-08 3.849e-06 0.17968 0.0039814 0.00086826 0.00016396 1.0194e-05 7.1705e-06
1.1074e-07 3.9511e-06 0.18248 0.0039774 0.00086728 0.00016381 1.0098e-05 7.0646e-06
1.3155e-07 4.0486e-06 0.1851 0.0039735 0.00086629 0.00016365 9.9963e-06 6.953e-06
1.5729e-07 4.1449e-06 0.18816 0.0039696 0.00086532 0.0001635 9.9045e-06 6.8491e-06
1.808e-07 4.2368e-06 0.19105 0.0039657 0.00086433 0.00016333 9.8065e-06 6.7399e-06
2.0987e-07 4.3275e-06 0.19442 0.0039618 0.00086336 0.00016318 9.7185e-06 6.6382e-06
2.1057e-07 4.4173e-06 0.19837 0.0039581 0.0008624 0.00016305 9.641e-06 6.5446e-06
2.1346e-07 4.5059e-06 0.20295 0.0039544 0.00086145 0.00016292 9.5729e-06 6.4579e-06
2.1886e-07 4.5936e-06 0.2083 0.0039508 0.00086052 0.00016281 9.5147e-06 6.3787e-06
2.0148e-07 4.6801e-06 0.21448 0.0039472 0.0008596 0.00016271 9.4655e-06 6.3061e-06
1.8801e-07 4.7656e-06 0.22169 0.0039438 0.00085869 0.00016263 9.4258e-06 6.2403e-06
1.7779e-07 4.8501e-06 0.23008 0.0039404 0.0008578 0.00016256 9.3954e-06 6.1813e-06
1.7031e-07 4.9336e-06 0.23983 0.0039371 0.00085692 0.0001625 9.3741e-06 6.1287e-06
1.6523e-07 5.0162e-06 0.25117 0.0039339 0.00085605 0.00016246 9.362e-06 6.0825e-06
1.6231e-07 5.0978e-06 0.26433 0.0039307 0.0008552 0.00016242 9.3588e-06 6.0426e-06
1.5831e-07 5.175e-06 0.27688 0.0039276 0.00085433 0.00016238 9.3503e-06 5.9981e-06
1.5316e-07 5.2478e-06 0.28883 0.0039244 0.00085346 0.00016232 9.3364e-06 5.949e-06
1.501e-07 5.3197e-06 0.30269 0.0039212 0.0008526 0.00016228 9.3314e-06 5.906e-06
1.4597e-07 5.3872e-06 0.31592 0.0039181 0.00085173 0.00016223 9.3211e-06 5.8586e-06
1.4365e-07 5.4535e-06 0.33111 0.003915 0.00085087 0.00016218 9.3191e-06 5.8167e-06
1.4304e-07 5.5188e-06 0.34856 0.003912 0.00085002 0.00016215 9.3252e-06 5.7802e-06
1.4139e-07 5.5796e-06 0.36517 0.003909 0.00084916 0.00016211 9.3259e-06 5.7392e-06
1.4157e-07 5.6394e-06 0.38444 0.003906 0.00084832 0.00016207 9.3356e-06 5.7041e-06
1.4359e-07 5.6984e-06 0.40682 0.0039031 0.00084749 0.00016206 9.3543e-06 5.6749e-06
1.4459e-07 5.753e-06 0.42816 0.0039002 0.00084665 0.00016203 9.3676e-06 5.6412e-06
1.4455e-07 5.8031e-06 0.44849 0.0038973 0.0008458 0.00016198 9.3755e-06 5.603e-06
1.4343e-07 5.8488e-06 0.46781 0.0038943 0.00084494 0.00016193 9.3777e-06 5.5601e-06
1.4422e-07 5.896e-06 0.4903 0.0038914 0.00084409 0.00015808 9.3893e-06 5.5233e-06
1.4681e-07 5.9422e-06 0.49496 0.0038886 0.00084325 0.00015427 9.4096e-06 5.4921e-06
1.5148e-07 5.9875e-06 0.50043 0.0038859 0.00084243 0.00015051 8.9917e-06 5.4669e-06
1.3733e-07 6.032e-06 0.50679 0.0038832 0.00084162 0.0001468 8.5958e-06 5.4471e-06
1.2161e-07 6.0719e-06 0.51282 0.0038805 0.0008408 0.00014307 8.1903e-06 5.4227e-06
1.0419e-07 6.1074e-06 0.51854 0.0038778 0.00083997 0.00013931 7.7748e-06 5.3937e-06
9.0327e-08 6.1421e-06 0.52521 0.0038751 0.00083915 0.0001356 7.3821e-06 5.3705e-06
7.5003e-08 6.1723e-06 0.53156 0.0038724 0.00083833 0.00013187 6.9801e-06 5.3428e-06
6.2533e-08 6.2015e-06 0.53889 0.0038698 0.00083751 0.00012819 6.5985e-06 5.3202e-06
4.9174e-08 6.2263e-06 0.54584 0.0038672 0.00083669 0.00012448 6.2074e-06 5.2931e-06
3.84e-08 6.2502e-06 0.55395 0.0038646 0.00083588 0.00012082 5.8374e-06 5.2715e-06
2.6448e-08 6.2697e-06 0.56167 0.0038621 0.00083505 0.00011713 5.4587e-06 5.2456e-06
1.3264e-08 6.2848e-06 0.56902 0.0038594 0.00083422 0.00011343 5.0713e-06 5.2153e-06
1.3423e-08 6.2955e-06 0.57602 0.0038568 0.00083338 0.00010972 4.6749e-06 5.1807e-06
1.391e-08 6.3053e-06 0.58417 0.0038542 0.00083255 0.00010604 4.2994e-06 5.1516e-06
1.3826e-08 6.3107e-06 0.59191 0.0038516 0.00083171 0.00010235 3.9149e-06 5.118e-06
1.4074e-08 6.3152e-06 0.60093 0.0038491 0.00083089 9.8694e-05 3.5504e-06 5.0899e-06
1.4664e-08 6.3189e-06 0.6114 0.0038467 0.00083007 9.5085e-05 3.2046e-06 5.0671e-06
1.4679e-08 6.3181e-06 0.62137 0.0038442 0.00082925 9.1457e-05 2.8506e-06 5.04e-06
1.4119e-08 6.3129e-06 0.63084 0.0038417 0.00082842 8.781e-05 2.488e-06 5.0084e-06
1.3902e-08 6.3068e-06 0.64186 0.0038393 0.0008276 8.4206e-05 2.1439e-06 4.9822e-06
1.4022e-08 6.2998e-06 0.65466 0.0038369 0.00082679 8.0643e-05 1.8172e-06 4.9613e-06
1.4487e-08 6.292e-06 0.66955 0.0038347 0.00082599 7.7122e-05 1.5069e-06 4.9456e-06
1.4381e-08 6.2798e-06 0.68373 0.0038324 0.00082519 7.3582e-05 1.1891e-06 4.9257e-06
1.3698e-08 6.2631e-06 0.69723 0.00383 0.00082437 7.0023e-05 8.6361e-07 4.9014e-06
1.3332e-08 6.2455e-06 0.71281 0.0038278 0.00082357 6.6504e-05 5.5337e-07 4.882e-06
2.5228e-08 6.2233e-06 0.72754 0.0038255 0.00082275 6.2963e-05 2.3477e-07 4.8579e-06
3.5848e-08 6.1906e-06 0.74151 0.0038231 0.00082193 6.3094e-05 2.0512e-07 4.8292e-06
4.5235e-08 6.1533e-06 0.75474 0.0038208 0.00082109 6.3214e-05 1.7243e-07 4.7957e-06
5.7008e-08 6.1153e-06 0.77018 0.0038185 0.00082027 6.3339e-05 1.4015e-07 4.7678e-06
6.7481e-08 6.0727e-06 0.78485 0.0038162 0.00081944 6.3454e-05 1.7081e-07 4.7353e-06
7.6686e-08 6.0257e-06 0.79877 0.0038139 0.0008186 6.3557e-05 1.9857e-07 4.6981e-06
8.4688e-08 5.974e-06 0.81198 0.0038115 0.00081774 6.3648e-05 2.2344e-07 4.6563e-06
9.4834e-08 5.9215e-06 0.8272 0.0038092 0.0008169 6.3745e-05 2.4834e-07 4.6195e-06
9.0459e-08 5.8682e-06 0.84492 0.003807 0.00081607 6.3848e-05 2.7351e-07 4.5882e-06
8.7709e-08 5.8141e-06 0.86552 0.0038048 0.00081526 6.3957e-05 2.9904e-07 4.5621e-06
8.3963e-08 5.7554e-06 0.88511 0.0038027 0.00081443 6.4055e-05 3.2161e-07 4.5316e-06
8.1736e-08 5.696e-06 0.90787 0.0038006 0.00081362 6.4159e-05 3.4458e-07 4.5063e-06
7.857e-08 5.6321e-06 0.92956 0.0037985 0.0008128 6.4251e-05 3.6462e-07 4.4765e-06
7.4436e-08 5.5637e-06 0.95024 0.0037963 0.00081196 6.4333e-05 3.8173e-07 4.4423e-06
6.929e-08 5.4908e-06 0.96994 0.0037941 0.00081112 6.4403e-05 3.9588e-07 4.4035e-06
6.3021e-08 5.4132e-06 0.98866 0.0037919 0.00081027 6.4462e-05 4.0699e-07 4.3598e-06
5.8349e-08 5.3349e-06 0.99259 0.0037898 0.00080942 6.4526e-05 4.1846e-07 4.3214e-06
5.5149e-08 5.2559e-06 0.99341 0.0037877 0.0008086 6.4598e-05 4.3054e-07 4.2887e-06
5.3115e-08 5.1761e-06 0.99437 0.0037857 0.00080778 6.4675e-05 4.4308e-07 4.2612e-06
5.2255e-08 5.0958e-06 0.9955 0.0037838 0.00080698 6.476e-05 4.5634e-07 4.2392e-06
5.2547e-08 5.0148e-06 0.99684 0.003782 0.0008062 6.4851e-05 4.7041e-07 4.2228e-06
5.1897e-08 4.929e-06 0.9981 0.0037801 0.0008054 6.4931e-05 4.8119e-07 4.2013e-06
5.2461e-08 4.8427e-06 0.99837 0.0037783 0.00080462 6.5017e-05 4.9292e-07 4.1856e-06
5.2065e-08 4.7516e-06 0.99863 0.0037765 0.00080382 6.5092e-05 5.0134e-07 4.1648e-06
5.066e-08 4.6557e-06 0.99888 0.0037747 0.00080301 6.5153e-05 5.0636e-07 4.1386e-06
5.0505e-08 4.5593e-06 0.9989 0.0037729 0.00080222 6.5222e-05 5.1242e-07 4.1191e-06
4.9394e-08 4.4581e-06 0.99892 0.0037711 0.00080142 6.5279e-05 5.1517e-07 4.0945e-06
4.7295e-08 4.3521e-06 0.99893 0.0037694 0.00080063 6.5323e-05 5.1457e-07 4.0646e-06
4.6361e-08 4.2455e-06 0.99897 0.0037678 0.00079985 6.5374e-05 5.1486e-07 4.0403e-06
4.4509e-08 4.1341e-06 0.999 0.0037662 0.00079907 6.5413e-05 5.119e-07 4.0111e-06
4.3638e-08 4.0219e-06 0.99906 0.0037646 0.00079829 6.5459e-05 5.0956e-07 3.9867e-06
4.191e-08 3.9051e-06 0.99911 0.003763 0.00079751 6.5492e-05 5.0405e-07 3.9576e-06
3.9309e-08 3.7836e-06 0.99916 0.0037613 0.00079671 6.5513e-05 4.954e-07 3.9237e-06
3.7665e-08 3.6612e-06 0.99923 0.0037598 0.00079593 6.5541e-05 4.8734e-07 3.8947e-06
3.517e-08 3.5342e-06 0.9993 0.0037581 0.00079514 6.5556e-05 4.7613e-07 3.8609e-06
3.3667e-08 3.4066e-06 0.99939 0.0037566 0.00079436 6.5579e-05 4.6572e-07 3.8325e-06
3.1319e-08 3.2742e-06 0.99948 0.0037551 0.00079357 6.559e-05 4.5211e-07 3.7992e-06
2.8071e-08 3.1371e-06 0.99957 0.0037535 0.00079276 6.5588e-05 4.3523e-07 3.7609e-06
2.5784e-08 2.9993e-06 0.99955 0.0037519 0.00079197 6.5593e-05 4.1913e-07 3.7279e-06
2.256e-08 2.8565e-06 0.99953 0.0037504 0.00079117 6.5585e-05 3.9959e-07 3.6894e-06
2.0328e-08 2.7134e-06 0.99953 0.0037489 0.00079038 6.5586e-05 3.8111e-07 3.657e-06
1.7748e-08 2.5699e-06 0.99955 0.0037475 0.00078961 6.5596e-05 3.6369e-07 3.6308e-06
1.4822e-08 2.4261e-06 0.99958 0.0037463 0.00078886 6.5615e-05 3.4736e-07 3.6109e-06
1.1548e-08 2.2822e-06 0.99952 0.0037451 0.00078813 6.5646e-05 3.3217e-07 3.5979e-06
7.2206e-09 2.1331e-06 0.99947 0.0037438 0.00078738 6.5661e-05 3.1332e-07 3.5785e-06
1.6891e-09 1.9786e-06 0.99941 0.0037426 0.00078662 6.566e-05 2.907e-07 3.5525e-06
1.0909e-09 1.8184e-06 0.99934 0.0037412 0.00078583 6.5642e-05 2.6403e-07 3.5194e-06
4.909e-10 1.6583e-06 0.9993 0.0037399 0.00078507 6.5636e-05 2.387e-07 3.4933e-06
8.7842e-10 1.4924e-06 0.99924 0.0037386 0.00078428 6.5611e-05 2.092e-07 3.4597e-06
6.9025e-10 1.3206e-06 0.99918 0.0037374 0.00078353 6.5568e-05 2.3131e-07 3.4024e-06
1.8917e-09 1.3658e-06 0.99911 0.0037362 0.00078275 6.5466e-05 2.4954e-07 3.3373e-06
3.3658e-09 1.4096e-06 0.99906 0.003735 0.00078199 6.5377e-05 2.6899e-07 3.2808e-06
4.1608e-09 1.4485e-06 0.99901 0.0037338 0.00078122 6.5271e-05 2.8466e-07 3.217e-06
4.3075e-09 1.4828e-06 0.99895 0.0037325 0.00078043 6.5148e-05 2.9661e-07 3.1459e-06
3.798e-09 1.5122e-06 0.99889 0.0037312 0.00077962 6.5009e-05 3.0481e-07 3.0672e-06
3.4721e-09 1.5399e-06 0.99858 0.00373 0.00077883 6.488e-05 3.1382e-07 2.9961e-06
3.3255e-09 1.5661e-06 0.99834 0.0037289 0.00077806 6.4764e-05 3.2389e-07 2.9328e-06
2.5749e-09 1.5875e-06 0.99808 0.0037277 0.00077727 6.4631e-05 3.3031e-07 2.8627e-06
1.9723e-09 1.6074e-06 0.99787 0.0037266 0.0007765 6.451e-05 3.3778e-07 2.8002e-06
7.7311e-10 1.6225e-06 0.99765 0.0037255 0.00077572 6.4372e-05 3.4151e-07 2.7307e-06
1.1001e-09 1.6329e-06 0.9974 0.0037243 0.00077492 6.4219e-05 3.4157e-07 2.6543e-06
1.3808e-09 1.6417e-06 0.99721 0.0037232 0.00077414 6.4077e-05 3.4269e-07 2.5854e-06
1.6221e-09 1.6488e-06 0.99645 0.003722 0.00077334 6.3946e-05 3.4474e-07 2.5234e-06
1.8623e-09 1.6542e-06 0.99583 0.003721 0.00077256 6.3825e-05 3.478e-07 2.468e-06
2.1227e-09 1.658e-06 0.99335 0.00372 0.00077179 6.3716e-05 3.5186e-07 2.4188e-06
2.3938e-09 1.6599e-06 0.99127 0.0037192 0.00077105 6.3616e-05 3.5663e-07 2.3747e-06
2.7278e-09 1.66e-06 0.98953 0.0037184 0.00077032 6.3526e-05 3.6229e-07 2.336e-06
3.1312e-09 1.6583e-06 0.98806 0.0037177 0.00076961 6.3445e-05 3.6862e-07 2.3018e-06
9.754e-09 1.6519e-06 0.98649 0.003717 0.00076889 6.3348e-05 3.7145e-07 2.2622e-06
1.5135e-08 1.6412e-06 0.9848 0.0037163 0.00076815 6.3238e-05 3.7092e-07 2.2176e-06
1.941e-08 1.6286e-06 0.983 0.0037155 0.00076739 6.3138e-05 3.6705e-07 2.168e-06
2.2701e-08 1.6117e-06 0.98108 0.0037146 0.00076663 6.3025e-05 3.5993e-07 2.1134e-06
2.509e-08 1.5903e-06 0.97904 0.0037137 0.00076585 6.2899e-05 3.496e-07 2.0541e-06
2.6598e-08 1.5646e-06 0.97685 0.0037128 0.00076505 6.2759e-05 3.3601e-07 1.9898e-06
2.7759e-08 1.5369e-06 0.97501 0.003712 0.00076427 6.2628e-05 3.2299e-07 1.9301e-06
2.8572e-08 1.5072e-06 0.97347 0.0037112 0.00076351 6.2504e-05 3.1047e-07 1.8747e-06
7.544e-09 8.5923e-07 0.94128 0.0037049 0.00075404 6.0913e-05 3.4986e-07 1.2242e-06
4.5913e-09 7.8899e-07 0.93871 0.0037046 0.00075334 6.0791e-05 3.9773e-07 1.1776e-06
2.1582e-09 7.1671e-07 0.93656 0.0037045 0.00075266 6.0676e-05 4.4785e-07 1.134e-06
2.8561e-09 8.2058e-07 0.93425 0.0037043 0.00075197 6.0542e-05 4.9405e-07 1.0862e-06
3.6335e-09 9.2283e-07 0.93233 0.0037042 0.00075129 6.0415e-05 5.4265e-07 1.0413e-06
4.5108e-09 1.0233e-06 0.93072 0.0037042 0.00075063 6.0296e-05 5.9353e-07 9.9894e-07
4.8243e-09 1.1193e-06 0.92898 0.0037041 0.00074995 6.0163e-05 6.403e-07 9.5236e-07
5.2589e-09 1.2135e-06 0.92752 0.0037042 0.00074928 6.0037e-05 6.8947e-07 9.0814e-07
5.1206e-09 1.3031e-06 0.92595 0.0037041 0.00074861 5.9898e-05 7.3443e-07 8.5975e-07
5.1513e-09 1.3912e-06 0.92466 0.0037042 0.00074794 5.9767e-05 7.8232e-07 8.1404e-07
5.3592e-09 1.4779e-06 0.92362 0.0037044 0.0007473 5.9645e-05 8.3349e-07 7.7091e-07
4.9708e-09 1.5598e-06 0.92247 0.0037045 0.00074664 5.9508e-05 8.8004e-07 7.2349e-07
4.751e-09 1.6403e-06 0.91743 0.0036872 0.00074604 5.938e-05 9.2994e-07 6.7854e-07
4.6787e-09 1.7193e-06 0.91318 0.0036701 0.00074547 5.926e-05 9.8346e-07 6.3587e-07
4.7869e-09 1.7971e-06 0.90966 0.0036531 0.00074491 5.9149e-05 1.0414e-06 5.9562e-07
4.4258e-09 1.8701e-06 0.90585 0.0036362 0.00074433 5.9024e-05 1.0942e-06 5.512e-07
4.2419e-09 1.9376e-06 0.90271 0.0036194 0.00074378 5.8879e-05 1.1516e-06 5.0914e-07
4.2145e-09 2.0038e-06 0.90012 0.0036028 0.00074324 5.8744e-05 1.214e-06 4.6922e-07
4.3079e-09 2.0686e-06 0.89796 0.0035864 0.00074271 5.8617e-05 1.2812e-06 4.3096e-07
4.5361e-09 2.1322e-06 0.89616 0.0035701 0.0007422 5.8499e-05 1.3536e-06 3.942e-07
4.1627e-09 2.1908e-06 0.8942 0.0035538 0.00074168 5.8366e-05 1.4201e-06 3.5348e-07
3.9654e-09 2.2483e-06 0.88569 0.0035377 0.00074118 5.8242e-05 1.4926e-06 3.1448e-07
3.1672e-09 2.3009e-06 0.87652 0.0035215 0.00074065 5.8104e-05 1.559e-06 2.7152e-07
2.5247e-09 2.3524e-06 0.86887 0.0035055 0.00074015 5.7975e-05 1.6317e-06 2.3022e-07
1.951e-09 2.4027e-06 0.83621 0.0034897 0.00073966 5.7855e-05 1.7107e-06 1.9015e-07
1.4009e-09 2.4517e-06 0.80843 0.0034741 0.00073919 5.7743e-05 1.7963e-06 1.5114e-07
3.085e-09 2.4958e-06 0.77852 0.0034584 0.00073871 5.7616e-05 1.8751e-06 1.0835e-07
4.075e-09 3.0518e-06 0.77463 0.0034425 0.0007382 5.7408e-05 1.9399e-06 1.1588e-07
5.2939e-09 3.6141e-06 0.7714 0.0034269 0.00073772 5.7208e-05 2.0109e-06 1.2282e-07
5.9221e-09 4.1692e-06 0.76793 0.0034112 0.00073722 5.6995e-05 2.0765e-06 1.27e-07
6.7521e-09 4.7296e-06 0.76503 0.0033957 0.00073673 5.6789e-05 2.1475e-06 1.3044e-07
7.7762e-09 5.2945e-06 0.76256 0.0033803 0.00073626 5.6588e-05 2.2236e-06 1.3301e-07
9.0858e-09 5.8646e-06 0.76049 0.0033651 0.0007358 5.6394e-05 2.3053e-06 1.3479e-07
9.8038e-09 6.4283e-06 0.7583 0.0033498 0.00073533 5.6189e-05 2.3821e-06 1.3394e-07
1.0783e-08 6.9964e-06 0.75644 0.0033347 0.00073487 5.5988e-05 2.464e-06 1.3217e-07
1.1168e-08 7.5583e-06 0.75447 0.0033195 0.0007344 5.5776e-05 2.5411e-06 1.278e-07
1.0965e-08 8.1141e-06 0.75236 0.0033043 0.00073391 5.5552e-05 2.6134e-06 1.2082e-07
1.1067e-08 8.6748e-06 0.75061 0.0032892 0.00073344 5.5334e-05 2.6913e-06 1.1301e-07
1.1481e-08 9.2405e-06 0.74918 0.0032743 0.00073299 5.5122e-05 2.7752e-06 1.0433e-07
1.2235e-08 9.8114e-06 0.74803 0.0032595 0.00073254 5.4915e-05 2.8654e-06 9.4766e-08
1.2389e-08 1.0376e-05 0.74679 0.0032447 0.00073209 5.4697e-05 2.9505e-06 8.2628e-08
1.2869e-08 1.0946e-05 0.7458 0.00323 0.00073164 5.4485e-05 3.0418e-06 6.9534e-08
1.2706e-08 1.1509e-05 0.74471 0.0032153 0.00073119 5.426e-05 3.1275e-06 1.015e-07
1.1891e-08 1.2065e-05 0.74716 0.0032005 0.00073072 5.4023e-05 3.2077e-06 1.305e-07
2.1052e-08 1.2615e-05 0.74946 0.0031856 0.00073024 5.3774e-05 3.2825e-06 1.5661e-07
2.944e-08 1.3158e-05 0.75162 0.0031707 0.00072975 5.3513e-05 3.3521e-06 1.7984e-07
3.6724e-08 1.3695e-05 0.75364 0.0031558 0.00072924 5.3241e-05 3.4165e-06 2.0019e-07
4.5896e-08 1.4237e-05 0.75606 0.003141 0.00072875 5.2974e-05 3.4873e-06 2.2039e-07
5.7431e-08 1.4785e-05 0.75893 0.0031263 0.00072828 5.2713e-05 3.5647e-06 2.4048e-07
7.1694e-08 1.5337e-05 0.75899 0.0031118 0.00072781 5.2458e-05 3.6483e-06 2.6038e-07
8.9617e-08 1.5896e-05 0.75924 0.0030974 0.00072736 5.2208e-05 3.7391e-06 2.8028e-07
1.1213e-07 1.6459e-05 0.7597 0.0030832 0.00072692 5.1964e-05 3.8371e-06 3.0021e-07
1.326e-07 1.7017e-05 0.76009 0.0030689 0.00072647 5.1709e-05 3.9299e-06 3.1727e-07
1.5107e-07 1.7568e-05 0.76041 0.0030546 0.000726 5.1442e-05 4.0174e-06 3.3143e-07
1.4914e-07 1.8125e-05 0.76093 0.0030404 0.00072555 5.118e-05 4.1122e-06 3.4563e-07
1.4905e-07 1.8687e-05 0.76165 0.0030263 0.00072511 5.0924e-05 4.2141e-06 3.5977e-07
1.5092e-07 1.9255e-05 0.76261 0.0030124 0.00072469 5.0673e-05 4.3241e-06 3.7402e-07
1.5487e-07 1.9829e-05 0.76382 0.0029987 0.00072428 5.0427e-05 4.4425e-06 3.8845e-07
1.3985e-07 2.0408e-05 0.76529 0.002985 0.00072387 5.0186e-05 4.569e-06 4.0293e-07
1.2305e-07 2.0981e-05 0.76666 0.0029713 0.00072346 4.9933e-05 4.6896e-06 4.1444e-07
1.0989e-07 2.156e-05 0.76833 0.0029578 0.00072306 4.9685e-05 4.8194e-06 4.2618e-07
9.9704e-08 2.2145e-05 0.77036 0.0029444 0.00072267 4.9444e-05 4.9588e-06 4.3822e-07
9.1983e-08 2.2737e-05 0.77278 0.0029311 0.00072229 4.9207e-05 5.1085e-06 4.5059e-07
8.6362e-08 2.3335e-05 0.77567 0.0029179 0.00072193 4.8976e-05 5.269e-06 4.6337e-07
7.9569e-08 2.3927e-05 0.77838 0.0029047 0.00072155 4.8733e-05 5.4229e-06 4.7309e-07
7.1442e-08 2.4511e-05 0.78092 0.0028915 0.00072117 4.8478e-05 5.5696e-06 4.7964e-07
6.1782e-08 2.4563e-05 0.78328 0.0028782 0.00072077 4.8756e-05 5.709e-06 4.8294e-07
5.4375e-08 2.4618e-05 0.78609 0.002865 0.00072038 4.9039e-05 5.859e-06 4.8666e-07
4.5532e-08 2.4667e-05 0.7887 0.0028518 0.00071998 4.9309e-05 6.0015e-06 4.8711e-07
3.5085e-08 2.4709e-05 0.79114 0.0028387 0.00071959 4.9567e-05 6.1363e-06 4.8425e-07
2.6922e-08 2.4755e-05 0.79402 0.0028258 0.00071922 4.983e-05 6.2822e-06 4.8186e-07
2.051e-08 2.4803e-05 0.79744 0.0028129 0.00071886 5.01e-05 6.4396e-06 4.7995e-07
1.5448e-08 2.4853e-05 0.80148 0.0028003 0.00071852 5.0376e-05 6.6093e-06 4.7853e-07
1.8751e-08 2.4898e-05 0.80524 0.0027875 0.00071816 5.0638e-05 6.7707e-06 4.738e-07
2.1168e-08 2.4936e-05 0.80875 0.0027747 0.00071778 5.0888e-05 6.9236e-06 4.6567e-07
2.4463e-08 2.4977e-05 0.81289 0.0027621 0.00071742 5.1144e-05 7.0893e-06 4.5811e-07
2.741e-08 2.5012e-05 0.81674 0.0027493 0.00071705 5.1386e-05 7.246e-06 4.471e-07
3.0011e-08 2.5038e-05 0.82175 0.0027368 0.00071669 5.1612e-05 7.1502e-06 4.4177e-07
3.2266e-08 2.5068e-05 0.82274 0.0027243 0.00071635 5.1845e-05 7.066e-06 4.3718e-07
3.5593e-08 2.5102e-05 0.824 0.0027118 0.00071599 5.2085e-05 6.992e-06 4.3308e-07
4.0273e-08 2.5138e-05 0.82558 0.0026995 0.00071564 5.2333e-05 6.9284e-06 4.2953e-07
4.3935e-08 2.5169e-05 0.82704 0.0026871 0.00071529 5.2569e-05 6.8581e-06 4.2283e-07
4.9033e-08 2.5203e-05 0.82883 0.0026748 0.00071494 5.2811e-05 6.7975e-06 4.1655e-07
5.3101e-08 2.5231e-05 0.83049 0.0026625 0.00071459 5.3041e-05 6.7306e-06 4.0718e-07
5.8744e-08 2.5262e-05 0.83251 0.0026503 0.00071425 5.3278e-05 6.673e-06 3.9818e-07
6.3273e-08 2.5286e-05 0.83439 0.002638 0.00071389 5.3502e-05 6.609e-06 3.8606e-07
5.6835e-08 2.5314e-05 0.83662 0.0026259 0.00071355 5.3732e-05 6.5534e-06 3.7411e-07
5.1971e-08 2.5344e-05 0.83927 0.0026139 0.00071322 5.3967e-05 6.5061e-06 3.6229e-07
4.8425e-08 2.5376e-05 0.84238 0.002602 0.0007129 5.4209e-05 6.4668e-06 3.5056e-07
4.3877e-08 2.5403e-05 0.8453 0.0025901 0.00071257 5.4438e-05 6.4213e-06 3.3576e-07
3.8276e-08 2.5423e-05 0.84803 0.0025781 0.00071223 5.4655e-05 6.3694e-06 3.1787e-07
3.3976e-08 2.5446e-05 0.85124 0.0025663 0.0007119 5.4877e-05 6.3258e-06 3.001e-07
3.0756e-08 2.5472e-05 0.85502 0.0025545 0.00071158 5.5106e-05 6.2902e-06 2.8239e-07
2.8461e-08 2.5501e-05 0.85946 0.0025429 0.00071128 5.534e-05 6.2628e-06 2.6473e-07
2.5256e-08 2.5523e-05 0.8636 0.0025312 0.00071096 5.5562e-05 6.2286e-06 2.4393e-07
2.1391e-08 2.5539e-05 0.86746 0.0025195 0.00071063 5.577e-05 6.1874e-06 2.1993e-07
1.8503e-08 2.5558e-05 0.87203 0.0025079 0.00071032 5.5986e-05 6.1552e-06 1.9616e-07
1.6414e-08 2.558e-05 0.87746 0.0024964 0.00071001 5.6209e-05 6.1322e-06 1.7257e-07
1.5086e-08 2.5607e-05 0.8787 0.0024851 0.00070973 5.6442e-05 6.1195e-06 1.4931e-07
1.2926e-08 2.5627e-05 0.8798 0.0024737 0.00070943 5.666e-05 6.099e-06 1.2279e-07
1.1418e-08 2.565e-05 0.8812 0.0024625 0.00070914 5.6888e-05 6.0884e-06 9.646e-08
9.0303e-09 2.5666e-05 0.88243 0.0024512 0.00070884 5.7099e-05 6.069e-06 1.1534e-07
7.2697e-09 2.5686e-05 0.88228 0.00244 0.00070856 5.732e-05 6.06e-06 1.3413e-07
6.0361e-09 2.5711e-05 0.88233 0.0024289 0.00070829 5.7552e-05 6.0622e-06 1.5307e-07
4.0474e-09 2.5729e-05 0.88228 0.0024178 0.00070801 5.7768e-05 6.0558e-06 1.6872e-07
1.2366e-09 2.5739e-05 0.88214 0.0024067 0.00070771 5.7968e-05 6.0406e-06 1.8109e-07
1.1474e-09 2.5741e-05 0.8819 0.0023954 0.00070739 5.8151e-05 6.0162e-06 1.9013e-07
5.3627e-10 2.5735e-05 0.88155 0.002384 0.00070706 5.8318e-05 5.9825e-06 1.9586e-07
9.7969e-10 2.5722e-05 0.88107 0.0023726 0.0007067 5.8468e-05 5.9387e-06 1.9817e-07
1.3833e-09 2.5713e-05 0.88082 0.0023613 0.00070637 5.8629e-05 5.9066e-06 2.0055e-07
1.7968e-09 2.5709e-05 0.88078 0.0023502 0.00070605 5.8801e-05 5.8862e-06 2.0305e-07
2.2748e-09 2.571e-05 0.87945 0.0023392 0.00070576 5.8984e-05 5.8774e-06 2.0572e-07
2.9176e-09 2.5717e-05 0.87503 0.0023282 0.00070544 5.9181e-05 5.8814e-06 2.0876e-07
3.8148e-09 2.5729e-05 0.86133 0.0023173 0.00070514 5.9391e-05 5.8982e-06 2.1219e-07
5.1686e-09 2.5747e-05 0.85049 0.0023062 0.00070482 5.9614e-05 5.9269e-06 2.1587e-07
7.0249e-09 2.577e-05 0.81635 0.0022954 0.00070452 5.9848e-05 5.9676e-06 2.198e-07
9.6747e-09 2.5798e-05 0.78954 0.0022847 0.00070423 6.0095e-05 6.0216e-06 2.2414e-07
1.1336e-08 2.5819e-05 0.76105 0.0022739 0.00070394 6.0325e-05 6.0651e-06 2.2496e-07
1.3871e-08 2.5844e-05 0.73851 0.0022633 0.00070366 6.0567e-05 6.1216e-06 2.2613e-07
1.5435e-08 2.5862e-05 0.71321 0.0022526 0.00070336 6.0793e-05 6.1684e-06 2.2392e-07
1.7957e-08 2.5885e-05 0.6931 0.0022421 0.00070308 6.1031e-05 6.2281e-06 2.2201e-07
1.9472e-08 2.59e-05 0.67058 0.0022315 0.00070279 6.1252e-05 6.2783e-06 2.1676e-07
2.2047e-08 2.5921e-05 0.65266 0.002221 0.00070251 6.1486e-05 6.3413e-06 2.1178e-07
2.3531e-08 2.5933e-05 0.63247 0.0022104 0.00070222 6.1702e-05 6.3944e-06 2.0339e-07
2.6186e-08 2.5951e-05 0.61643 0.0022 0.00070194 6.1931e-05 6.4606e-06 1.9526e-07
2.3134e-08 2.5974e-05 0.60367 0.0021898 0.00070169 6.2173e-05 6.5405e-06 1.8735e-07
2.9443e-08 2.5989e-05 0.58937 0.0021795 0.00070142 6.2397e-05 6.6104e-06 1.7612e-07
2.8904e-08 2.6009e-05 0.57783 0.0021693 0.00070116 6.2633e-05 6.6931e-06 1.6492e-07
2.9531e-08 2.6033e-05 0.56862 0.0021592 0.00070093 6.2882e-05 6.7903e-06 1.5382e-07
2.9454e-08 2.605e-05 0.55828 0.0021491 0.00070068 6.3113e-05 6.8767e-06 1.3943e-07
3.0554e-08 2.6072e-05 0.55001 0.0021392 0.00070044 6.3356e-05 6.9776e-06 1.2505e-07
3.0573e-08 2.6087e-05 0.54081 0.0021291 0.00070019 6.3584e-05 7.0683e-06 1.0751e-07
2.9524e-08 2.6094e-05 0.53058 0.002119 0.00069992 6.3795e-05 7.1492e-06 8.6783e-08
2.7381e-08 2.6093e-05 0.51918 0.0021088 0.00069964 6.399e-05 7.2203e-06 6.284e-08
2.6413e-08 2.6098e-05 0.51006 0.0020985 0.00069934 6.4197e-05 7.3054e-06 3.8942e-08
2.4397e-08 2.6095e-05 0.4999 0.0020882 0.00069902 6.4388e-05 7.3807e-06 4.5225e-08
2.3352e-08 2.6096e-05 0.49163 0.002078 0.00069871 6.459e-05 7.4687e-06 5.0416e-08
2.3257e-08 2.6102e-05 0.48498 0.0020679 0.00069843 6.4803e-05 7.5712e-06 5.4617e-08
2.2186e-08 2.6101e-05 0.47757 0.0020578 0.00069813 6.5e-05 7.6633e-06 1.2058e-07
2.2017e-08 2.6104e-05 0.4716 0.0020477 0.00069784 6.5208e-05 7.7698e-06 1.8949e-07
2.0906e-08 2.6099e-05 0.46497 0.0020377 0.00069754 6.54e-05 7.8662e-06 2.5378e-07
2.057e-08 2.6099e-05 0.45953 0.0020277 0.00069726 6.5602e-05 7.976e-06 3.2077e-07
1.9311e-08 2.6091e-05 0.45349 0.0020177 0.00069696 6.5788e-05 8.0754e-06 3.8307e-07
1.8876e-08 2.6088e-05 0.44863 0.0020078 0.00069667 6.5986e-05 8.1898e-06 4.4861e-07
1.915e-08 2.6089e-05 0.44467 0.001998 0.0006964 6.6194e-05 8.3189e-06 5.1736e-07
1.8539e-08 2.6082e-05 0.44027 0.0019882 0.00069612 6.6386e-05 8.4372e-06 5.8123e-07
1.698e-08 2.6068e-05 0.43562 0.0019783 0.00069582 6.6562e-05 8.5443e-06 6.4008e-07
1.6174e-08 2.6058e-05 0.41843 0.0019685 0.00069554 6.6748e-05 8.6665e-06 7.0229e-07
1.6115e-08 2.6053e-05 0.40449 0.0019589 0.00069527 6.6947e-05 8.8059e-06 7.6861e-07
1.6804e-08 2.6053e-05 0.39316 0.0019494 0.00069502 6.7157e-05 8.9636e-06 8.3943e-07
1.8339e-08 2.6058e-05 0.38397 0.00194 0.00069479 6.7381e-05 9.1409e-06 9.1519e-07
1.8924e-08 2.6055e-05 0.37381 0.0019305 0.00069455 6.7588e-05 9.3053e-06 9.8532e-07
1.8529e-08 2.6045e-05 0.36245 0.001921 0.00069429 6.7777e-05 9.4561e-06 1.0496e-06
1.2485e-08 2.604e-05 0.32643 0.0019116 0.00069404 6.798e-05 9.6575e-06 1.0292e-06
1.353e-08 2.6027e-05 0.32073 0.0019022 0.00069378 6.8166e-05 9.8223e-06 1.1584e-06
1.3749e-08 2.6006e-05 0.31442 0.0018927 0.0006935 6.8337e-05 9.975e-06 1.2807e-06
1.447e-08 2.5989e-05 0.30916 0.0018833 0.00069324 6.8516e-05 1.0144e-05 1.4095e-06
1.446e-08 2.5966e-05 0.30346 0.0018738 0.00069297 6.8681e-05 1.0302e-05 1.5326e-06
1.3744e-08 2.5936e-05 0.29729 0.0018643 0.00069268 6.8833e-05 1.0452e-05 1.6502e-06
1.3441e-08 2.591e-05 0.29207 0.0018549 0.0006924 6.8992e-05 1.0615e-05 1.6171e-06
1.2495e-08 2.5877e-05 0.28649 0.0018454 0.00069211 6.9139e-05 1.077e-05 1.5802e-06
1.1874e-08 2.5847e-05 0.28171 0.0018361 0.00069183 6.9292e-05 1.0938e-05 1.5455e-06
1.0674e-08 2.5811e-05 0.27665 0.0018267 0.00069155 6.9433e-05 1.1099e-05 1.5072e-06
9.7848e-09 2.5778e-05 0.27234 0.0018174 0.00069127 6.9582e-05 1.1274e-05 1.4714e-06
9.1533e-09 2.5746e-05 0.26866 0.0018082 0.000691 6.9736e-05 1.1463e-05 1.4378e-06
8.7427e-09 2.5717e-05 0.26552 0.001799 0.00069075 6.9897e-05 1.1666e-05 1.4063e-06
8.4928e-09 2.569e-05 0.26283 0.00179 0.0006905 7.0063e-05 1.1883e-05 1.3767e-06
8.428e-09 2.5665e-05 0.26055 0.001781 0.00069027 7.0236e-05 1.2116e-05 1.349e-06
8.5442e-09 2.5642e-05 0.25863 0.0017721 0.00069004 7.0414e-05 1.2365e-05 1.3232e-06
8.8465e-09 2.5621e-05 0.25704 0.0017633 0.00068983 7.0599e-05 1.2632e-05 1.2993e-06
9.3492e-09 2.5602e-05 0.25572 0.0017546 0.00068962 7.079e-05 1.2916e-05 1.2771e-06
1.0077e-08 2.5585e-05 0.25466 0.001746 0.00068943 7.0988e-05 1.3219e-05 1.2566e-06
1.102e-08 2.557e-05 0.25382 0.0017374 0.00068924 7.1191e-05 1.3541e-05 1.2376e-06
1.1424e-08 2.5549e-05 0.2529 0.0017288 0.00068905 7.1383e-05 1.3854e-05 1.2153e-06
1.2109e-08 2.5531e-05 0.2522 0.0017203 0.00068887 7.1581e-05 1.4187e-05 1.1946e-06
1.2246e-08 2.5508e-05 0.25143 0.0017117 0.00068867 7.1769e-05 1.4512e-05 1.1707e-06
1.2637e-08 2.5487e-05 0.25086 0.0017033 0.00068849 7.1962e-05 1.4857e-05 1.1482e-06
1.2472e-08 2.546e-05 0.25021 0.0016948 0.00068829 7.2144e-05 1.5192e-05 1.1225e-06
1.1744e-08 2.5428e-05 0.2495 0.0016863 0.00068809 7.2316e-05 1.5518e-05 1.0934e-06
1.1331e-08 2.5399e-05 0.24899 0.0016778 0.0006879 7.2494e-05 1.5866e-05 1.0661e-06
1.0343e-08 2.5364e-05 0.24841 0.0016694 0.0006877 7.2661e-05 1.6205e-05 1.0353e-06
9.6788e-09 2.5332e-05 0.24408 0.001661 0.00068751 7.2835e-05 1.6567e-05 1.0065e-06
9.2993e-09 2.5303e-05 0.24042 0.0016527 0.00068733 7.3018e-05 1.6955e-05 9.7945e-07
9.189e-09 2.5276e-05 0.23734 0.0016445 0.00068716 7.3209e-05 1.6854e-05 9.5425e-07
9.3008e-09 2.5252e-05 0.23473 0.0016363 0.00068701 7.3407e-05 1.6768e-05 9.3055e-07
8.8349e-09 2.5222e-05 0.23193 0.0016282 0.00068684 7.3592e-05 1.6674e-05 9.0328e-07
8.6428e-09 2.5195e-05 0.21899 0.0016201 0.00068669 7.3787e-05 1.6595e-05 8.7784e-07
8.6687e-09 2.517e-05 0.20789 0.0016121 0.00068655 7.3989e-05 1.653e-05 8.5389e-07
8.9614e-09 2.5149e-05 0.19849 0.0016042 0.00068642 7.4201e-05 1.6481e-05 8.3166e-07
9.5518e-09 2.5131e-05 0.19055 0.0015964 0.00068631 7.4423e-05 1.6447e-05 8.1111e-07
2.2828e-08 2.5106e-05 0.18205 0.0015886 0.00068618 7.463e-05 1.6405e-05 7.8688e-07
3.944e-08 2.5085e-05 0.17484 0.0015808 0.00068606 7.4847e-05 1.6377e-05 7.6414e-07
6.0882e-08 2.5067e-05 0.16881 0.0015731 0.00068597 7.5074e-05 1.6365e-05 7.4314e-07
8.8375e-08 2.5052e-05 0.16371 0.0015655 0.00068588 7.5311e-05 1.6369e-05 7.236e-07
1.2411e-07 2.5041e-05 0.15943 0.001558 0.00068581 7.5558e-05 1.6389e-05 7.0555e-07
1.5507e-07 2.5022e-05 0.15476 0.0015505 0.00068572 7.5789e-05 1.6397e-05 6.8356e-07
1.8149e-07 2.5009e-05 0.14958 0.0015429 0.00068562 7.6036e-05 1.6394e-05 6.5738e-07
2.0364e-07 2.4988e-05 0.14375 0.0015352 0.0006855 7.6264e-05 1.6377e-05 6.2675e-07
2.3399e-07 2.4972e-05 0.12405 0.0015277 0.0006854 7.6506e-05 1.6379e-05 5.9836e-07
2.3907e-07 2.496e-05 0.10821 0.0015202 0.00068532 7.6762e-05 1.6402e-05 5.7212e-07
2.2793e-07 2.4954e-05 0.095695 0.0015129 0.00068525 7.7033e-05 1.6446e-05 5.4822e-07
2.2133e-07 2.4952e-05 0.085648 0.0015057 0.00068521 7.7318e-05 1.651e-05 5.2622e-07
2.1894e-07 2.4956e-05 0.077723 0.0014985 0.00068518 7.762e-05 1.6598e-05 5.063e-07
2.1395e-07 2.4951e-05 0.068748 0.0014914 0.00068514 7.7902e-05 1.667e-05 4.8208e-07
1.8731e-07 2.4936e-05 0.061762 0.0014843 0.00068511 7.8158e-05 1.6767e-05 4.6008e-07
1.5433e-07 2.4912e-05 0.053745 0.0014772 0.00068507 7.8395e-05 1.6855e-05 4.3363e-07
1.3094e-07 2.4894e-05 0.047385 0.0014701 0.00068504 7.8646e-05 1.6965e-05 4.0893e-07
1.0222e-07 2.4867e-05 0.040597 0.001463 0.000685 7.8879e-05 1.706e-05 3.7994e-07
1.0194e-07 2.4832e-05 0.032856 0.0014559 0.00068494 7.9092e-05 1.7139e-05 3.4662e-07
1.0414e-07 2.4802e-05 0.026713 0.0014488 0.0006849 7.932e-05 1.724e-05 3.1505e-07
1.0905e-07 2.4777e-05 0.021831 0.0014419 0.00068487 7.9563e-05 1.7364e-05 2.8502e-07
1.1191e-07 2.4743e-05 0.021175 0.0014349 0.00068483 7.9787e-05 1.7473e-05 2.5084e-07
1.1767e-07 2.4715e-05 0.020678 0.0014279 0.00068481 8.0025e-05 1.7604e-05 2.1811e-07
1.1233e-07 2.4691e-05 0.020314 0.0014211 0.0006848 8.0278e-05 1.776e-05 1.8663e-07
1.1004e-07 2.4673e-05 0.02007 0.0014144 0.00068482 8.0548e-05 1.7942e-05 1.5644e-07
1.1031e-07 2.4659e-05 0.019924 0.0014078 0.00068485 8.0832e-05 1.8151e-05 1.271e-07
1.0861e-07 2.4638e-05 0.019715 0.0014012 0.00068486 8.1097e-05 1.8342e-05 9.3909e-08
1.0487e-07 2.4608e-05 0.01944 0.0013944 0.00068486 8.1342e-05 1.8514e-05 1.0535e-07
9.8988e-08 2.4569e-05 0.019094 0.0013876 0.00068483 8.1568e-05 1.8668e-05 1.1361e-07
9.5856e-08 2.4536e-05 0.018855 0.0013809 0.00068483 8.1809e-05 1.8848e-05 1.2152e-07
9.514e-08 2.4507e-05 0.018712 0.0013743 0.00068484 8.2064e-05 1.9054e-05 1.2912e-07
9.6788e-08 2.4483e-05 0.018657 0.0013678 0.00068487 8.2335e-05 1.8903e-05 1.3649e-07
9.6539e-08 2.4451e-05 0.018544 0.0013612 0.00068489 8.2585e-05 1.8734e-05 1.406e-07
9.4379e-08 2.441e-05 0.018371 0.0013548 0.00068492 8.2816e-05 1.8547e-05 1.4145e-07
9.4594e-08 2.4375e-05 0.018288 0.0013484 0.00068497 8.3062e-05 1.8386e-05 1.4206e-07
9.7435e-08 2.4344e-05 0.017581 0.0013422 0.00068505 8.3325e-05 1.8251e-05 1.4257e-07
9.9932e-08 2.4306e-05 0.01682 0.0013358 0.0006851 8.3568e-05 1.8099e-05 1.3981e-07
1.0209e-07 2.4273e-05 0.015814 0.0013295 0.00068514 8.3829e-05 1.788e-05 1.8494e-07
1.039e-07 2.4232e-05 0.014664 0.001323 0.00068515 8.4072e-05 1.7643e-05 2.2582e-07
1.0808e-07 2.4196e-05 0.013739 0.0013167 0.00068519 8.4328e-05 1.7431e-05 2.6822e-07
1.105e-07 2.4152e-05 0.012693 0.0013102 0.00068521 8.4566e-05 1.7203e-05 3.0653e-07
1.153e-07 2.4112e-05 0.011845 0.0013039 0.00068524 8.4817e-05 1.6999e-05 3.4631e-07
1.1842e-07 2.4065e-05 0.010895 0.0012975 0.00068526 8.5052e-05 1.678e-05 3.8215e-07
1.2402e-07 2.4021e-05 0.010122 0.0012912 0.00068529 8.5299e-05 1.6584e-05 4.1948e-07
1.1625e-07 2.3981e-05 0.0094935 0.001285 0.00068534 8.5559e-05 1.6409e-05 4.5846e-07
1.0646e-07 2.3945e-05 0.0087871 0.0012788 0.00068538 8.5831e-05 1.6221e-05 4.9334e-07
9.9733e-08 2.3913e-05 0.0082169 0.0012726 0.00068542 8.6117e-05 1.6054e-05 5.3009e-07
9.1331e-08 2.3874e-05 0.0075841 0.0012665 0.00068549 8.6387e-05 1.5876e-05 5.6295e-07
8.1205e-08 2.3829e-05 0.0068869 0.0012604 0.00068554 8.6643e-05 1.5685e-05 5.9209e-07
7.4001e-08 2.3787e-05 0.0063138 0.0012543 0.00068561 8.691e-05 1.5515e-05 6.228e-07
6.8831e-08 2.3748e-05 0.0058372 0.0012483 0.00068569 8.7188e-05 1.5362e-05 6.5497e-07
6.2501e-08 2.3703e-05 0.0053202 0.0012423 0.00068575 8.7453e-05 1.5201e-05 6.837e-07
5.7849e-08 2.3661e-05 0.0048842 0.0012363 0.00068583 8.7727e-05 1.5055e-05 7.1368e-07
5.4581e-08 2.3621e-05 0.0045157 0.0012304 0.00068592 8.8011e-05 1.4925e-05 7.4494e-07
5.0425e-08 2.3575e-05 0.0041198 0.0012245 0.000686 8.8282e-05 1.4787e-05 7.7296e-07
4.739e-08 2.3532e-05 0.0037797 0.0012186 0.00068609 8.8562e-05 1.4662e-05 8.0202e-07
4.5333e-08 2.349e-05 0.0034876 0.0012128 0.00068619 8.8849e-05 1.3698e-05 8.3215e-07
4.2494e-08 2.3443e-05 0.0031738 0.0012069 0.00068629 8.9125e-05 1.2716e-05 8.591e-07
4.0626e-08 2.3398e-05 0.0029064 0.0012012 0.00068639 8.9409e-05 1.1786e-05 8.8732e-07
3.8014e-08 2.3348e-05 0.0026193 0.0011954 0.00068648 8.9682e-05 1.0839e-05 9.1239e-07
3.6205e-08 2.3299e-05 0.0023709 0.0011896 0.00068658 8.9962e-05 9.9393e-06 9.3852e-07
3.5199e-08 2.3253e-05 0.0021587 0.0011839 0.00068669 9.0251e-05 9.0879e-06 9.6599e-07
3.3478e-08 2.3201e-05 0.0019293 0.0011782 0.00068679 9.0528e-05 9.0994e-06 9.9024e-07
3.1034e-08 2.3144e-05 0.0016823 0.0011724 0.00068688 9.0793e-05 9.1054e-06 1.0113e-06
2.9283e-08 2.3089e-05 0.0014672 0.0011667 0.00068698 9.1066e-05 9.1195e-06 1.0334e-06
2.8149e-08 2.3035e-05 0.0012796 0.0011611 0.0006871 9.1347e-05 9.1418e-06 1.0567e-06
2.6357e-08 2.2976e-05 0.0010776 0.0011554 0.0006872 9.1616e-05 9.1589e-06 1.0768e-06
2.5207e-08 2.2919e-05 0.00090275 0.0011498 0.00068731 9.1893e-05 9.1848e-06 1.0984e-06
2.3413e-08 2.2857e-05 0.00071434 0.0011442 0.00068741 9.216e-05 9.2055e-06 1.1168e-06
2.215e-08 2.2797e-05 0.00054848 0.0011386 0.00068752 9.2433e-05 9.2344e-06 1.1364e-06
2.024e-08 2.2731e-05 0.00036931 0.0011329 0.00068762 9.2695e-05 9.2578e-06 1.1527e-06
1.7674e-08 2.2661e-05 0.00038754 0.0011273 0.00068771 9.2946e-05 9.2757e-06 1.1658e-06
1.4438e-08 2.2585e-05 0.00039871 0.0011217 0.00068779 9.3186e-05 9.288e-06 1.1757e-06
1.1798e-08 2.2511e-05 0.00041456 0.001116 0.00068789 9.3434e-05 9.3094e-06 1.1871e-06
9.6258e-09 2.2439e-05 0.00043544 0.0011105 0.00068799 9.369e-05 9.3399e-06 1.1999e-06
6.8652e-09 2.2362e-05 0.00044922 0.0011049 0.00068808 9.3935e-05 9.365e-06 1.2096e-06
3.6161e-09 2.228e-05 0.00045592 0.0010993 0.00068817 9.4169e-05 9.3848e-06 1.2161e-06
4.8189e-09 2.2193e-05 0.00045539 0.0010937 0.00068824 9.4391e-05 9.3989e-06 1.2193e-06
6.1585e-09 2.2108e-05 0.0004599 0.0010881 0.00068832 9.4622e-05 9.4222e-06 1.224e-06
7.6575e-09 2.2024e-05 0.00046886 0.0010826 0.00068842 9.4861e-05 9.4538e-06 1.2299e-06
9.422e-09 2.1942e-05 0.00048311 0.0010771 0.00068852 9.5107e-05 9.4947e-06 1.2374e-06
1.1535e-08 2.1861e-05 0.00050294 0.0010717 0.00068863 9.5363e-05 9.5449e-06 1.2463e-06
1.4097e-08 2.1782e-05 0.00052879 0.0010664 0.00068876 9.5626e-05 9.6045e-06 1.2568e-06
1.7228e-08 2.1705e-05 0.00056123 0.001061 0.00068889 9.5899e-05 9.6739e-06 1.2688e-06
2.0997e-08 2.1629e-05 0.00060013 0.0010558 0.00068904 9.6179e-05 9.7522e-06 1.2822e-06
2.5652e-08 2.1555e-05 0.00064713 0.0010506 0.00068919 9.6467e-05 9.8407e-06 1.2972e-06
3.1412e-08 2.1483e-05 0.00070326 0.0010454 0.00068935 9.6764e-05 9.9395e-06 1.3138e-06
3.6334e-08 2.1405e-05 0.00075074 0.0010402 0.00068951 9.705e-05 1.0032e-05 1.3272e-06
4.0443e-08 2.1323e-05 0.00078969 0.001035 0.00068965 9.7325e-05 1.0119e-05 1.3373e-06
4.3756e-08 2.1235e-05 0.0008202 0.0010297 0.00068979 9.7588e-05 1.0201e-05 1.3441e-06
4.8081e-08 2.1149e-05 0.0008589 0.0010245 0.00068993 9.7858e-05 1.0291e-05 1.3523e-06
5.3717e-08 2.1064e-05 0.00090756 0.0010194 0.00069009 9.8138e-05 1.0393e-05 1.3621e-06
5.8708e-08 2.0975e-05 0.00094754 0.0010142 0.00069023 9.8406e-05 1.0488e-05 1.3688e-06
6.2808e-08 2.088e-05 0.00097871 0.0010091 0.00069037 9.8663e-05 1.0578e-05 1.3722e-06
6.8341e-08 2.0788e-05 0.0010201 0.0010039 0.00069051 9.8928e-05 1.0678e-05 1.3772e-06
7.5416e-08 2.0696e-05 0.0010716 0.00099882 0.00069067 9.9202e-05 1.0789e-05 1.3837e-06
8.1505e-08 2.06e-05 0.0011141 0.00099371 0.00069081 9.9464e-05 1.0894e-05 1.387e-06
8.66e-08 2.0498e-05 0.0011474 0.00098857 0.00069095 9.9715e-05 1.0992e-05 1.387e-06
9.0723e-08 2.0392e-05 0.0011715 0.00098341 0.00069108 9.9954e-05 1.1085e-05 1.3837e-06
9.6392e-08 2.0286e-05 0.0012058 0.00097829 0.00069121 0.0001002 1.1187e-05 1.3818e-06
1.0401e-07 2.0183e-05 0.0012518 0.00097323 0.00069136 0.00010046 1.1302e-05 1.3816e-06
1.1055e-07 2.0074e-05 0.0012886 0.00096814 0.00069149 0.0001007 1.141e-05 1.3782e-06
1.191e-07 1.9967e-05 0.0013368 0.00096302 0.00069162 0.00010095 1.1529e-05 1.3762e-06
1.1164e-07 1.9861e-05 0.0013985 0.00095796 0.00069176 0.00010122 1.166e-05 1.376e-06
1.0301e-07 1.9751e-05 0.00145 0.00095287 0.00069188 0.00010147 1.1784e-05 1.3724e-06
9.635e-08 1.9641e-05 0.0015146 0.00094782 0.00069202 0.00010172 1.192e-05 1.3703e-06
9.1515e-08 1.9533e-05 0.0015947 0.00094283 0.00069216 0.00010199 1.2068e-05 1.3698e-06
8.5671e-08 1.942e-05 0.0016641 0.0009378 0.0006923 0.00010225 1.221e-05 1.3661e-06
8.1482e-08 1.9309e-05 0.0017501 0.00093283 0.00069244 0.00010251 1.2365e-05 1.364e-06
7.6368e-08 1.9192e-05 0.0018253 0.00092784 0.00069258 0.00010277 1.2513e-05 1.3588e-06
7.0273e-08 1.9071e-05 0.0018895 0.00092282 0.00069271 0.00010301 1.2655e-05 1.3502e-06
6.5739e-08 1.8951e-05 0.001971 0.00091785 0.00069284 0.00010326 1.281e-05 1.3433e-06
6.244e-08 1.8833e-05 0.0020698 0.00091292 0.00069299 0.00010352 1.2977e-05 1.3378e-06
5.8272e-08 1.8709e-05 0.0021567 0.00090797 0.00069313 0.00010377 1.3138e-05 1.329e-06
5.5341e-08 1.8587e-05 0.002264 0.00090307 0.00069327 0.00010402 1.3313e-05 1.3219e-06
5.1576e-08 1.846e-05 0.0023587 0.00089814 0.00069341 0.00010427 1.348e-05 1.3115e-06
4.8844e-08 1.8334e-05 0.0024734 0.00089326 0.00069356 0.00010452 1.3661e-05 1.3025e-06
4.5306e-08 1.8203e-05 0.0025752 0.00088835 0.0006937 0.00010476 1.3834e-05 1.2902e-06
4.2809e-08 1.8073e-05 0.0027003 0.00088349 0.00069384 0.00010502 1.4022e-05 1.2795e-06
4.115e-08 1.7944e-05 0.0028491 0.00087867 0.000694 0.00010527 1.4225e-05 1.2701e-06
4.0262e-08 1.7817e-05 0.0030247 0.00087389 0.00069417 0.00010554 1.4442e-05 1.262e-06
4.0189e-08 1.7691e-05 0.003233 0.00086916 0.00069434 0.00010582 1.4675e-05 1.2556e-06
4.093e-08 1.7566e-05 0.0034789 0.0008644 0.00069451 0.00010611 1.4926e-05 1.2506e-06
4.2437e-08 1.7442e-05 0.0034051 0.00085968 0.00069468 0.0001064 1.5194e-05 1.247e-06
4.486e-08 1.732e-05 0.0033538 0.000855 0.00069487 0.00010671 1.548e-05 1.2449e-06
4.8314e-08 1.7199e-05 0.0033238 0.00085037 0.00069506 0.00010702 1.5786e-05 1.2443e-06
5.285e-08 1.7079e-05 0.0033128 0.00084578 0.00069527 0.00010734 1.6112e-05 1.2449e-06
5.6555e-08 1.6954e-05 0.0032898 0.00084117 0.00069546 0.00010766 1.6428e-05 1.2424e-06
6.1456e-08 1.683e-05 0.0032857 0.0008366 0.00069567 0.00010798 1.6765e-05 1.2411e-06
6.7759e-08 1.6706e-05 0.0033002 0.00083206 0.00069588 0.0001083 1.7122e-05 1.2411e-06
7.3086e-08 1.6578e-05 0.0033024 0.00082751 0.00069608 0.00010862 1.7469e-05 1.2379e-06
7.7462e-08 1.6445e-05 0.0032923 0.00082293 0.00069628 0.00010893 1.7807e-05 1.2314e-06
8.346e-08 1.6313e-05 0.0033027 0.0008184 0.00069648 0.00010924 1.8167e-05 1.2264e-06
9.1379e-08 1.6183e-05 0.003334 0.00081391 0.0006967 0.00010957 1.8551e-05 1.223e-06
8.5244e-08 1.6053e-05 0.0033852 0.00080945 0.00069692 0.0001099 1.8959e-05 1.2208e-06
7.8024e-08 1.5919e-05 0.0034234 0.00080498 0.00069714 0.00011022 1.9356e-05 1.2154e-06
7.2614e-08 1.5785e-05 0.003484 0.00080055 0.00069736 0.00011056 1.9779e-05 1.2115e-06
6.6205e-08 1.5647e-05 0.0035316 0.00079609 0.00069758 0.00011088 2.0192e-05 1.2043e-06
5.87e-08 1.5504e-05 0.0035656 0.00079162 0.00069778 0.00011119 2.0593e-05 1.1938e-06
5.2828e-08 1.5361e-05 0.0036212 0.00078718 0.000698 0.0001115 2.102e-05 1.1847e-06
4.8472e-08 1.5221e-05 0.0033568 0.00078279 0.00069823 0.00011183 2.09e-05 1.1788e-06
4.3169e-08 1.5075e-05 0.0030708 0.00077837 0.00069845 0.00011215 2.0771e-05 1.1694e-06
3.6838e-08 1.4923e-05 0.0027612 0.00077393 0.00069865 0.00011245 2.0634e-05 1.1566e-06
2.9408e-08 1.4767e-05 0.0024262 0.00076947 0.00069885 0.00011275 2.0488e-05 1.1403e-06
2.3445e-08 1.4612e-05 0.0021386 0.00076504 0.00069905 0.00011305 2.0358e-05 1.1255e-06
1.646e-08 1.4451e-05 0.0018271 0.0007606 0.00069925 0.00011333 2.022e-05 1.1071e-06
1.9049e-08 1.4286e-05 0.0014888 0.00075612 0.00069943 0.00011361 2.0072e-05 1.0852e-06
2.2359e-08 1.4121e-05 0.0011996 0.00075169 0.00069963 0.00011389 1.9941e-05 1.065e-06
2.4884e-08 1.3951e-05 0.001238 0.00074723 0.00069981 0.00011417 1.98e-05 1.0411e-06
2.8326e-08 1.3783e-05 0.0012913 0.00074282 0.00070001 0.00011445 1.9678e-05 1.0192e-06
2.44e-08 1.3617e-05 0.0013608 0.00073846 0.00070022 0.00011475 1.9574e-05 9.9923e-07
2.1459e-08 1.3453e-05 0.0014484 0.00073415 0.00070044 0.00011506 1.9488e-05 9.8121e-07
1.932e-08 1.3291e-05 0.0013581 0.00072988 0.00070068 0.00011539 1.9419e-05 9.6504e-07
1.64e-08 1.3123e-05 0.0012537 0.00072559 0.0007009 0.0001157 1.934e-05 9.4514e-07
1.4119e-08 1.2956e-05 0.0011673 0.00072134 0.00070114 0.00011602 1.9278e-05 9.268e-07
1.2353e-08 1.2791e-05 0.0010967 0.00071714 0.00070139 0.00011636 1.9231e-05 9.0995e-07
1.1012e-08 1.2628e-05 0.0010401 0.00071298 0.00070165 0.0001167 1.9199e-05 8.9459e-07
1.0037e-08 1.2465e-05 0.00099641 0.00070886 0.00070193 0.00011706 1.9184e-05 8.807e-07
8.4087e-09 1.2298e-05 0.0009412 0.00070472 0.00070219 0.00011741 1.9159e-05 8.631e-07
7.1429e-09 1.2131e-05 0.00089907 0.00070062 0.00070246 0.00011777 1.915e-05 8.4713e-07
6.1875e-09 1.1967e-05 0.00086951 0.00069657 0.00070275 0.00011814 1.9159e-05 8.3288e-07
4.5268e-09 1.1796e-05 0.00083139 0.00069248 0.00070303 0.0001185 1.9156e-05 8.1437e-07
3.1932e-09 1.1628e-05 0.00080657 0.00068845 0.00070332 0.00011887 1.9171e-05 7.9789e-07
2.172e-09 1.1462e-05 0.00079469 0.00068447 0.00070363 0.00011926 1.9207e-05 7.835e-07
1.2742e-09 1.1299e-05 0.00079554 0.00068055 0.00070395 0.00011967 1.9263e-05 7.7119e-07
4.5131e-10 1.1138e-05 0.00081097 0.00067668 0.00070429 0.0001201 1.9342e-05 7.6128e-07
6.5954e-10 1.097e-05 0.0008118 0.00067277 0.00070462 0.00012051 1.9406e-05 7.4675e-07
7.6726e-10 1.0806e-05 0.00082834 0.00066892 0.00070497 0.00012094 1.9494e-05 7.3478e-07
2.8757e-09 1.0634e-05 0.00082956 0.00066503 0.00070529 0.00012135 1.9565e-05 7.1808e-07
5.6553e-09 1.0466e-05 0.00084731 0.0006612 0.00070564 0.00012178 1.9662e-05 7.0401e-07
5.7939e-09 1.03e-05 0.00082005 0.00065743 0.00070601 0.00012223 1.9612e-05 6.5678e-07
5.5827e-09 1.0138e-05 0.00080832 0.00065372 0.00070639 0.0001227 1.9585e-05 6.1285e-07
5.0216e-09 9.9778e-06 0.00081135 0.00065007 0.0007068 0.0001232 1.9582e-05 5.7194e-07
4.1108e-09 9.8092e-06 0.00070049 0.00064647 0.00070723 0.00012366 1.9607e-05 5.353e-07
3.4748e-09 9.6432e-06 0.00061362 0.00064292 0.00070767 0.00012415 1.9655e-05 5.0106e-07
3.032e-09 9.4796e-06 0.00054593 0.00063944 0.00070813 0.00012466 1.9726e-05 4.6897e-07
2.7275e-09 9.3183e-06 0.0004938 0.000636 0.00070862 0.00012519 1.94e-05 4.3882e-07
2.5173e-09 9.1592e-06 0.00045428 0.00063261 0.00070912 0.00012573 1.9107e-05 4.1038e-07
2.4028e-09 9.0024e-06 0.00042633 0.00062928 0.00070964 0.0001263 1.8845e-05 3.8368e-07
2.3359e-09 8.8476e-06 0.00040737 0.000626 0.00071017 0.0001269 1.861e-05 3.583e-07
2.337e-09 8.695e-06 0.0003974 0.00062277 0.00071073 0.00012751 1.8403e-05 3.3432e-07
2.4061e-09 8.5446e-06 0.00039592 0.00061959 0.00071131 0.00012815 1.8221e-05 3.1157e-07
2.5536e-09 8.3962e-06 0.00040298 0.00061647 0.0007119 0.0001288 1.8065e-05 2.8994e-07
2.8014e-09 8.2499e-06 0.00041911 0.00061339 0.00071252 0.00012949 1.7932e-05 2.693e-07
2.4597e-09 8.0971e-06 0.00042408 0.00061028 0.00071311 0.00013015 1.7785e-05 2.4491e-07
2.2233e-09 7.9464e-06 0.00043865 0.00060722 0.00071373 0.00013083 1.7661e-05 2.2148e-07
5.233e-09 7.7893e-06 0.00044195 0.00060411 0.00071433 0.00013149 1.7522e-05 1.9437e-07
5.0843e-09 7.6343e-06 0.00045544 0.00060106 0.00071495 0.00013218 1.7407e-05 1.682e-07
5.194e-09 7.481e-06 0.00047889 0.00059806 0.00071559 0.00013289 1.7313e-05 1.4263e-07
4.6236e-09 7.3214e-06 0.00049032 0.00059502 0.00071621 0.00013357 1.7205e-05 1.1347e-07
4.3516e-09 7.1638e-06 0.00051341 0.00059203 0.00071685 0.00013429 1.712e-05 8.504e-08
4.3528e-09 7.0083e-06 0.00054981 0.0005891 0.00071751 0.00013502 1.7057e-05 5.7202e-08
3.6793e-09 6.8462e-06 0.00057258 0.00058612 0.00071815 0.00013574 1.698e-05 2.5826e-08
6.6564e-09 6.6774e-06 0.00058122 0.0005831 0.00071878 0.00013643 1.6886e-05 2.5057e-08
2.7518e-08 6.9371e-06 0.00057458 0.00058004 0.00071938 0.00013698 1.6768e-05 4.9664e-08
3.3501e-08 7.1999e-06 0.00058007 0.00057703 0.00072 0.00013756 1.6148e-05 7.4368e-08
4.2112e-08 7.4664e-06 0.00059854 0.00057407 0.00072065 0.00013816 1.5584e-05 9.941e-08
4.2164e-08 7.736e-06 0.00062928 0.00057116 0.00072131 0.00013879 1.5068e-05 1.2472e-07
4.3572e-08 8.009e-06 0.00067405 0.00056829 0.000722 0.00013944 1.4595e-05 1.5048e-07
3.6627e-08 8.2853e-06 0.00073428 0.00056547 0.0007227 0.00014011 1.4163e-05 1.7677e-07
3.1471e-08 8.5643e-06 0.00081055 0.00056269 0.00072342 0.0001408 1.3764e-05 2.0348e-07
2.7519e-08 8.8455e-06 0.00090256 0.00055994 0.00072415 0.00014151 1.3393e-05 2.3039e-07
2.4585e-08 9.1289e-06 0.0010136 0.00055723 0.0007249 0.00014224 1.3049e-05 2.5764e-07
2.2468e-08 9.4145e-06 0.0011461 0.00055455 0.00072566 0.00014299 1.2728e-05 2.8526e-07
1.9598e-08 9.6946e-06 0.0012644 0.00055184 0.00072641 0.00014372 1.2396e-05 3.0981e-07
1.7426e-08 9.9766e-06 0.0014052 0.00054917 0.00072717 0.00014447 1.2086e-05 3.3468e-07
1.5827e-08 1.0261e-05 0.0013547 0.00054653 0.00072794 0.00014523 1.1797e-05 3.5992e-07
1.465e-08 1.0546e-05 0.0013169 0.00054391 0.00072873 0.00014601 1.1526e-05 3.8538e-07
1.285e-08 1.0826e-05 0.0012686 0.00054127 0.00072951 0.00014677 1.1246e-05 4.0785e-07
1.1465e-08 1.1109e-05 0.0012333 0.00053866 0.0007303 0.00014755 1.0984e-05 4.3066e-07
9.4835e-09 1.1385e-05 0.001188 0.00053604 0.00073107 0.00014832 1.0713e-05 4.5053e-07
7.8088e-09 1.1664e-05 0.0011538 0.00053343 0.00073186 0.0001491 1.0458e-05 4.7058e-07
5.5696e-09 1.1937e-05 0.0011102 0.00053081 0.00073264 0.00014987 1.0196e-05 4.8773e-07
3.6212e-09 1.2212e-05 0.0010782 0.00052821 0.00073343 0.00015065 9.9501e-06 5.0525e-07
5.7995e-09 1.2482e-05 0.0010367 0.0005256 0.00073421 0.00015142 9.6962e-06 5.1982e-07
8.2689e-09 1.2753e-05 0.0010051 0.000523 0.000735 0.0001522 9.4572e-06 5.3462e-07
1.0145e-08 1.302e-05 0.00096428 0.00052039 0.00073579 0.00015297 9.2104e-06 5.4646e-07
1.1441e-08 1.3281e-05 0.00091405 0.00051776 0.00073656 0.00015373 8.9557e-06 5.5535e-07
1.2161e-08 1.3537e-05 0.0011388 0.00051511 0.00073732 0.00015447 8.6929e-06 5.6129e-07
1.3214e-08 1.3794e-05 0.0013988 0.00051249 0.00073809 0.00015523 8.4462e-06 5.6763e-07
1.4597e-08 1.4053e-05 0.0016966 0.00050989 0.00073887 0.000156 8.2137e-06 5.742e-07
1.643e-08 1.4306e-05 0.0020421 0.00050731 0.00073967 0.00015675 7.9958e-06 5.8121e-07
1.8737e-08 1.456e-05 0.0024386 0.00050476 0.00074047 0.00015752 7.7908e-06 5.8848e-07
2.0391e-08 1.4809e-05 0.00281 0.00050219 0.00074127 0.00015827 7.5786e-06 5.928e-07
2.2643e-08 1.506e-05 0.0032419 0.00049965 0.00074208 0.00015904 7.3798e-06 5.9756e-07
2.5609e-08 1.5312e-05 0.0037442 0.00049713 0.0007429 0.00015983 7.1939e-06 6.0279e-07
2.9449e-08 1.5567e-05 0.0043289 0.00049463 0.00074373 0.00016063 7.0202e-06 6.0852e-07
3.2501e-08 1.5817e-05 0.0048781 0.00049212 0.00074455 0.00016142 6.8397e-06 6.1124e-07
3.5207e-08 1.6068e-05 0.0049126 0.00048964 0.00074538 0.00016222 6.6713e-06 6.145e-07
3.7566e-08 1.6322e-05 0.0049751 0.00048717 0.00074623 0.00016304 6.5145e-06 6.1832e-07
3.9579e-08 1.657e-05 0.0050224 0.00048469 0.00074706 0.00016385 6.3513e-06 6.1914e-07
4.1246e-08 1.6816e-05 0.0050655 0.0004822 0.00074789 0.00016465 6.1862e-06 6.1787e-07
4.2567e-08 1.7058e-05 0.0051042 0.00047971 0.00074872 0.00016544 6.0191e-06 6.145e-07
4.3542e-08 1.7296e-05 0.0051386 0.0004772 0.00074954 0.00016623 5.8502e-06 6.0904e-07
4.417e-08 1.7531e-05 0.0051688 0.00047469 0.00075036 0.00016701 5.6794e-06 6.0149e-07
4.4452e-08 1.7763e-05 0.0051946 0.00047217 0.00075117 0.00016779 5.5067e-06 5.9184e-07
4.4388e-08 1.7992e-05 0.0052161 0.00046964 0.00075198 0.00016856 5.3322e-06 5.801e-07
4.3977e-08 1.8217e-05 0.0052332 0.00046711 0.00075279 0.00016933 5.1557e-06 5.6627e-07
4.322e-08 1.8439e-05 0.0052461 0.00046456 0.00075358 0.00017009 4.9773e-06 5.5034e-07
4.2118e-08 1.8657e-05 0.0052547 0.00046201 0.00075438 0.00017084 4.797e-06 5.3231e-07
4.0668e-08 1.8873e-05 0.0052589 0.00045945 0.00075517 0.00017159 4.6148e-06 5.1219e-07
3.8873e-08 1.9084e-05 0.0052589 0.00045688 0.00075596 0.00017233 4.4307e-06 4.8998e-07
3.6732e-08 1.9293e-05 0.0052545 0.00045431 0.00075674 0.00017306 4.2447e-06 4.6567e-07
3.4244e-08 1.9498e-05 0.0052459 0.00045172 0.00075751 0.00017379 4.0568e-06 4.3927e-07
3.141e-08 1.97e-05 0.0052329 0.00044913 0.00075829 0.00017452 3.867e-06 4.1078e-07
2.8229e-08 1.9899e-05 0.0052156 0.00044653 0.00075905 0.00017523 3.6753e-06 3.8019e-07
2.5862e-08 2.0099e-05 0.0052251 0.00044395 0.00075983 0.00017597 3.4943e-06 3.5003e-07
2.2725e-08 2.0294e-05 0.0052188 0.00044136 0.0007606 0.00017669 3.3065e-06 3.1681e-07
2.0324e-08 2.0492e-05 0.0052394 0.00043878 0.00076138 0.00017742 3.1291e-06 2.8399e-07
1.7149e-08 2.0683e-05 0.0052432 0.00043619 0.00076215 0.00017814 2.9447e-06 2.4804e-07
1.4719e-08 2.0878e-05 0.0052771 0.00043362 0.00076293 0.00017888 2.7715e-06 2.1267e-07
1.1542e-08 2.1066e-05 0.0052993 0.00043104 0.00076371 0.00017961 2.5907e-06 2.5318e-07
8.958e-09 2.1258e-05 0.0053504 0.00042848 0.00076449 0.00018035 2.4201e-06 2.9436e-07
6.8622e-09 2.1452e-05 0.0054339 0.00042594 0.00076529 0.00018111 2.2597e-06 3.365e-07
5.1524e-09 2.1648e-05 0.0055492 0.00042344 0.0007661 0.00018189 2.1079e-06 3.7951e-07
3.6397e-09 2.1847e-05 0.0056983 0.00042095 0.00076693 0.00018268 1.9641e-06 4.2345e-07
2.2456e-09 2.2048e-05 0.0058847 0.00041849 0.00076777 0.0001835 1.8276e-06 4.684e-07
3.9655e-09 2.2244e-05 0.0060508 0.00041601 0.00076859 0.0001843 1.6858e-06 5.1008e-07
5.8616e-09 2.2442e-05 0.0062553 0.00041355 0.00076943 0.00018511 1.5507e-06 5.5275e-07
8.0635e-09 2.2643e-05 0.0065056 0.00041112 0.00077028 0.00018595 1.4226e-06 5.9671e-07
9.6819e-09 2.2838e-05 0.0067338 0.00040866 0.00077112 0.00018676 1.2894e-06 6.374e-07
1.1608e-08 2.3035e-05 0.0070068 0.00040623 0.00077197 0.0001876 1.1622e-06 6.7917e-07
1.3984e-08 2.3235e-05 0.0073344 0.00040382 0.00077284 0.00018845 1.041e-06 7.2233e-07
1.6863e-08 2.3437e-05 0.0077196 0.00040143 0.00077371 0.00018932 9.2497e-07 7.6675e-07
1.9088e-08 2.3634e-05 0.008078 0.00039902 0.00077458 0.00019018 8.0449e-07 8.0792e-07
2.1891e-08 2.3833e-05 0.0084989 0.00039663 0.00077546 0.00019105 6.8891e-07 8.5042e-07
2.3994e-08 2.4026e-05 0.0088895 0.00040284 0.00077624 0.00019191 7.2972e-07 8.8956e-07
2.6815e-08 2.4222e-05 0.009353 0.0004091 0.00077703 0.00019279 7.7237e-07 9.3032e-07
2.8941e-08 2.4413e-05 0.0097864 0.00041534 0.00077781 0.00019365 8.1172e-07 9.6783e-07
3.0388e-08 2.4599e-05 0.010191 0.00042156 0.00077859 0.0001945 8.4776e-07 1.0021e-06
3.25e-08 2.4787e-05 0.010666 0.00042782 0.00077937 0.00019537 8.8539e-07 1.0377e-06
3.3919e-08 2.497e-05 0.01111 0.00043405 0.00078014 0.00019622 9.1972e-07 1.0701e-06
3.4633e-08 2.5147e-05 0.011523 0.00044027 0.00078091 0.00019706 9.5068e-07 1.0992e-06
3.611e-08 2.5328e-05 0.012014 0.00044653 0.00078168 0.00019792 9.8354e-07 1.1299e-06
3.8422e-08 2.551e-05 0.012595 0.00045285 0.00078247 0.0001988 1.0184e-06 1.1624e-06
4.1682e-08 2.5696e-05 0.013278 0.00045921 0.00078327 0.00019969 1.0554e-06 1.1967e-06
4.5949e-08 2.5883e-05 0.014072 0.00046562 0.00078409 0.0002006 1.0944e-06 1.2328e-06
5.1415e-08 2.6073e-05 0.014994 0.00047208 0.00078491 0.00020153 1.1356e-06 1.2706e-06
5.5943e-08 2.6258e-05 0.015858 0.00047851 0.00078572 0.00020245 1.173e-06 1.3048e-06
4.9853e-08 2.6435e-05 0.01688 0.000485 0.00078655 0.00020334 1.2132e-06 1.3414e-06
1.5939e-08 2.6615e-05 0.018085 0.00049154 0.00078739 0.00020425 1.2563e-06 1.3804e-06
1.3012e-08 2.679e-05 0.019217 0.00049806 0.00078822 0.00020515 1.2956e-06 1.4158e-06
1.0585e-08 2.6967e-05 0.020533 0.00050463 0.00078906 0.00020606 1.3375e-06 1.4533e-06
8.5461e-09 2.7146e-05 0.02206 0.00051125 0.00078991 0.000207 1.3819e-06 1.4929e-06
5.9029e-09 2.7321e-05 0.023498 0.00051784 0.00079076 0.00020792 1.4226e-06 1.5289e-06
3.5774e-09 2.7497e-05 0.025163 0.00052448 0.00079161 0.00020885 1.4659e-06 1.5671e-06
5.3541e-09 2.7669e-05 0.026738 0.0005311 0.00079246 0.00020978 1.5055e-06 1.6017e-06
6.5951e-09 2.7835e-05 0.028223 0.00053769 0.00079329 0.00021068 1.5413e-06 1.6327e-06
8.0124e-09 2.8003e-05 0.029941 0.00054434 0.00079413 0.00021161 1.5798e-06 1.6659e-06
8.8936e-09 2.8166e-05 0.031569 0.00055103 0.00079499 0.00021252 1.6146e-06 1.6955e-06
9.237e-09 2.8324e-05 0.033108 0.0005577 0.00079584 0.00021342 1.6457e-06 1.7216e-06
9.8012e-09 2.8484e-05 0.034904 0.00056443 0.0007967 0.00021434 1.6797e-06 1.7501e-06
1.0611e-08 2.8648e-05 0.036997 0.00057121 0.00079757 0.00021527 1.7168e-06 1.781e-06
1.1705e-08 2.8814e-05 0.039433 0.00057804 0.00079846 0.00021623 1.757e-06 1.8146e-06
1.2249e-08 2.8975e-05 0.04175 0.00058485 0.00079933 0.00021717 1.7935e-06 1.8446e-06
1.3056e-08 2.9138e-05 0.044417 0.00059171 0.00080022 0.00021813 1.8329e-06 1.8769e-06
1.4161e-08 2.9304e-05 0.047488 0.00059863 0.00080111 0.00021911 1.8753e-06 1.9115e-06
1.5665e-08 2.9473e-05 0.051059 0.0006056 0.00080202 0.00022011 1.9212e-06 1.949e-06
1.7583e-08 2.9644e-05 0.05517 0.00061262 0.00080295 0.00022113 1.9703e-06 1.9889e-06
2.0067e-08 2.9818e-05 0.059954 0.0006197 0.00080388 0.00022216 2.0233e-06 1.8516e-06
2.1904e-08 2.9987e-05 0.064504 0.00062675 0.00080481 0.00022319 2.0724e-06 1.7097e-06
2.3084e-08 3.0151e-05 0.06882 0.00063378 0.00080572 0.0002242 2.1174e-06 1.5629e-06
2.4802e-08 3.0317e-05 0.073793 0.00064087 0.00080665 0.00022522 2.1659e-06 1.422e-06
2.7256e-08 3.0486e-05 0.079529 0.00064801 0.00080758 0.00022627 2.2182e-06 1.2865e-06
3.0527e-08 3.0658e-05 0.086217 0.00065521 0.00080853 0.00022734 2.2749e-06 1.1567e-06
3.3041e-08 3.0825e-05 0.09255 0.00066238 0.00080948 0.0002284 2.3272e-06 1.0223e-06
3.6384e-08 3.0994e-05 0.099863 0.00066962 0.00081043 0.00022947 2.3836e-06 8.9295e-07
4.0822e-08 3.1167e-05 0.10841 0.00067691 0.00081139 0.00023057 2.4449e-06 7.6888e-07
4.4341e-08 3.1344e-05 0.11643 0.00068417 0.00081235 0.00023169 2.5005e-06 8.0806e-07
4.908e-08 3.1524e-05 0.12385 0.0006915 0.00081332 0.00023283 2.5484e-06 8.4185e-07
5.528e-08 3.1708e-05 0.13251 0.00069889 0.0008143 0.000234 2.6011e-06 8.7719e-07
6.3094e-08 3.1895e-05 0.14249 0.00070633 0.00081529 0.00023519 2.6581e-06 9.139e-07
7.2864e-08 3.2085e-05 0.154 0.00071384 0.0008163 0.0002364 2.7197e-06 9.5205e-07
8.1415e-08 3.2269e-05 0.16491 0.00072132 0.0008173 0.00023759 2.7768e-06 9.8677e-07
9.2171e-08 3.2456e-05 0.17749 0.00072886 0.0008183 0.00023881 2.8384e-06 1.023e-06
1.0166e-07 3.2638e-05 0.18945 0.00073637 0.0008193 0.00024001 2.8957e-06 1.0558e-06
9.6367e-08 3.2822e-05 0.20323 0.00074395 0.00082031 0.00024123 2.9577e-06 1.0902e-06
9.2686e-08 3.301e-05 0.21909 0.00075158 0.00082133 0.00024247 3.0247e-06 1.1263e-06
8.8001e-08 3.3193e-05 0.2342 0.00075919 0.00082235 0.0002437 3.0871e-06 1.1589e-06
8.2239e-08 3.3369e-05 0.24854 0.00076677 0.00082335 0.00024491 3.1448e-06 1.188e-06
7.8191e-08 3.355e-05 0.26523 0.00077441 0.00082436 0.00024615 3.2082e-06 1.219e-06
7.3094e-08 3.3724e-05 0.28107 0.00078203 0.00082537 0.00024737 3.2667e-06 1.2465e-06
6.9601e-08 3.3903e-05 0.29951 0.00078971 0.00082638 0.00024861 3.3311e-06 1.2762e-06
6.7544e-08 3.4085e-05 0.30333 0.00079747 0.00082742 0.00024988 3.402e-06 1.3085e-06
6.4538e-08 3.4262e-05 0.30694 0.00080519 0.00082844 0.00025114 3.4678e-06 1.3371e-06
6.0512e-08 3.4432e-05 0.31035 0.00081289 0.00082945 0.00025237 3.5284e-06 1.362e-06
5.7896e-08 3.4607e-05 0.31436 0.00082065 0.00083047 0.00025364 3.5954e-06 1.3892e-06
5.6525e-08 3.4786e-05 0.31907 0.00082849 0.00083151 0.00025493 3.6693e-06 1.419e-06
5.6221e-08 3.4969e-05 0.32454 0.0008364 0.00083257 0.00025624 3.7498e-06 1.4511e-06
5.7095e-08 3.5156e-05 0.32542 0.00084439 0.00083364 0.00025759 3.8382e-06 1.4861e-06
5.9216e-08 3.5349e-05 0.32413 0.00085246 0.00083473 0.00025896 3.9349e-06 1.5243e-06
6.2736e-08 3.5546e-05 0.32313 0.00086061 0.00083583 0.00026037 4.0405e-06 1.5656e-06
6.555e-08 3.5737e-05 0.32202 0.00086872 0.00083692 0.00026175 4.1394e-06 1.6026e-06
6.7324e-08 3.592e-05 0.3208 0.0008768 0.000838 0.00026312 4.2318e-06 1.6353e-06
7.0436e-08 3.6109e-05 0.31983 0.00088494 0.00083909 0.00026451 4.3323e-06 1.6709e-06
7.5246e-08 3.6288e-05 0.314 0.00089318 0.0008402 0.00026587 4.4426e-06 1.7101e-06
7.9712e-08 3.6461e-05 0.30784 0.00090137 0.0008413 0.00026721 4.5464e-06 1.7452e-06
8.3835e-08 3.6627e-05 0.30132 0.00090953 0.00084238 0.00026853 4.644e-06 1.7761e-06
8.7614e-08 3.6787e-05 0.29441 0.00091765 0.00084345 0.00026983 4.7354e-06 1.8028e-06
9.1051e-08 3.6944e-05 0.28749 0.00092577 0.00084452 0.00027113 4.8248e-06 1.8275e-06
9.4144e-08 3.7098e-05 0.28056 0.00093389 0.00084558 0.00027243 4.9122e-06 1.8501e-06
9.6894e-08 3.7248e-05 0.27362 0.00094201 0.00084664 0.00027371 4.9976e-06 1.8707e-06
1.0143e-07 3.7403e-05 0.2677 0.0009502 0.00084772 0.00027503 5.0916e-06 1.8943e-06
1.0486e-07 3.7552e-05 0.26145 0.00095836 0.00084878 0.00027633 5.1798e-06 1.914e-06
9.3006e-08 3.7705e-05 0.25612 0.0009666 0.00084986 0.00027765 5.2767e-06 1.9367e-06
7.957e-08 3.7852e-05 0.25047 0.0009748 0.00085093 0.00027896 5.3675e-06 1.9554e-06
6.9057e-08 3.8003e-05 0.24566 0.00098308 0.00085201 0.0002803 5.4672e-06 1.9772e-06
6.0882e-08 3.8158e-05 0.22273 0.00099144 0.0008531 0.00028166 5.5761e-06 2.002e-06
5.4453e-08 3.8318e-05 0.20284 0.00099987 0.00085421 0.00028305 5.6938e-06 2.0296e-06
4.9476e-08 3.8481e-05 0.18558 0.0010084 0.00085534 0.00028446 5.8205e-06 2.0601e-06
4.3508e-08 3.8649e-05 0.16738 0.0010168 0.00085645 0.00028591 5.9409e-06 2.0865e-06
3.6518e-08 3.8811e-05 0.14818 0.0010253 0.00085755 0.00028734 6.0549e-06 2.1089e-06
2.8462e-08 3.8968e-05 0.12793 0.0010337 0.00085864 0.00028875 6.1629e-06 2.1274e-06
2.2005e-08 3.9128e-05 0.11056 0.0010422 0.00085975 0.00029019 6.2805e-06 2.149e-06
1.4599e-08 3.9283e-05 0.10883 0.0010506 0.00086084 0.00029161 6.392e-06 2.1668e-06
8.5433e-09 3.9442e-05 0.10738 0.0010592 0.00086195 0.00029307 6.5135e-06 2.1877e-06
3.5119e-09 3.9605e-05 0.099949 0.0010678 0.00086307 0.00029455 6.6453e-06 2.2117e-06
3.9077e-09 3.9762e-05 0.092118 0.0010764 0.00086418 0.00029601 6.7708e-06 2.2318e-06
4.3382e-09 3.9924e-05 0.085385 0.001085 0.00086531 0.0002975 6.9065e-06 2.255e-06
4.2947e-09 4.0079e-05 0.078316 0.0010936 0.00086642 0.00029897 7.0364e-06 2.2745e-06
4.2846e-09 4.0239e-05 0.072231 0.0011023 0.00086755 0.00030048 7.1766e-06 2.297e-06
4.2787e-09 4.0402e-05 0.066937 0.0011111 0.0008687 0.000302 7.3265e-06 2.3222e-06
4.3017e-09 4.0569e-05 0.062377 0.00112 0.00086985 0.00030356 7.4876e-06 2.3504e-06
4.3538e-09 4.074e-05 0.058451 0.0011289 0.00087102 0.00030514 7.6601e-06 2.3817e-06
4.4372e-09 4.0915e-05 0.055072 0.0011379 0.0008722 0.00030675 7.8448e-06 2.4162e-06
4.0463e-09 4.1084e-05 0.051515 0.0011469 0.00087338 0.00030834 8.0229e-06 2.4469e-06
3.6812e-09 4.1258e-05 0.048454 0.0011559 0.00087456 0.00030996 8.2135e-06 2.4809e-06
3.3244e-09 4.1435e-05 0.045821 0.0011651 0.00087576 0.00031161 8.4171e-06 2.5182e-06
2.5026e-09 4.1606e-05 0.043047 0.0011742 0.00087695 0.00031324 8.6139e-06 2.5517e-06
1.6482e-09 4.1782e-05 0.040636 0.0011833 0.00087816 0.0003149 8.8231e-06 2.5882e-06
7.4597e-10 4.1961e-05 0.038566 0.0011926 0.00087937 0.00031659 9.0464e-06 2.6281e-06
1.5312e-09 4.2135e-05 0.036387 0.0012018 0.00088058 0.00031827 9.2628e-06 2.6644e-06
1.8851e-09 4.2303e-05 0.034095 0.001211 0.00088178 0.00031992 9.4723e-06 2.6968e-06
1.8092e-09 4.2466e-05 0.031683 0.0012202 0.00088297 0.00032156 9.6751e-06 2.7255e-06
1.3025e-09 4.2623e-05 0.029145 0.0012293 0.00088414 0.00032319 9.8711e-06 2.7504e-06
3.4449e-09 4.2775e-05 0.026472 0.0012385 0.00088531 0.0003248 1.006e-05 2.7715e-06
5.8406e-09 4.2931e-05 0.024178 0.0012477 0.00088649 0.00032644 1.0263e-05 2.7961e-06
7.6866e-09 4.3081e-05 0.021812 0.0012568 0.00088766 0.00032806 1.046e-05 2.817e-06
9.8073e-09 4.3236e-05 0.019759 0.0012661 0.00088885 0.00032971 1.0669e-05 2.841e-06
1.2292e-08 4.3393e-05 0.017976 0.0012754 0.00089004 0.00033139 1.0893e-05 2.8682e-06
1.5246e-08 4.3555e-05 0.016429 0.0012848 0.00089125 0.0003331 1.113e-05 2.8986e-06
1.8874e-08 4.3721e-05 0.015101 0.0012943 0.00089248 0.00033483 1.1385e-05 2.9329e-06
2.3359e-08 4.389e-05 0.013963 0.0013038 0.00089372 0.0003366 1.1656e-05 2.971e-06
2.7069e-08 4.4055e-05 0.012756 0.0013134 0.00089494 0.00033835 1.1919e-05 3.005e-06
3.169e-08 4.4223e-05 0.011712 0.001323 0.00089619 0.00034013 1.2199e-05 3.0427e-06
3.5498e-08 4.4385e-05 0.010606 0.0013326 0.00089742 0.00034189 1.2471e-05 3.0762e-06
3.8498e-08 4.4542e-05 0.009431 0.0013421 0.00089864 0.00034363 1.2734e-05 3.1057e-06
4.2526e-08 4.4703e-05 0.0084222 0.0013518 0.00089987 0.0003454 1.3014e-05 3.139e-06
4.5637e-08 4.4857e-05 0.0073401 0.0013614 0.00090109 0.00034716 1.3285e-05 3.1679e-06
4.7793e-08 4.5005e-05 0.0061684 0.0013709 0.0009023 0.00034889 1.3545e-05 3.1918e-06
4.0481e-08 4.5159e-05 0.0051933 0.0013806 0.00090353 0.00035066 1.3827e-05 3.2209e-06
3.5011e-08 4.5318e-05 0.0043851 0.0013903 0.00090478 0.00035247 1.4132e-05 3.2555e-06
2.8086e-08 4.547e-05 0.0034815 0.0014001 0.00090601 0.00035425 1.4422e-05 3.2838e-06
2.3205e-08 4.5629e-05 0.0027615 0.0014099 0.00090726 0.00035608 1.4347e-05 3.3193e-06
1.9889e-08 4.5797e-05 0.0021906 0.0014199 0.00090854 0.00035796 1.4291e-05 3.3623e-06
1.7734e-08 4.5973e-05 0.0017349 0.00143 0.00090984 0.00035989 1.3802e-05 3.4128e-06
1.438e-08 4.6138e-05 0.0017174 0.00144 0.00091112 0.00036179 1.3284e-05 3.4555e-06
1.2374e-08 4.6313e-05 0.0015163 0.0014499 0.00091237 0.00036373 1.2817e-05 3.5079e-06
9.3114e-09 4.6477e-05 0.0012794 0.0014598 0.00091361 0.00036564 1.2324e-05 3.5526e-06
7.1217e-09 4.665e-05 0.0010922 0.0014697 0.00091486 0.0003676 1.1873e-05 3.6053e-06
5.5513e-09 4.6831e-05 0.00094474 0.0014799 0.00091615 0.00036962 1.146e-05 3.6663e-06
4.4214e-09 4.7021e-05 0.00082907 0.0014901 0.00091745 0.00037169 1.1083e-05 3.7358e-06
3.6056e-09 4.722e-05 0.00073912 0.0015005 0.00091878 0.00037381 1.0739e-05 3.8144e-06
3.0555e-09 4.7428e-05 0.00067198 0.0015111 0.00092014 0.00037599 1.0428e-05 3.9034e-06
2.7038e-09 4.7646e-05 0.00062368 0.0015218 0.00092153 0.00037824 1.0148e-05 4.0052e-06
2.4717e-09 4.7872e-05 0.00058996 0.0015333 0.00091817 0.00038054 9.895e-06 4.118e-06
2.3661e-09 4.8109e-05 0.00057022 0.001545 0.00091486 0.00038291 9.6681e-06 4.2433e-06
2.3748e-09 4.8356e-05 0.00056329 0.0015568 0.00091158 0.00038534 9.466e-06 4.3821e-06
2.4682e-09 4.8612e-05 0.00056764 0.0015689 0.00090833 0.00038783 9.2853e-06 4.5341e-06
2.6605e-09 4.8878e-05 0.0005836 0.0015811 0.00090511 0.00039038 9.1249e-06 4.7004e-06
2.9784e-09 4.9153e-05 0.0005077 0.0015934 0.00090193 0.000393 8.9837e-06 4.882e-06
3.4621e-09 4.9438e-05 0.0004491 0.0016059 0.00089877 0.00039568 8.8607e-06 5.0801e-06
4.1728e-09 4.9733e-05 0.00022248 0.0016186 0.00089565 0.00039843 8.7552e-06 5.2959e-06
4.1774e-09 5.0041e-05 0.00019997 0.0016312 0.0008925 0.00040127 8.6355e-06 5.4969e-06
4.4722e-09 5.036e-05 0.00018464 0.001644 0.00088939 0.00040417 8.5342e-06 5.7175e-06
4.0625e-09 5.0668e-05 0.00026388 0.0016566 0.00088625 0.00040703 8.4196e-06 5.9239e-06
3.8933e-09 5.0986e-05 0.00036251 0.0016695 0.00088315 0.00040996 8.3216e-06 6.149e-06
3.9435e-09 5.1315e-05 0.00048598 0.0016825 0.00088007 0.00041296 8.2396e-06 6.3942e-06
3.3248e-09 5.1633e-05 0.00058812 0.0016954 0.00087698 0.00041591 8.1455e-06 6.6247e-06
2.9106e-09 5.1961e-05 0.00071781 0.0017085 0.00087391 0.00041893 8.0671e-06 6.8759e-06
2.6894e-09 5.23e-05 0.00088566 0.0017217 0.00087088 0.00042203 8.005e-06 7.1513e-06
1.8365e-09 5.2629e-05 0.0010257 0.0017349 0.00086782 0.00042508 7.9312e-06 7.4106e-06
3.2006e-09 5.2946e-05 0.0011393 0.001748 0.00086474 0.00042808 7.8448e-06 7.6534e-06
3.1926e-09 5.325e-05 0.0014643 0.0017612 0.00086169 0.00043103 7.6124e-06 8.2552e-06
3.3988e-09 5.3566e-05 0.0018842 0.0017634 0.00085878 0.00043405 7.4046e-06 8.9102e-06
2.9395e-09 5.3871e-05 0.0022415 0.0017656 0.00085591 0.00043702 7.1801e-06 9.532e-06
2.648e-09 5.4186e-05 0.0026963 0.001768 0.00085307 0.00044006 6.9777e-06 1.0205e-05
2.4888e-09 5.4512e-05 0.0032743 0.0017704 0.00085025 0.00044318 6.7958e-06 1.0933e-05
2.4424e-09 5.4849e-05 0.0040086 0.0017728 0.00084747 0.00044637 6.6331e-06 1.1722e-05
1.644e-09 5.5174e-05 0.004614 0.0017754 0.00084472 0.00044951 6.7646e-06 1.2379e-05
2.9088e-09 5.5488e-05 0.0051342 0.0017779 0.00084195 0.0004526 6.8835e-06 1.3005e-05
3.4948e-09 5.5791e-05 0.0055789 0.0017804 0.00083916 0.00045564 6.9902e-06 1.36e-05
3.4082e-09 5.6082e-05 0.0086838 0.0017828 0.00083634 0.00045863 7.0843e-06 1.4163e-05
3.5122e-09 5.6384e-05 0.0096929 0.0017853 0.00083355 0.00046169 7.1941e-06 1.4775e-05
3.8193e-09 5.6696e-05 0.010978 0.0017878 0.00083079 0.00046483 7.3202e-06 1.5438e-05
3.4596e-09 5.9648e-05 0.012091 0.0017904 0.00082801 0.00046774 7.4337e-06 1.6068e-05
3.3422e-09 6.2662e-05 0.013535 0.001793 0.00082526 0.00047074 7.5655e-06 1.6756e-05
3.4506e-09 6.5741e-05 0.015405 0.0017956 0.00082254 0.00047382 7.7166e-06 1.7507e-05
3.7577e-09 6.888e-05 0.017783 0.0017984 0.00081985 0.00047697 7.887e-06 1.768e-05
9.23e-09 7.2098e-05 0.019832 0.0018011 0.00081713 0.00048022 8.0422e-06 1.7835e-05
1.0168e-08 7.5619e-05 0.022551 0.0018039 0.00081445 0.00048 7.9771e-06 1.8028e-05
1.0231e-08 7.91e-05 0.024916 0.0018066 0.00081174 0.00047974 7.9002e-06 1.8204e-05
9.3945e-09 8.2375e-05 0.026955 0.0018093 0.00080901 0.00048654 7.8106e-06 1.8362e-05
9.1938e-09 8.572e-05 0.027564 0.001812 0.00080631 0.00049349 7.7378e-06 1.8547e-05
9.5318e-09 8.9132e-05 0.028371 0.0018149 0.00080364 0.00050059 7.6797e-06 1.8756e-05
1.045e-08 9.2613e-05 0.029422 0.0018178 0.00080099 0.00050783 7.6361e-06 1.8992e-05
1.2061e-08 9.6163e-05 0.029623 0.0018208 0.00079838 0.00051523 7.6065e-06 1.9255e-05
1.269e-08 9.9669e-05 0.029746 0.0018237 0.00079574 0.00052253 7.5652e-06 1.9498e-05
1.4071e-08 0.00010325 0.02999 0.0018268 0.00079313 0.00052998 7.5378e-06 1.9387e-05
1.447e-08 0.00010678 0.030192 0.0018297 0.0007905 0.00053735 7.4987e-06 1.9984e-05
1.588e-08 0.00010778 0.030534 0.0018328 0.00078789 0.0005451 7.4746e-06 2.0638e-05
1.6275e-08 0.00010875 0.030794 0.0018358 0.00078527 0.00055277 7.4394e-06 2.1259e-05
1.5671e-08 0.00010971 0.030977 0.0018387 0.00078262 0.00056034 7.3932e-06 2.1848e-05
1.4402e-08 0.00011065 0.031081 0.0018416 0.00077995 0.00056782 7.3353e-06 2.2405e-05
1.3931e-08 0.00011162 0.031307 0.0018446 0.00077731 0.00057545 7.2913e-06 2.3012e-05
1.4198e-08 0.0001126 0.031665 0.0018477 0.0007747 0.00058324 7.261e-06 2.3671e-05
1.5236e-08 0.00011361 0.032177 0.0018508 0.00077211 0.0005912 6.9548e-06 2.4388e-05
1.526e-08 0.00011461 0.032588 0.0018539 0.0007695 0.00059905 6.6281e-06 2.5067e-05
1.427e-08 0.00011558 0.032907 0.0018569 0.00076687 0.00060681 6.7058e-06 2.571e-05
1.4049e-08 0.00011658 0.033374 0.00186 0.00076426 0.00061473 6.7979e-06 2.6409e-05
1.2833e-08 0.00011756 0.033743 0.001863 0.00076163 0.00062255 6.8781e-06 2.7072e-05
6.1406e-09 0.00011856 0.034305 0.0018661 0.00075903 0.00063054 6.98e-06 2.7173e-05
6.0118e-09 0.00011955 0.034768 0.0018692 0.00075641 0.00063844 7.0704e-06 2.7258e-05
6.2188e-09 0.00012056 0.035394 0.0018724 0.00075381 0.00064651 7.1752e-06 2.7366e-05
6.772e-09 0.0001216 0.036207 0.0018756 0.00075124 0.00065472 7.2949e-06 2.75e-05
6.6002e-09 0.00012261 0.036913 0.0018788 0.00074865 0.00066286 7.4036e-06 2.7617e-05
6.7714e-09 0.00012365 0.037816 0.001882 0.00074608 0.00067115 7.5271e-06 2.7759e-05
6.2234e-09 0.00012472 0.038607 0.0018852 0.0007435 0.00067962 7.6395e-06 2.7885e-05
4.9472e-09 0.00012577 0.0393 0.0018884 0.00074089 0.00068801 7.7413e-06 2.7995e-05
4.0033e-09 0.00012684 0.040179 0.0018916 0.00073831 0.00069655 7.8575e-06 2.8128e-05
3.2921e-09 0.00012794 0.041277 0.0018949 0.00073575 0.00070525 7.9886e-06 2.8287e-05
1.9344e-09 0.00012902 0.042255 0.0018982 0.00073318 0.00071387 8.1088e-06 2.8429e-05
2.9963e-09 0.00013009 0.043124 0.0019014 0.00073058 0.00072241 8.2182e-06 2.8555e-05
3.4386e-09 0.00013113 0.04389 0.0019046 0.00072797 0.00073086 8.3167e-06 2.8666e-05
4.1186e-09 0.00013221 0.044866 0.0019078 0.00072538 0.00073948 8.4309e-06 2.8802e-05
4.1677e-09 0.00013326 0.045734 0.001911 0.00072277 0.00074801 8.534e-06 2.8922e-05
4.4231e-09 0.00013434 0.046828 0.0019143 0.00072019 0.00075671 8.653e-06 2.9068e-05
4.86e-09 0.00013545 0.048173 0.0019176 0.00071763 0.00076557 8.7874e-06 2.9239e-05
5.5134e-09 0.00013657 0.049818 0.001921 0.00071509 0.0007746 8.938e-06 2.9435e-05
6.4424e-09 0.00013773 0.051828 0.0019246 0.00071258 0.00078379 9.1058e-06 2.9658e-05
7.739e-09 0.0001389 0.054285 0.0019281 0.00071009 0.00079315 9.2919e-06 2.9909e-05
8.2761e-09 0.00014006 0.056485 0.0019317 0.00070758 0.00080242 9.4645e-06 3.0141e-05
9.3077e-09 0.00014125 0.059289 0.0019353 0.00070511 0.00081188 9.6582e-06 3.0406e-05
1.0947e-08 0.00014246 0.062789 0.001939 0.00070265 0.00082154 9.8745e-06 3.0704e-05
1.3385e-08 0.00014371 0.067162 0.0019428 0.00070023 0.00083139 1.0115e-05 3.1038e-05
1.6922e-08 0.00014498 0.072642 0.0019467 0.00069783 0.00084146 1.0069e-05 3.141e-05
2.1845e-08 0.00014629 0.079407 0.0019507 0.00069545 0.00085172 1.0037e-05 3.1829e-05
2.5406e-08 0.00014757 0.085429 0.0019546 0.00069306 0.00086186 9.9936e-06 3.2223e-05
2.3388e-08 0.00014888 0.092961 0.0019586 0.00069069 0.00087222 9.9663e-06 3.2659e-05
2.0225e-08 0.00015018 0.099724 0.0019625 0.0006883 0.00088248 9.928e-06 3.307e-05
1.5774e-08 0.00015145 0.10578 0.0019664 0.00068589 0.00089263 9.8781e-06 3.3457e-05
1.884e-08 0.0001527 0.11122 0.0019703 0.00068346 0.00090267 9.8164e-06 3.3819e-05
2.326e-08 0.00015399 0.11795 0.0019742 0.00068105 0.00091291 9.7708e-06 3.4221e-05
2.6437e-08 0.00015525 0.12401 0.0019781 0.00067863 0.00092305 9.7137e-06 3.4599e-05
3.1016e-08 0.00015655 0.12557 0.0019821 0.00067623 0.00092497 9.6713e-06 3.5016e-05
3.7353e-08 0.00015788 0.12752 0.0019861 0.00067385 0.00092696 9.6433e-06 3.5472e-05
4.5973e-08 0.00015924 0.12993 0.0019902 0.00067149 0.00092902 9.6294e-06 3.5971e-05
5.7907e-08 0.00016063 0.13296 0.0019945 0.00066916 0.00093116 9.6306e-06 3.6519e-05
7.4006e-08 0.00016205 0.13667 0.0019988 0.00066685 0.00093337 9.6457e-06 3.7114e-05
9.5767e-08 0.0001635 0.14123 0.0020032 0.00066456 0.00093566 9.6749e-06 3.776e-05
9.9902e-08 0.00016499 0.14238 0.0020076 0.0006623 0.00093803 9.7197e-06 3.8466e-05
1.0232e-07 0.00016645 0.14337 0.0020121 0.00066002 0.00094035 9.7538e-06 3.9139e-05
1.0306e-07 0.00016789 0.14422 0.0020165 0.00065772 0.00094263 9.7771e-06 3.978e-05
1.0599e-07 0.00016937 0.14534 0.0020209 0.00065544 0.00094498 9.8143e-06 4.0475e-05
1.0729e-07 0.00017082 0.14632 0.0020253 0.00065314 0.00094728 9.8411e-06 4.1138e-05
1.1088e-07 0.00017231 0.14758 0.0020298 0.00065087 0.00094966 9.882e-06 4.1856e-05
1.1764e-07 0.00017382 0.14922 0.0020344 0.00064862 0.00095212 9.9384e-06 4.2638e-05
1.2245e-07 0.00017532 0.15067 0.002039 0.00064635 0.00095453 9.9842e-06 4.3385e-05
1.2535e-07 0.0001768 0.15193 0.0020434 0.00064406 0.00095689 1.0019e-05 4.4098e-05
1.1508e-07 0.00017831 0.15172 0.002048 0.00064179 0.00095933 1.0068e-05 4.4869e-05
1.0808e-07 0.00017985 0.1517 0.0020527 0.00063954 0.00096185 1.0132e-05 4.5702e-05
9.8971e-08 0.00018137 0.15158 0.0020573 0.00063728 0.00096432 1.0184e-05 4.6499e-05
9.2772e-08 0.00018292 0.15165 0.002062 0.00063503 0.00096686 1.0251e-05 4.7358e-05
8.8967e-08 0.0001845 0.15192 0.0020667 0.00063281 0.00096948 1.0333e-05 4.8285e-05
8.3512e-08 0.00018606 0.15209 0.0020714 0.00063057 0.00097205 1.0405e-05 4.9174e-05
7.6189e-08 0.0001876 0.15214 0.0020761 0.00062831 0.00097457 1.0464e-05 5.0023e-05
7.1341e-08 0.00018917 0.1524 0.0020809 0.00062607 0.00097717 1.0539e-05 5.094e-05
6.8752e-08 0.00019078 0.15289 0.0020857 0.00062385 0.00097986 1.0632e-05 5.1938e-05
6.4564e-08 0.00019237 0.15326 0.0020905 0.00062162 0.0009825 1.0712e-05 5.2891e-05
6.2634e-08 0.00019399 0.1523 0.0020954 0.0006194 0.00098522 1.0811e-05 5.3931e-05
6.2609e-08 0.00019566 0.15162 0.0021004 0.00061722 0.00098803 1.0929e-05 5.506e-05
8.4233e-08 0.00019729 0.1534 0.0021053 0.00061501 0.00099079 1.1032e-05 5.6131e-05
1.0137e-07 0.0001989 0.15489 0.0021102 0.00061278 0.00099348 1.112e-05 5.7148e-05
1.1467e-07 0.00020055 0.15614 0.002115 0.00061052 0.00099627 1.1195e-05 5.8111e-05
2.0952e-07 0.00020218 0.15715 0.0021188 0.00061392 0.000999 1.2122e-05 5.9005e-05
2.9582e-07 0.00020377 0.15797 0.0021225 0.0006173 0.0010017 1.2998e-05 5.9851e-05
4.205e-07 0.00020541 0.15914 0.0021264 0.0006207 0.0010044 1.3961e-05 6.0779e-05
