

TREE # 1

  0  0.0000   7182.723348  x:  0.06312   0.05003   0.10236   0.08823   0.12248   0.11498   0.06017   0.04220   0.05295   0.05405   0.04519   0.05630   0.04945   0.08709   0.12837   0.08338   0.00000   0.10442   0.07374   0.08762   0.07254   0.03934   0.06520   0.05754   0.05779   0.07174   0.06302   0.08999   0.06501   0.07007   0.08259   0.06281   0.06666   0.06116   0.07804   0.04898   0.06978   0.04553   0.06039   0.02426   0.07497   1.16653   1.02436  
  1 99.0000   7032.857729  x:  0.05223   0.08573   0.13667   0.11687   0.16686   0.12177   0.07520   0.01115   0.01219   0.00650   0.00403   0.11375   0.06466   0.09548   0.15025   0.07526   0.44327   0.10019   0.08464   0.08966   0.14911   0.07678   0.07616   0.10740   0.08672   0.15684   0.06132   0.10713   0.06438   0.02769   0.05098   0.02862   0.02445   0.03456   0.04559   0.03755   0.10656   0.12532   0.04150   0.01596   0.14320   1.20342   0.99647  
  2 3426.5079   7021.175903  x:  0.05094   0.08661   0.13873   0.11842   0.16986   0.12217   0.07549   0.01255   0.00953   0.00000   0.00695   0.11507   0.06492   0.09646   0.15174   0.07359   0.44151   0.09842   0.08543   0.08951   0.15128   0.07706   0.07602   0.10776   0.08750   0.15974   0.06027   0.10818   0.06442   0.02231   0.04816   0.02541   0.01916   0.03256   0.04275   0.03684   0.10764   0.12634   0.04051   0.01672   0.14587   1.20815   0.99238  
  3 828.1228   7001.776477  x:  0.04753   0.08880   0.14414   0.12241   0.17781   0.12327   0.07617   0.01398   0.00519   0.00000   0.00063   0.11835   0.06557   0.09906   0.15575   0.06898   0.43500   0.09346   0.08746   0.08907   0.15696   0.07766   0.07563   0.10865   0.08942   0.16731   0.05736   0.11092   0.06469   0.00767   0.04107   0.01753   0.00482   0.02774   0.03567   0.03512   0.11040   0.12883   0.03812   0.01800   0.15280   1.22150   0.98074  
  4 4491.1822   6996.447424  x:  0.04641   0.08944   0.14596   0.12364   0.18058   0.12370   0.07632   0.01021   0.00951   0.00000   0.00089   0.11938   0.06578   0.09994   0.15722   0.06714   0.43299   0.09142   0.08805   0.08892   0.15921   0.07787   0.07553   0.10919   0.08998   0.17010   0.05626   0.11181   0.06509   0.00263   0.03949   0.01631   0.00061   0.02702   0.03427   0.03481   0.11127   0.12985   0.03770   0.01701   0.15518   1.22746   0.97536  
  5 1588.7903   6994.285369  x:  0.04578   0.08982   0.14699   0.12435   0.18215   0.12393   0.07641   0.00874   0.01110   0.00000   0.00091   0.11999   0.06589   0.10044   0.15805   0.06612   0.43189   0.09028   0.08840   0.08884   0.16046   0.07799   0.07548   0.10949   0.09030   0.17167   0.05564   0.11232   0.06529   0.00052   0.03856   0.01557   0.00155   0.02656   0.03345   0.03462   0.11177   0.13042   0.03744   0.01661   0.15654   1.23075   0.97239  
  6 2417.3895   6983.743459  x:  0.04208   0.09201   0.15303   0.12852   0.19135   0.12529   0.07695   0.00175   0.01900   0.00000   0.00089   0.12357   0.06657   0.10333   0.16289   0.06015   0.42553   0.08367   0.09042   0.08836   0.16784   0.07871   0.07517   0.11124   0.09219   0.18087   0.05206   0.11530   0.06645   0.00261   0.03313   0.01137   0.00345   0.02381   0.02860   0.03350   0.11472   0.13379   0.03591   0.01456   0.16449   1.25003   0.95502  
  7 3337.5995   6961.920331  x:  0.03319   0.09724   0.16791   0.13859   0.21440   0.12876   0.07818   0.00897   0.05095   0.00000   0.00011   0.13251   0.06818   0.11042   0.17525   0.04459   0.41231   0.06625   0.09513   0.08720   0.18733   0.08066   0.07459   0.11658   0.09664   0.20456   0.04293   0.12255   0.07006   0.00602   0.02273   0.00726   0.00730   0.02009   0.02024   0.03165   0.12192   0.14294   0.03347   0.00669   0.18446   1.30254   0.90718  
  8 4803.0176   6956.623053  x:  0.03221   0.09785   0.17034   0.14008   0.21855   0.12937   0.07821   0.00892   0.05241   0.00000   0.00002   0.13395   0.06835   0.11157   0.17764   0.04157   0.41009   0.06264   0.09572   0.08703   0.19140   0.08092   0.07457   0.11805   0.09711   0.20908   0.04138   0.12365   0.07079   0.00606   0.02408   0.01243   0.00741   0.02179   0.02195   0.03200   0.12299   0.14478   0.03437   0.00995   0.18795   1.31561   0.89469  
  9 1336.8720   6942.979881  x:  0.03060   0.09812   0.17451   0.14198   0.22647   0.13077   0.07766   0.00856   0.05028   0.00642   0.00000   0.13587   0.06845   0.11362   0.18265   0.03432   0.40557   0.05376   0.09620   0.08672   0.20046   0.08114   0.07468   0.12195   0.09718   0.21826   0.03776   0.12531   0.07348   0.00587   0.02930   0.02123   0.00720   0.02894   0.02771   0.03415   0.12443   0.14864   0.03792   0.00524   0.19421   1.34885   0.86238  
 10 3180.7241   6942.979881  x:  0.03060   0.09812   0.17451   0.14198   0.22647   0.13077   0.07766   0.00856   0.05028   0.00642   0.00000   0.13587   0.06845   0.11362   0.18265   0.03432   0.40557   0.05376   0.09620   0.08672   0.20046   0.08114   0.07468   0.12195   0.09718   0.21826   0.03776   0.12531   0.07348   0.00587   0.02930   0.02123   0.00720   0.02894   0.02771   0.03415   0.12443   0.14864   0.03792   0.00524   0.19421   1.34885   0.86238  
 11 1717.5165   6935.413130  x:  0.03061   0.09812   0.17451   0.14198   0.22647   0.13077   0.07766   0.00859   0.05024   0.00641   0.00649   0.13587   0.06845   0.11362   0.18265   0.03432   0.40553   0.05376   0.09620   0.08672   0.20047   0.08114   0.07468   0.12194   0.09718   0.21826   0.03776   0.12532   0.07348   0.00585   0.02930   0.02121   0.00717   0.02893   0.02770   0.03415   0.12443   0.14864   0.03792   0.00535   0.19422   1.34888   0.86234  
 12 36262.9714   6925.548594  x:  0.03117   0.09801   0.17473   0.14222   0.22712   0.13075   0.07761   0.01148   0.04503   0.00000   0.00654   0.13584   0.06838   0.11381   0.18304   0.03448   0.40044   0.05367   0.09630   0.08674   0.20078   0.08082   0.07459   0.12186   0.09704   0.21860   0.03805   0.12541   0.07287   0.00328   0.02935   0.01923   0.00396   0.02785   0.02743   0.03398   0.12438   0.14824   0.03806   0.01668   0.19451   1.35265   0.85816  
 13 848.5468   6908.370553  x:  0.03335   0.09750   0.17573   0.14323   0.23000   0.13068   0.07734   0.01431   0.02144   0.00000   0.00665   0.13567   0.06810   0.11465   0.18476   0.03515   0.37714   0.05333   0.09676   0.08687   0.20220   0.07947   0.07422   0.12147   0.09643   0.22010   0.03923   0.12575   0.07057   0.00419   0.02992   0.01198   0.00000   0.02366   0.02684   0.03318   0.12413   0.14623   0.03597   0.01509   0.19582   1.36980   0.83905  
 14 752.3693   6896.451496  x:  0.03510   0.09709   0.17653   0.14405   0.23231   0.13063   0.07713   0.01669   0.00251   0.00000   0.00674   0.13553   0.06788   0.11533   0.18615   0.03568   0.35840   0.05305   0.09713   0.08696   0.20334   0.07839   0.07393   0.12116   0.09594   0.22132   0.04018   0.12603   0.06873   0.00478   0.03037   0.00620   0.00037   0.02032   0.02638   0.03254   0.12392   0.14462   0.03434   0.01447   0.19687   1.38359   0.82368  
 15 44694.0544   6885.153208  x:  0.03691   0.09652   0.17770   0.14510   0.23549   0.13062   0.07686   0.01826   0.00000   0.00000   0.00681   0.13524   0.06766   0.11629   0.18808   0.03633   0.33081   0.05277   0.09762   0.08711   0.20494   0.07707   0.07362   0.12077   0.09530   0.22303   0.04123   0.12643   0.06659   0.00337   0.03109   0.01219   0.00036   0.01812   0.02641   0.03187   0.12361   0.14255   0.03290   0.01394   0.19829   1.40368   0.80107  
 16 1167.1921   6826.112920  x:  0.04615   0.09384   0.18309   0.15012   0.25040   0.13051   0.07568   0.02823   0.00041   0.00000   0.00711   0.13400   0.06652   0.12075   0.19709   0.03947   0.20367   0.05134   0.09995   0.08777   0.21242   0.07067   0.07206   0.11887   0.09223   0.23102   0.04647   0.12829   0.05607   0.00000   0.03428   0.02060   0.00066   0.00480   0.02565   0.02845   0.12220   0.13264   0.02515   0.01118   0.20500   1.49649   0.69688  
 17 26615.6744   6813.966482  x:  0.04911   0.09297   0.18484   0.15175   0.25523   0.13047   0.07530   0.03144   0.00053   0.00000   0.00721   0.13360   0.06616   0.12219   0.20000   0.04048   0.16236   0.05089   0.10070   0.08799   0.21484   0.06862   0.07157   0.11827   0.09125   0.23361   0.04815   0.12890   0.05270   0.00177   0.03532   0.02362   0.00073   0.00125   0.02543   0.02738   0.12174   0.12945   0.02277   0.01097   0.20716   1.52664   0.66302  
 18 159860.4932   6757.776165  x:  0.05977   0.08985   0.19115   0.15764   0.27267   0.13035   0.07397   0.04286   0.00079   0.00000   0.00756   0.13219   0.06485   0.12737   0.21056   0.04411   0.01271   0.04932   0.10342   0.08877   0.22360   0.06125   0.06981   0.11610   0.08769   0.24297   0.05422   0.13109   0.04067   0.00408   0.03891   0.03095   0.00089   0.00541   0.02463   0.02362   0.12012   0.11797   0.01440   0.00938   0.21501   1.63582   0.54038  
 19 61184.0751   6753.824791  x:  0.05913   0.08976   0.19158   0.15802   0.27372   0.13050   0.07414   0.03937   0.00079   0.00000   0.00759   0.13236   0.06501   0.12745   0.21138   0.04399   0.00358   0.05097   0.10353   0.08901   0.22428   0.06173   0.07059   0.11675   0.08782   0.24368   0.05396   0.13135   0.04311   0.00389   0.03824   0.03013   0.00086   0.00511   0.02548   0.02559   0.12028   0.11823   0.02191   0.00959   0.21551   1.64698   0.52789  
 20 1032.0303   6719.269981  x:  0.05584   0.08801   0.19796   0.16400   0.29005   0.13220   0.07508   0.01080   0.00099   0.00000   0.00784   0.13399   0.06643   0.12988   0.22352   0.04601   0.01329   0.07212   0.10536   0.09262   0.23539   0.06314   0.07865   0.12499   0.08831   0.25418   0.05321   0.13467   0.05867   0.00379   0.03337   0.02821   0.00069   0.00509   0.03141   0.03836   0.12145   0.11770   0.03139   0.01425   0.22333   1.80038   0.35773  
 21 787.4373   6716.052544  x:  0.04852   0.09067   0.19850   0.16463   0.28817   0.13407   0.07649   0.03002   0.00089   0.00000   0.00787   0.13671   0.06886   0.12870   0.22449   0.04217   0.01640   0.07308   0.10530   0.09340   0.23624   0.06938   0.08211   0.12947   0.09197   0.25528   0.05012   0.13575   0.06509   0.00413   0.03310   0.03023   0.00077   0.00553   0.02957   0.03698   0.12411   0.12609   0.03843   0.01032   0.22347   1.83398   0.34254  
 22 339.7095   6707.136813  x:  0.02300   0.10374   0.19900   0.16564   0.27268   0.14180   0.08317   0.02148   0.00089   0.00000   0.00794   0.14782   0.07824   0.12336   0.22495   0.02682   0.01302   0.06469   0.10482   0.09521   0.23590   0.08813   0.08969   0.14482   0.10663   0.25682   0.04005   0.13944   0.07452   0.00385   0.03620   0.02863   0.00073   0.00519   0.02356   0.02224   0.13515   0.15956   0.02923   0.01230   0.22157   1.94255   0.34992  
 23 296.1446   6695.779123  x:  0.04636   0.12313   0.19840   0.16548   0.24396   0.15127   0.08525   0.02077   0.00099   0.00000   0.00804   0.15935   0.08739   0.11708   0.22565   0.03351   0.01628   0.05396   0.10398   0.09653   0.23278   0.09215   0.08786   0.16308   0.12055   0.25763   0.04155   0.14369   0.06891   0.00431   0.03372   0.03017   0.00068   0.00572   0.04826   0.04093   0.14823   0.19724   0.03370   0.01188   0.21762   2.14854   0.39836  
 24 434.2193   6687.414726  x:  0.04609   0.12080   0.19392   0.16167   0.22684   0.14947   0.07772   0.01943   0.00113   0.00000   0.00809   0.15536   0.07756   0.11320   0.22237   0.03808   0.02230   0.06483   0.10257   0.09419   0.22768   0.07661   0.07868   0.16047   0.11467   0.25328   0.04757   0.14205   0.05907   0.00488   0.03009   0.03290   0.00083   0.00658   0.02066   0.03419   0.14304   0.19698   0.05095   0.01076   0.21291   2.28778   0.43931  
 25 420.4321   6683.421466  x:  0.03007   0.10986   0.18857   0.15712   0.22136   0.14401   0.07307   0.02155   0.00114   0.00000   0.00812   0.14671   0.06575   0.11154   0.21652   0.03284   0.02414   0.07304   0.10096   0.09115   0.22203   0.06932   0.07771   0.14963   0.10392   0.24665   0.04497   0.13859   0.06580   0.00502   0.03330   0.03264   0.00077   0.00678   0.03585   0.02861   0.13298   0.18211   0.05448   0.01049   0.20838   2.36770   0.46622  
 26 348.1836   6681.700922  x:  0.03030   0.10199   0.18511   0.15441   0.22569   0.14052   0.07656   0.02207   0.00114   0.00000   0.00813   0.14090   0.06620   0.11332   0.21088   0.02999   0.02379   0.07149   0.10014   0.09002   0.21717   0.07776   0.08537   0.14069   0.09882   0.24098   0.03906   0.13578   0.07975   0.00506   0.03137   0.03295   0.00079   0.00682   0.03031   0.03861   0.12707   0.16725   0.05077   0.01066   0.20522   2.40408   0.48050  
 27 177.6688   6681.327034  x:  0.03268   0.10078   0.18441   0.15416   0.23124   0.13964   0.07932   0.02174   0.00115   0.00000   0.00813   0.14002   0.07107   0.11519   0.20831   0.03292   0.02478   0.06906   0.10020   0.09072   0.21498   0.08182   0.08722   0.13873   0.10019   0.23856   0.04035   0.13450   0.08224   0.00511   0.03253   0.03308   0.00079   0.00690   0.03091   0.03208   0.12674   0.16057   0.05319   0.01064   0.20438   2.41251   0.48377  
 28 64.2272   6681.238213  x:  0.03012   0.10129   0.18477   0.15444   0.23591   0.13895   0.07957   0.02184   0.00114   0.00000   0.00813   0.14058   0.07274   0.11574   0.20659   0.03269   0.02502   0.06792   0.10036   0.09136   0.21388   0.08156   0.08540   0.13895   0.10211   0.23698   0.04186   0.13394   0.08137   0.00512   0.03082   0.03311   0.00079   0.00691   0.03109   0.03319   0.12882   0.15802   0.05357   0.01060   0.20433   2.41482   0.48484  
 29 23.9820   6681.207237  x:  0.03024   0.10176   0.18510   0.15455   0.23853   0.13859   0.07921   0.02183   0.00115   0.00000   0.00813   0.14102   0.07265   0.11554   0.20569   0.03184   0.02513   0.06823   0.10034   0.09146   0.21342   0.08121   0.08463   0.13941   0.10274   0.23594   0.04104   0.13365   0.08108   0.00512   0.03274   0.03312   0.00079   0.00693   0.03086   0.03367   0.12996   0.15749   0.05383   0.01060   0.20434   2.41572   0.48522  
 30 17.2282   6681.176756  x:  0.03111   0.10212   0.18550   0.15454   0.24117   0.13831   0.07855   0.02181   0.00115   0.00000   0.00813   0.14152   0.07157   0.11496   0.20494   0.03161   0.02500   0.06927   0.10018   0.09121   0.21307   0.08106   0.08481   0.14024   0.10274   0.23465   0.03959   0.13341   0.08119   0.00513   0.03149   0.03314   0.00079   0.00693   0.03102   0.03290   0.13064   0.15794   0.05367   0.01060   0.20448   2.41661   0.48557  
 31 10.8430   6681.109326  x:  0.03050   0.10172   0.18609   0.15423   0.24488   0.13823   0.07791   0.02181   0.00115   0.00000   0.00811   0.14225   0.06953   0.11427   0.20425   0.03426   0.02465   0.07044   0.09993   0.09054   0.21264   0.08117   0.08672   0.14185   0.10196   0.23253   0.04165   0.13346   0.08218   0.00514   0.03212   0.03309   0.00079   0.00694   0.03086   0.03313   0.13038   0.16013   0.05296   0.01064   0.20521   2.41872   0.48605  
 32  9.1661   6680.663068  x:  0.03284   0.09669   0.18730   0.15238   0.25163   0.14040   0.07960   0.02154   0.00114   0.00000   0.00801   0.14229   0.07102   0.11471   0.20351   0.02771   0.02501   0.06671   0.10080   0.09002   0.21218   0.07734   0.08770   0.14192   0.09871   0.22704   0.04638   0.13424   0.08117   0.00518   0.03171   0.03265   0.00078   0.00699   0.03089   0.03282   0.12322   0.16732   0.05346   0.01063   0.20874   2.43286   0.48494  
 33  9.1150   6679.077256  x:  0.02882   0.08903   0.18918   0.15026   0.25868   0.14329   0.08095   0.02126   0.00109   0.00000   0.00762   0.13908   0.08068   0.11888   0.20641   0.03728   0.02447   0.06347   0.10332   0.09191   0.21315   0.07267   0.08291   0.13873   0.09428   0.21818   0.03417   0.13514   0.07363   0.00519   0.03238   0.03038   0.00075   0.00704   0.03083   0.03546   0.11214   0.17618   0.05258   0.01075   0.21500   2.48306   0.48065  
 34 50.2433   6669.317151  x:  0.03796   0.09285   0.19369   0.15492   0.26015   0.13628   0.06710   0.01894   0.00086   0.00000   0.00522   0.12198   0.08494   0.12754   0.22257   0.03415   0.01744   0.08997   0.10278   0.09598   0.22665   0.09316   0.06936   0.11091   0.09903   0.21235   0.04849   0.14034   0.05895   0.00550   0.03217   0.01838   0.00054   0.00752   0.03163   0.03801   0.11965   0.16666   0.03746   0.01245   0.23193   2.79568   0.45557  
 35 143.4540   6662.537529  x:  0.04218   0.09803   0.19401   0.16137   0.25553   0.13159   0.08415   0.01824   0.00067   0.00000   0.00362   0.13494   0.06584   0.12368   0.22798   0.03799   0.01517   0.06915   0.09903   0.09098   0.23198   0.06666   0.07889   0.12322   0.09733   0.22928   0.04724   0.13791   0.06288   0.00578   0.03228   0.01108   0.00041   0.00798   0.02854   0.03619   0.13082   0.13588   0.03142   0.01332   0.22913   3.00373   0.43666  
 36 349.8268   6662.023481  x:  0.04207   0.09493   0.19259   0.16227   0.25741   0.13472   0.07377   0.01784   0.00068   0.00000   0.00350   0.13737   0.06676   0.12258   0.22323   0.03733   0.01511   0.06618   0.10384   0.09140   0.23057   0.06982   0.08102   0.13084   0.09466   0.23958   0.04728   0.13490   0.05932   0.00580   0.03236   0.01040   0.00040   0.00801   0.02857   0.03684   0.12681   0.13251   0.03149   0.01344   0.22170   3.02006   0.43520  
 37 55.8224   6661.931564  x:  0.04246   0.09397   0.19185   0.16280   0.25936   0.13632   0.07506   0.01797   0.00067   0.00000   0.00349   0.13811   0.06787   0.12300   0.22044   0.03778   0.01468   0.06890   0.10385   0.09153   0.22953   0.06884   0.07840   0.13084   0.09443   0.24513   0.04771   0.13487   0.06141   0.00580   0.03230   0.01030   0.00040   0.00801   0.02857   0.03679   0.12551   0.13410   0.03049   0.01348   0.21744   3.02299   0.43528  
 38 21.9568   6661.903826  x:  0.04224   0.09394   0.19173   0.16304   0.26086   0.13622   0.07615   0.01790   0.00067   0.00000   0.00349   0.13761   0.06679   0.12344   0.21930   0.03790   0.01485   0.06859   0.10282   0.09131   0.22907   0.06936   0.07911   0.12896   0.09411   0.24783   0.04742   0.13569   0.05972   0.00581   0.03233   0.01027   0.00040   0.00802   0.02866   0.03693   0.12566   0.13542   0.03092   0.01346   0.21556   3.02400   0.43521  
 39 11.1801   6661.887516  x:  0.04227   0.09455   0.19195   0.16302   0.26164   0.13563   0.07475   0.01785   0.00067   0.00000   0.00351   0.13671   0.06676   0.12393   0.21932   0.03811   0.01494   0.06748   0.10283   0.09156   0.22908   0.06849   0.07930   0.12800   0.09417   0.24902   0.04729   0.13711   0.06074   0.00581   0.03232   0.01028   0.00040   0.00802   0.02854   0.03668   0.12596   0.13607   0.03098   0.01347   0.21526   3.02469   0.43527  
 40  3.8219   6661.671746  x:  0.04172   0.09492   0.19442   0.16022   0.26514   0.13223   0.07720   0.01782   0.00070   0.00000   0.00392   0.13652   0.06760   0.12574   0.22334   0.03690   0.01500   0.06988   0.10757   0.09157   0.23207   0.06894   0.08046   0.13194   0.09233   0.25483   0.04664   0.14525   0.06012   0.00589   0.03231   0.01085   0.00042   0.00815   0.02870   0.03661   0.12545   0.13404   0.03140   0.01355   0.21745   3.03415   0.43706  
 41  2.6348   6660.346650  x:  0.04185   0.08963   0.19717   0.15573   0.26866   0.13427   0.07387   0.01654   0.00087   0.00000   0.00648   0.14155   0.06831   0.11991   0.23205   0.03710   0.01568   0.06527   0.09205   0.08466   0.23668   0.07240   0.07494   0.13491   0.09489   0.26347   0.04663   0.13661   0.06273   0.00625   0.03225   0.01388   0.00057   0.00869   0.02849   0.03594   0.12535   0.13280   0.03244   0.01440   0.21910   3.09130   0.43489  
 42 16.0050   6658.980869  x:  0.04205   0.09461   0.19363   0.16229   0.26394   0.14041   0.07571   0.01559   0.00104   0.00000   0.00912   0.14317   0.06662   0.11830   0.22604   0.03748   0.01547   0.06652   0.10248   0.09800   0.23240   0.06622   0.08420   0.13009   0.09663   0.25962   0.04787   0.12179   0.06280   0.00658   0.03219   0.01700   0.00072   0.00920   0.02843   0.03586   0.12899   0.13567   0.03214   0.01526   0.21346   3.14935   0.42951  
 43 71.7452   6658.530016  x:  0.04266   0.09805   0.18899   0.16809   0.25693   0.14172   0.07638   0.01518   0.00108   0.00000   0.00996   0.14142   0.06519   0.12220   0.21398   0.03825   0.01549   0.06502   0.10509   0.09058   0.22565   0.06718   0.08196   0.13344   0.09560   0.25101   0.04827   0.12862   0.06226   0.00665   0.03219   0.01786   0.00077   0.00931   0.02840   0.03570   0.12919   0.13574   0.03191   0.01555   0.20894   3.16733   0.42482  
 44 42.5330   6658.505976  x:  0.04284   0.09698   0.18884   0.16765   0.25584   0.14109   0.07612   0.01518   0.00108   0.00000   0.00999   0.14179   0.06554   0.12173   0.21220   0.03827   0.01535   0.06548   0.10313   0.09280   0.22501   0.06688   0.08258   0.13427   0.09653   0.25020   0.04824   0.13068   0.06187   0.00665   0.03219   0.01790   0.00077   0.00932   0.02842   0.03577   0.12890   0.13543   0.03172   0.01557   0.20856   3.16828   0.42444  
 45  9.7329   6658.490860  x:  0.04298   0.09681   0.19052   0.16589   0.25509   0.13965   0.07631   0.01514   0.00109   0.00000   0.00998   0.14267   0.06543   0.12018   0.21057   0.03866   0.01540   0.06491   0.10409   0.09296   0.22519   0.06743   0.08174   0.13349   0.09631   0.25008   0.04835   0.13073   0.06205   0.00665   0.03219   0.01790   0.00077   0.00932   0.02841   0.03566   0.12896   0.13573   0.03175   0.01559   0.20838   3.16919   0.42407  
 46  1.5553   6658.400557  x:  0.04253   0.09815   0.19528   0.16277   0.25376   0.13906   0.07584   0.01515   0.00110   0.00000   0.00984   0.14257   0.06871   0.12132   0.20753   0.03834   0.01534   0.06669   0.10326   0.08993   0.22641   0.06560   0.08487   0.13330   0.09686   0.25030   0.04832   0.12941   0.06169   0.00669   0.03221   0.01794   0.00078   0.00938   0.02851   0.03579   0.12930   0.13595   0.03175   0.01567   0.20809   3.17521   0.42408  
 47  2.8340   6657.378483  x:  0.04141   0.10025   0.21138   0.15895   0.25256   0.14617   0.07846   0.01431   0.00131   0.00000   0.00816   0.13607   0.06190   0.13501   0.20400   0.03717   0.01698   0.06507   0.09987   0.09696   0.23286   0.07154   0.08110   0.14258   0.09783   0.25103   0.04745   0.12781   0.06642   0.00714   0.03231   0.01889   0.00094   0.01013   0.02857   0.03384   0.12914   0.13959   0.03504   0.01656   0.20962   3.24572   0.42615  
 48 13.9052   6655.329842  x:  0.03863   0.09593   0.19780   0.16557   0.25676   0.14448   0.07807   0.01269   0.00175   0.00000   0.00486   0.14694   0.07208   0.11985   0.21612   0.03527   0.01970   0.06841   0.10371   0.09117   0.23142   0.07475   0.08545   0.14171   0.10289   0.25279   0.04591   0.14038   0.07061   0.00802   0.03251   0.02121   0.00125   0.01159   0.02921   0.03181   0.13293   0.14902   0.04061   0.01826   0.21254   3.38344   0.42948  
 49 77.5709   6655.235502  x:  0.03835   0.10109   0.19356   0.16184   0.25732   0.14033   0.07881   0.01264   0.00176   0.00000   0.00471   0.14534   0.07347   0.11926   0.21771   0.03479   0.01972   0.06848   0.10203   0.09221   0.22859   0.07519   0.08498   0.14396   0.10088   0.25295   0.04630   0.13857   0.07043   0.00805   0.03252   0.02126   0.00126   0.01164   0.02926   0.03191   0.13091   0.15023   0.04062   0.01835   0.21186   3.38973   0.42898  
 50 19.6544   6655.230669  x:  0.03847   0.10036   0.19308   0.16060   0.25720   0.14020   0.07883   0.01264   0.00176   0.00000   0.00471   0.14492   0.07315   0.11974   0.21809   0.03479   0.01970   0.06850   0.10247   0.09195   0.22754   0.07509   0.08503   0.14420   0.10172   0.25305   0.04625   0.13834   0.07041   0.00805   0.03252   0.02125   0.00126   0.01164   0.02926   0.03188   0.13146   0.15050   0.04058   0.01835   0.21181   3.39008   0.42886  
 51  3.1643   6655.212648  x:  0.03837   0.10076   0.19479   0.16029   0.25687   0.14145   0.07860   0.01271   0.00176   0.00000   0.00476   0.14591   0.07329   0.11982   0.21925   0.03468   0.01974   0.06878   0.10220   0.09219   0.22335   0.07529   0.08502   0.14364   0.10055   0.25340   0.04621   0.13884   0.07044   0.00806   0.03252   0.02115   0.00126   0.01166   0.02926   0.03185   0.13184   0.15013   0.04057   0.01837   0.21270   3.39204   0.42883  
 52  0.7803   6654.947725  x:  0.03803   0.10112   0.19902   0.16670   0.25622   0.13662   0.08002   0.01359   0.00180   0.00000   0.00561   0.14155   0.07245   0.11621   0.22054   0.03452   0.01991   0.06945   0.10318   0.09095   0.21805   0.07564   0.08529   0.14469   0.10733   0.25324   0.04580   0.13736   0.07044   0.00820   0.03253   0.01952   0.00129   0.01192   0.02924   0.03233   0.12574   0.15108   0.04058   0.01856   0.21469   3.42256   0.42991  
 53  2.7080   6654.185149  x:  0.03705   0.09840   0.19038   0.16421   0.25511   0.13595   0.08013   0.01607   0.00190   0.00000   0.00809   0.14267   0.07540   0.11856   0.21868   0.03389   0.02043   0.06984   0.10232   0.09216   0.22515   0.07647   0.08491   0.14336   0.09900   0.24597   0.04582   0.13732   0.07136   0.00858   0.03242   0.01478   0.00135   0.01265   0.02906   0.03199   0.13460   0.15444   0.04094   0.01910   0.21475   3.51071   0.43233  
 54 38.2822   6654.131215  x:  0.03677   0.10116   0.18878   0.16123   0.25561   0.13910   0.07966   0.01624   0.00191   0.00000   0.00826   0.14507   0.07392   0.11887   0.21883   0.03406   0.02049   0.06996   0.10271   0.09194   0.22659   0.07663   0.08501   0.14155   0.10149   0.24480   0.04559   0.13879   0.07129   0.00860   0.03242   0.01443   0.00136   0.01269   0.02904   0.03221   0.13187   0.15333   0.04100   0.01915   0.21413   3.51693   0.43241  
 55 16.2404   6654.129857  x:  0.03675   0.10121   0.18902   0.16104   0.25568   0.13956   0.07978   0.01625   0.00191   0.00000   0.00826   0.14445   0.07403   0.11826   0.21915   0.03406   0.02048   0.06993   0.10273   0.09194   0.22666   0.07659   0.08501   0.14167   0.10143   0.24451   0.04565   0.13900   0.07126   0.00860   0.03242   0.01442   0.00136   0.01270   0.02904   0.03222   0.13201   0.15321   0.04098   0.01915   0.21345   3.51712   0.43239  
 56  0.7255   6654.113091  x:  0.03679   0.10076   0.19030   0.16146   0.25562   0.13824   0.07950   0.01631   0.00192   0.00000   0.00821   0.14570   0.07392   0.11954   0.22119   0.03384   0.02046   0.06989   0.10270   0.09195   0.22674   0.07659   0.08495   0.14146   0.10137   0.24311   0.04579   0.13909   0.07120   0.00863   0.03239   0.01445   0.00137   0.01274   0.02903   0.03230   0.13167   0.15327   0.04087   0.01919   0.21001   3.51995   0.43242  
 57  0.4674   6653.511129  x:  0.03563   0.09818   0.19417   0.16220   0.25651   0.13919   0.07817   0.01868   0.00236   0.00000   0.00619   0.14132   0.06864   0.12103   0.21714   0.03422   0.01980   0.06822   0.10204   0.09120   0.22681   0.07462   0.08346   0.13738   0.09955   0.24773   0.04417   0.13741   0.06914   0.00947   0.03151   0.01546   0.00172   0.01438   0.02835   0.03523   0.12979   0.14712   0.03741   0.02048   0.21338   3.62353   0.43556  
 58  3.5447   6653.085855  x:  0.03641   0.09862   0.19277   0.16337   0.25533   0.14028   0.07716   0.01448   0.00292   0.00000   0.00632   0.14187   0.07126   0.12051   0.21702   0.03470   0.01931   0.06768   0.10223   0.09255   0.22591   0.07380   0.08244   0.13775   0.09997   0.24493   0.04510   0.13535   0.06715   0.01005   0.03202   0.01236   0.00204   0.01603   0.02899   0.03460   0.12937   0.14995   0.03545   0.02094   0.21380   3.64648   0.43522  
 59  0.0117   6652.583050  x:  0.03855   0.10013   0.18528   0.16255   0.25387   0.14178   0.07764   0.01504   0.00382   0.00000   0.00525   0.14559   0.07304   0.11898   0.21387   0.03561   0.01953   0.06790   0.10351   0.09298   0.22576   0.07266   0.08323   0.13886   0.09962   0.24463   0.04690   0.13553   0.06642   0.01074   0.03247   0.01610   0.00263   0.01844   0.02914   0.03278   0.13087   0.14956   0.03574   0.02009   0.20941   3.56016   0.43624  
 60  0.0397   6652.176086  x:  0.03769   0.09996   0.19243   0.16147   0.25501   0.13977   0.07896   0.01629   0.00462   0.00000   0.00639   0.14347   0.07065   0.12050   0.21683   0.03471   0.01997   0.06872   0.10271   0.09180   0.22757   0.07480   0.08482   0.13860   0.10047   0.24741   0.04541   0.13747   0.06797   0.01112   0.03177   0.01362   0.00311   0.02071   0.02795   0.03357   0.13145   0.14835   0.03645   0.01878   0.21311   3.47439   0.43543  
 61  0.0453   6652.069948  x:  0.03625   0.09879   0.19124   0.16301   0.25556   0.13928   0.07744   0.01513   0.00517   0.00000   0.00661   0.14255   0.07024   0.11987   0.21702   0.03450   0.02001   0.06751   0.10207   0.09178   0.22547   0.07394   0.08240   0.13865   0.09954   0.24619   0.04488   0.13650   0.06750   0.01127   0.03159   0.01439   0.00344   0.02219   0.02823   0.03442   0.13000   0.14788   0.03671   0.01892   0.21277   3.49044   0.43172  
 62  0.0080   6651.822293  x:  0.03640   0.09826   0.19382   0.16003   0.25736   0.13963   0.07959   0.01701   0.00636   0.00000   0.00615   0.14345   0.07250   0.12060   0.21594   0.03539   0.01936   0.06949   0.10198   0.09231   0.22770   0.07586   0.08469   0.13818   0.10096   0.24688   0.04593   0.13582   0.07006   0.01003   0.03185   0.01464   0.00415   0.02502   0.02841   0.03391   0.13043   0.14890   0.03807   0.01885   0.21313   3.53758   0.43572  
 63  0.0060   6651.115778  x:  0.03856   0.10130   0.18962   0.16255   0.25451   0.14047   0.07766   0.01448   0.00729   0.00000   0.00713   0.14446   0.07008   0.11996   0.21846   0.03466   0.01609   0.06866   0.10330   0.09150   0.22792   0.07330   0.08435   0.13966   0.09977   0.24666   0.04535   0.13834   0.06707   0.00430   0.03134   0.01516   0.00456   0.02532   0.02772   0.03370   0.13232   0.14903   0.03828   0.01846   0.21277   3.53148   0.43537  
 64  0.0029   6650.997209  x:  0.03769   0.09960   0.19133   0.16284   0.25492   0.13950   0.07787   0.01533   0.00699   0.00000   0.00662   0.14329   0.07032   0.11994   0.21745   0.03459   0.01656   0.06826   0.10241   0.09180   0.22651   0.07372   0.08338   0.13913   0.10000   0.24676   0.04521   0.13718   0.06746   0.00292   0.03155   0.01455   0.00433   0.02407   0.02840   0.03395   0.13085   0.14815   0.03867   0.01861   0.21303   3.52688   0.43553  
 65  0.0064   6650.954526  x:  0.03693   0.09870   0.19208   0.16267   0.25550   0.13918   0.07803   0.01575   0.00662   0.00000   0.00631   0.14279   0.07060   0.12001   0.21676   0.03463   0.01756   0.06812   0.10204   0.09197   0.22601   0.07423   0.08314   0.13864   0.10005   0.24667   0.04518   0.13652   0.06795   0.00355   0.03169   0.01429   0.00410   0.02331   0.02870   0.03417   0.13010   0.14792   0.03832   0.01883   0.21307   3.52075   0.43489  
 66  0.0115   6650.929285  x:  0.03655   0.09916   0.19122   0.16192   0.25611   0.13984   0.07808   0.01547   0.00650   0.00000   0.00634   0.14342   0.07083   0.12016   0.21659   0.03482   0.01860   0.06838   0.10250   0.09197   0.22686   0.07464   0.08400   0.13836   0.09984   0.24632   0.04533   0.13675   0.06849   0.00325   0.03172   0.01452   0.00396   0.02289   0.02864   0.03428   0.13053   0.14867   0.03722   0.01916   0.21274   3.51358   0.43352  
 67  0.0039   6650.914343  x:  0.03682   0.09935   0.19130   0.16230   0.25579   0.13967   0.07817   0.01547   0.00675   0.00000   0.00643   0.14348   0.07073   0.12011   0.21687   0.03474   0.01963   0.06827   0.10257   0.09192   0.22666   0.07386   0.08338   0.13879   0.10004   0.24658   0.04532   0.13688   0.06816   0.00329   0.03165   0.01448   0.00404   0.02360   0.02839   0.03384   0.13080   0.14816   0.03695   0.01926   0.21279   3.51790   0.43399  
 68  0.0025   6650.911281  x:  0.03702   0.09910   0.19174   0.16249   0.25553   0.13946   0.07798   0.01553   0.00677   0.00000   0.00638   0.14308   0.07061   0.12008   0.21691   0.03469   0.01980   0.06809   0.10224   0.09187   0.22640   0.07447   0.08354   0.13858   0.09998   0.24659   0.04527   0.13678   0.06792   0.00327   0.03165   0.01450   0.00400   0.02368   0.02860   0.03409   0.13047   0.14832   0.03660   0.01922   0.21302   3.51820   0.43417  
 69  0.0008   6650.901656  x:  0.03726   0.09882   0.19127   0.16209   0.25551   0.13957   0.07816   0.01553   0.00673   0.00000   0.00650   0.14314   0.07070   0.12001   0.21639   0.03460   0.02014   0.06797   0.10238   0.09194   0.22629   0.07449   0.08326   0.13799   0.09966   0.24659   0.04531   0.13671   0.06762   0.00327   0.03184   0.01449   0.00363   0.02365   0.02866   0.03396   0.13006   0.14806   0.03718   0.01870   0.21258   3.51916   0.43519  
 70  0.0003   6650.890836  x:  0.03706   0.09927   0.19180   0.16225   0.25583   0.13967   0.07816   0.01546   0.00685   0.00000   0.00642   0.14326   0.07068   0.12020   0.21730   0.03470   0.01974   0.06814   0.10248   0.09187   0.22691   0.07422   0.08345   0.13869   0.10006   0.24653   0.04523   0.13696   0.06785   0.00332   0.03163   0.01460   0.00333   0.02406   0.02853   0.03408   0.13069   0.14864   0.03692   0.01847   0.21319   3.52498   0.43399  
 71  0.0027   6650.887128  x:  0.03676   0.09917   0.19136   0.16248   0.25564   0.13945   0.07798   0.01544   0.00693   0.00000   0.00637   0.14322   0.07064   0.12004   0.21669   0.03473   0.01949   0.06833   0.10230   0.09186   0.22630   0.07426   0.08358   0.13862   0.09999   0.24651   0.04529   0.13674   0.06826   0.00329   0.03164   0.01449   0.00327   0.02429   0.02846   0.03397   0.13066   0.14799   0.03682   0.01877   0.21279   3.52230   0.43424  
 72  0.0016   6650.885668  x:  0.03689   0.09918   0.19145   0.16241   0.25557   0.13959   0.07807   0.01552   0.00695   0.00000   0.00638   0.14332   0.07072   0.12007   0.21674   0.03471   0.01950   0.06808   0.10242   0.09197   0.22647   0.07421   0.08343   0.13865   0.09997   0.24655   0.04531   0.13680   0.06801   0.00331   0.03169   0.01448   0.00321   0.02434   0.02857   0.03404   0.13056   0.14825   0.03688   0.01902   0.21287   3.51740   0.43406  
 73  0.0029   6650.885508  x:  0.03693   0.09918   0.19149   0.16236   0.25563   0.13957   0.07808   0.01548   0.00695   0.00000   0.00639   0.14325   0.07066   0.12009   0.21684   0.03470   0.01951   0.06818   0.10240   0.09190   0.22652   0.07426   0.08349   0.13859   0.09997   0.24654   0.04529   0.13681   0.06800   0.00331   0.03167   0.01450   0.00321   0.02433   0.02852   0.03402   0.13059   0.14826   0.03690   0.01910   0.21289   3.51799   0.43416  
 74  0.0005   6650.885504  x:  0.03693   0.09917   0.19150   0.16237   0.25564   0.13956   0.07807   0.01549   0.00694   0.00000   0.00640   0.14326   0.07067   0.12008   0.21685   0.03470   0.01950   0.06817   0.10239   0.09190   0.22651   0.07425   0.08348   0.13860   0.09997   0.24654   0.04529   0.13681   0.06801   0.00331   0.03167   0.01450   0.00320   0.02433   0.02853   0.03402   0.13059   0.14825   0.03690   0.01911   0.21290   3.51828   0.43415  
 75  0.0003   6650.885503  x:  0.03694   0.09917   0.19150   0.16237   0.25564   0.13956   0.07807   0.01549   0.00694   0.00000   0.00640   0.14326   0.07067   0.12008   0.21684   0.03471   0.01950   0.06817   0.10239   0.09190   0.22651   0.07425   0.08348   0.13860   0.09997   0.24654   0.04529   0.13681   0.06801   0.00331   0.03167   0.01450   0.00320   0.02433   0.02853   0.03402   0.13059   0.14825   0.03690   0.01911   0.21290   3.51828   0.43415  
 76  0.0000   6650.885503  x:  0.03693   0.09917   0.19151   0.16237   0.25564   0.13956   0.07807   0.01549   0.00694   0.00000   0.00640   0.14326   0.07067   0.12008   0.21685   0.03471   0.01950   0.06817   0.10239   0.09190   0.22651   0.07425   0.08348   0.13860   0.09997   0.24655   0.04529   0.13681   0.06801   0.00331   0.03167   0.01450   0.00320   0.02433   0.02853   0.03402   0.13059   0.14824   0.03690   0.01911   0.21290   3.51830   0.43415  
 77  0.0000   6650.885502  x:  0.03693   0.09917   0.19151   0.16237   0.25564   0.13956   0.07808   0.01549   0.00695   0.00000   0.00640   0.14325   0.07067   0.12008   0.21686   0.03471   0.01950   0.06817   0.10239   0.09190   0.22651   0.07425   0.08348   0.13860   0.09998   0.24655   0.04529   0.13681   0.06801   0.00331   0.03167   0.01450   0.00320   0.02432   0.02853   0.03402   0.13059   0.14825   0.03690   0.01911   0.21291   3.51826   0.43416  
 78  0.0000   6650.885501  x:  0.03693   0.09917   0.19150   0.16237   0.25564   0.13956   0.07807   0.01549   0.00695   0.00000   0.00640   0.14326   0.07067   0.12008   0.21685   0.03471   0.01950   0.06817   0.10239   0.09190   0.22651   0.07425   0.08348   0.13860   0.09997   0.24654   0.04529   0.13681   0.06801   0.00331   0.03167   0.01450   0.00320   0.02432   0.02853   0.03402   0.13059   0.14825   0.03690   0.01911   0.21290   3.51834   0.43415  
 79  0.0000   6650.885501  x:  0.03693   0.09917   0.19150   0.16237   0.25564   0.13956   0.07807   0.01549   0.00695   0.00000   0.00640   0.14326   0.07067   0.12008   0.21684   0.03471   0.01950   0.06817   0.10239   0.09190   0.22651   0.07425   0.08348   0.13860   0.09997   0.24654   0.04529   0.13681   0.06801   0.00331   0.03167   0.01450   0.00320   0.02432   0.02853   0.03402   0.13059   0.14825   0.03690   0.01911   0.21290   3.51829   0.43415  
 80  0.0000   6650.885501  x:  0.03693   0.09917   0.19150   0.16237   0.25564   0.13956   0.07807   0.01549   0.00695   0.00000   0.00640   0.14326   0.07067   0.12008   0.21684   0.03471   0.01950   0.06817   0.10239   0.09190   0.22651   0.07425   0.08348   0.13860   0.09997   0.24654   0.04529   0.13681   0.06801   0.00331   0.03167   0.01450   0.00320   0.02432   0.02853   0.03402   0.13059   0.14825   0.03690   0.01911   0.21290   3.51829   0.43415  