

TREE # 1

  0  0.0000   5256.166838  x:  0.10336   0.07689   0.03699   0.12111   0.03913   0.05067   0.04851   0.04836   0.01247   0.00755   0.02337   0.03831   0.08967   0.04427   0.06065   0.03592   0.02263   0.02803   0.04642   0.03123   0.32248   0.36566   0.00000   0.14881   0.28640   0.06997   0.06746   0.07627   0.28403   0.86363   1.11995  
  1 99.0000   5221.519876  x:  0.10525   0.08036   0.03385   0.12476   0.03548   0.04611   0.04443   0.04759   0.00000   0.00028   0.01257   0.03001   0.08925   0.04363   0.05900   0.02839   0.01253   0.02569   0.04094   0.02241   0.32524   0.36909   0.03085   0.15239   0.28868   0.07484   0.06771   0.07896   0.28802   0.87611   1.11182  
  2 1119.6059   5201.147071  x:  0.10729   0.08409   0.03047   0.12871   0.03157   0.04118   0.04004   0.04676   0.00000   0.00639   0.00091   0.02104   0.08881   0.04295   0.05725   0.02026   0.00164   0.02323   0.03504   0.01291   0.32814   0.37273   0.06221   0.15618   0.29114   0.08008   0.06799   0.08185   0.29230   0.88973   1.10294  
  3 11219.5032   5192.133465  x:  0.10980   0.08861   0.02667   0.13388   0.02721   0.03523   0.03498   0.04589   0.00000   0.01059   0.02011   0.01062   0.08830   0.04237   0.05540   0.01077   0.00468   0.02137   0.02819   0.00367   0.33111   0.37682   0.08463   0.16029   0.29444   0.08654   0.06831   0.08531   0.29772   0.90943   1.08980  
  4 1316.2526   5177.998995  x:  0.11543   0.09844   0.02108   0.14665   0.02097   0.02404   0.02659   0.04463   0.00000   0.01361   0.02749   0.00570   0.08737   0.04356   0.05211   0.00257   0.01389   0.02191   0.01743   0.03905   0.33682   0.38589   0.10025   0.16849   0.30301   0.10111   0.06878   0.09270   0.31121   0.96629   1.05049  
  5 792.3463   5160.117934  x:  0.12406   0.11356   0.01564   0.16702   0.01527   0.01204   0.01792   0.04307   0.00000   0.01755   0.03967   0.01877   0.08609   0.04607   0.04810   0.03549   0.01879   0.02362   0.00895   0.06592   0.34615   0.40096   0.12133   0.18152   0.31719   0.12384   0.06920   0.10400   0.33367   1.06412   0.98144  
  6 2284.1674   5089.852174  x:  0.15611   0.17052   0.03688   0.25070   0.04306   0.08017   0.04908   0.04157   0.00000   0.02616   0.07533   0.02475   0.08325   0.05572   0.03729   0.07590   0.00727   0.03374   0.11790   0.12782   0.38620   0.46847   0.16295   0.23404   0.38037   0.21391   0.06754   0.14579   0.43483   1.53808   0.63222  
  7 2253.8203   5059.446791  x:  0.15443   0.17055   0.03390   0.25404   0.03971   0.07699   0.04652   0.04351   0.00000   0.02405   0.07203   0.02056   0.08333   0.05217   0.04401   0.07274   0.00000   0.02940   0.11569   0.11967   0.38957   0.47529   0.14618   0.23581   0.38586   0.21751   0.06506   0.14481   0.44507   1.60802   0.56952  
  8 1379.6464   4954.183578  x:  0.14420   0.16860   0.02140   0.26761   0.02478   0.06298   0.03603   0.05161   0.00000   0.01441   0.03033   0.00257   0.08411   0.03459   0.07100   0.05656   0.02383   0.01091   0.10550   0.06221   0.40658   0.50918   0.06989   0.24357   0.41216   0.23243   0.05304   0.13826   0.49523   1.95922   0.24954  
  9 16825.4563   4947.095340  x:  0.14258   0.16804   0.02068   0.26858   0.02360   0.06065   0.03473   0.05214   0.00000   0.01331   0.02602   0.01342   0.08432   0.03311   0.07305   0.04721   0.02548   0.01257   0.10272   0.05315   0.40897   0.51361   0.06124   0.24445   0.41542   0.23389   0.05187   0.13725   0.50162   2.00516   0.20921  
 10 5170.5462   4938.828395  x:  0.13931   0.16595   0.03168   0.26439   0.03379   0.05206   0.03634   0.04793   0.00000   0.01098   0.01886   0.00841   0.08576   0.04373   0.06125   0.04060   0.02360   0.04440   0.08693   0.03852   0.41372   0.51994   0.04474   0.24514   0.41964   0.23281   0.05480   0.13586   0.50998   2.06986   0.18696  
 11 627.1633   4917.795573  x:  0.13220   0.16072   0.04026   0.24895   0.04586   0.04593   0.04757   0.04069   0.00000   0.00629   0.00331   0.01082   0.08899   0.05706   0.02961   0.02479   0.02500   0.03063   0.05627   0.01026   0.42717   0.53563   0.00880   0.24734   0.43000   0.22736   0.06323   0.13272   0.52982   2.22140   0.21002  
 12 546.9540   4909.357484  x:  0.12409   0.15075   0.04247   0.23079   0.04839   0.04971   0.04987   0.04416   0.00000   0.00603   0.00039   0.01204   0.09017   0.05791   0.04856   0.02198   0.02871   0.03568   0.04685   0.00606   0.43278   0.54056   0.00752   0.24374   0.43063   0.21294   0.06449   0.12459   0.53419   2.29179   0.22763  
 13 511.7887   4895.360271  x:  0.09254   0.10994   0.05318   0.16645   0.05874   0.05938   0.06275   0.04755   0.00000   0.00767   0.00317   0.01391   0.09462   0.05735   0.05672   0.02238   0.03249   0.03719   0.02555   0.01076   0.44367   0.54731   0.02240   0.22455   0.42280   0.15540   0.06615   0.09159   0.53381   2.45169   0.25120  
 14 1302.0500   4888.468267  x:  0.09547   0.10041   0.04178   0.13391   0.04422   0.04850   0.04239   0.04388   0.00000   0.00779   0.00280   0.01404   0.09014   0.04884   0.04657   0.02222   0.03345   0.04967   0.05032   0.01014   0.44627   0.54403   0.02525   0.20860   0.41186   0.11257   0.07250   0.08482   0.52261   2.53477   0.26963  
 15 352.7296   4885.711732  x:  0.11658   0.10929   0.04332   0.13922   0.04227   0.05348   0.04538   0.04857   0.00000   0.00790   0.00288   0.01423   0.08835   0.05367   0.04621   0.02185   0.03367   0.04980   0.04398   0.00989   0.44071   0.52896   0.02877   0.19195   0.39432   0.07956   0.07538   0.09393   0.49486   2.57220   0.27401  
 16 123.2330   4884.111186  x:  0.11838   0.10463   0.04362   0.15013   0.04726   0.05270   0.04385   0.03512   0.00000   0.00798   0.00289   0.01447   0.08951   0.04885   0.04753   0.02173   0.03390   0.05025   0.04382   0.00987   0.43081   0.50666   0.03204   0.18260   0.37671   0.08466   0.06961   0.09396   0.45672   2.60025   0.28004  
 17 85.1922   4882.915668  x:  0.11657   0.09997   0.04332   0.15611   0.04843   0.05030   0.04316   0.04639   0.00000   0.00804   0.00281   0.01463   0.09010   0.04767   0.04417   0.02158   0.03416   0.05188   0.04562   0.00959   0.42102   0.48495   0.03488   0.17755   0.36145   0.09659   0.06684   0.09359   0.42024   2.62446   0.28558  
 18 204.2149   4882.556435  x:  0.11476   0.10248   0.04321   0.15029   0.04318   0.05087   0.04572   0.04449   0.00000   0.00805   0.00286   0.01464   0.08917   0.05446   0.04524   0.02159   0.03410   0.05145   0.04603   0.00954   0.41682   0.47588   0.03558   0.18118   0.35754   0.10196   0.07213   0.09478   0.40645   2.63127   0.28559  
 19 58.3432   4882.453730  x:  0.11445   0.10724   0.04337   0.14657   0.04482   0.05296   0.04408   0.04450   0.00000   0.00802   0.00283   0.01461   0.08919   0.05151   0.04471   0.02169   0.03404   0.05165   0.04455   0.00956   0.41483   0.47143   0.03546   0.18810   0.35826   0.10168   0.07221   0.09441   0.40153   2.63321   0.28555  
 20 21.4010   4882.415829  x:  0.11337   0.10768   0.04372   0.14748   0.04508   0.05071   0.04539   0.04456   0.00000   0.00804   0.00284   0.01465   0.08905   0.05191   0.04505   0.02156   0.03408   0.05142   0.04545   0.00953   0.41376   0.46885   0.03560   0.19326   0.36011   0.09915   0.07071   0.09417   0.39977   2.63398   0.28577  
 21 11.8782   4882.399105  x:  0.11274   0.10595   0.04341   0.14881   0.04459   0.05178   0.04432   0.04455   0.00000   0.00803   0.00283   0.01464   0.08946   0.05247   0.04478   0.02157   0.03406   0.05153   0.04524   0.00949   0.41316   0.46732   0.03559   0.19539   0.36184   0.09787   0.07127   0.09471   0.39925   2.63423   0.28584  
 22  7.2426   4882.371087  x:  0.11506   0.10393   0.04262   0.14876   0.04390   0.05189   0.04591   0.04445   0.00000   0.00802   0.00282   0.01460   0.08888   0.05101   0.04456   0.02157   0.03401   0.05211   0.04477   0.00945   0.41229   0.46466   0.03573   0.19553   0.36569   0.09801   0.07225   0.09432   0.39933   2.63443   0.28592  
 23  3.5385   4882.307635  x:  0.11881   0.10256   0.04415   0.14743   0.04523   0.05104   0.04406   0.04456   0.00000   0.00803   0.00285   0.01470   0.08880   0.05270   0.04508   0.02134   0.03401   0.05096   0.04504   0.00931   0.41074   0.45957   0.03625   0.19360   0.37270   0.09866   0.07186   0.09285   0.40000   2.63464   0.28585  
 24 10.5321   4882.049297  x:  0.11191   0.10896   0.04196   0.14702   0.04372   0.05075   0.04477   0.04446   0.00000   0.00800   0.00286   0.01471   0.09297   0.05240   0.04469   0.02092   0.03372   0.05150   0.04496   0.00879   0.40801   0.44815   0.03717   0.18417   0.38477   0.09857   0.06858   0.09788   0.40433   2.63545   0.28667  
 25  7.6433   4881.466307  x:  0.10406   0.11493   0.04436   0.15277   0.04397   0.04895   0.04242   0.04474   0.00000   0.00796   0.00296   0.01491   0.07961   0.04999   0.04549   0.01984   0.03318   0.05011   0.04432   0.00775   0.40743   0.43950   0.03798   0.17994   0.38705   0.09840   0.07542   0.09651   0.41123   2.63641   0.28791  
 26 11.1687   4878.761981  x:  0.11068   0.12389   0.03440   0.16457   0.03684   0.04526   0.03952   0.04495   0.00000   0.00770   0.00332   0.01542   0.08962   0.05215   0.04660   0.01544   0.03071   0.04895   0.04247   0.00312   0.41233   0.42805   0.03891   0.18907   0.37081   0.10360   0.08113   0.08027   0.43257   2.63941   0.29238  
 27 20.7899   4877.894940  x:  0.11473   0.11870   0.03667   0.16065   0.03780   0.04089   0.03809   0.04512   0.00000   0.00764   0.00351   0.01569   0.08958   0.04963   0.04851   0.01384   0.02996   0.04667   0.04191   0.00174   0.41471   0.43053   0.03902   0.19415   0.36629   0.10640   0.07897   0.09519   0.43492   2.63989   0.29300  
 28 45.6087   4877.802265  x:  0.11499   0.11890   0.03475   0.16041   0.03649   0.04263   0.03788   0.04494   0.00000   0.00761   0.00349   0.01567   0.08626   0.05115   0.04785   0.01373   0.02984   0.04719   0.04115   0.00153   0.41534   0.43486   0.03879   0.19413   0.36892   0.10668   0.07478   0.09506   0.43142   2.63990   0.29322  
 29 16.6935   4877.635309  x:  0.11342   0.12149   0.03570   0.16255   0.03605   0.04130   0.03754   0.04504   0.00000   0.00761   0.00354   0.01572   0.08843   0.04992   0.04841   0.01345   0.02969   0.04675   0.04148   0.00140   0.41714   0.44933   0.03867   0.19219   0.37933   0.10577   0.07830   0.09303   0.41812   2.63958   0.29329  
 30 15.8027   4877.594327  x:  0.11327   0.12150   0.03284   0.16240   0.03859   0.04079   0.03766   0.04512   0.00000   0.00761   0.00355   0.01573   0.08822   0.05074   0.04869   0.01336   0.02967   0.04656   0.04161   0.00141   0.41717   0.45035   0.03877   0.19209   0.37991   0.10562   0.07932   0.09341   0.41724   2.63949   0.29311  
 31  4.0892   4871.276273  x:  0.12529   0.12213   0.02542   0.16455   0.02415   0.03159   0.02967   0.04459   0.00000   0.00712   0.00363   0.01697   0.08219   0.04885   0.04976   0.00610   0.02301   0.03317   0.03297   0.00461   0.41068   0.50500   0.04368   0.20699   0.39052   0.11681   0.06350   0.11411   0.39992   2.64349   0.29864  
 32  1.7390   4871.178959  x:  0.12507   0.12189   0.02535   0.16438   0.02412   0.03156   0.02967   0.04457   0.00000   0.00710   0.00361   0.01694   0.08212   0.04881   0.04972   0.00607   0.02286   0.03256   0.03267   0.00467   0.43193   0.49894   0.04318   0.20704   0.39125   0.11683   0.06331   0.11422   0.39672   2.64382   0.29767  
 33  3.0060   4869.099026  x:  0.11973   0.11709   0.02675   0.15717   0.02702   0.02880   0.03199   0.04374   0.00000   0.00698   0.00285   0.01658   0.08479   0.04871   0.04344   0.00532   0.02026   0.02001   0.02450   0.00449   0.42253   0.49521   0.04979   0.20221   0.38149   0.11263   0.06632   0.10781   0.40090   2.67965   0.28947  
 34  0.5876   4865.488085  x:  0.11649   0.11223   0.02118   0.15754   0.02549   0.03600   0.03199   0.04625   0.00000   0.00644   0.00325   0.01439   0.09288   0.04038   0.05322   0.01531   0.01261   0.01837   0.01770   0.00550   0.41507   0.47545   0.06061   0.19944   0.35469   0.11234   0.06942   0.10108   0.40690   2.79321   0.29926  
 35  0.1093   4863.224510  x:  0.11403   0.11028   0.02514   0.15756   0.02742   0.02562   0.03175   0.04731   0.00000   0.00600   0.00348   0.01344   0.09419   0.04222   0.05450   0.01839   0.00582   0.02089   0.02824   0.00620   0.41292   0.46175   0.06939   0.19696   0.34923   0.11188   0.06983   0.09515   0.41254   2.88071   0.31019  
 36  0.1244   4862.461692  x:  0.11456   0.11150   0.02718   0.15845   0.02884   0.02944   0.03203   0.04738   0.00000   0.00566   0.00356   0.01332   0.09193   0.04358   0.05465   0.01780   0.00248   0.02338   0.02602   0.00676   0.41433   0.46487   0.07217   0.19693   0.35872   0.11205   0.06897   0.09614   0.41185   2.92185   0.31470  
 37  0.0890   4861.902288  x:  0.11522   0.11239   0.02829   0.15762   0.02966   0.03518   0.03342   0.04699   0.00000   0.00561   0.00345   0.01379   0.08777   0.04521   0.05505   0.01518   0.00494   0.02535   0.02521   0.00723   0.41693   0.47458   0.07272   0.19653   0.37401   0.11041   0.06755   0.09896   0.40807   2.96858   0.31472  
 38  0.0692   4861.198626  x:  0.11577   0.11432   0.02340   0.15831   0.02605   0.03574   0.03377   0.04632   0.00000   0.00489   0.00323   0.01393   0.08656   0.04465   0.05593   0.01029   0.00371   0.02287   0.02575   0.00801   0.42074   0.47867   0.07659   0.19739   0.38069   0.10963   0.06920   0.10030   0.41316   3.07896   0.31268  
 39  0.0991   4860.891389  x:  0.11704   0.11335   0.02769   0.15842   0.02930   0.03315   0.03203   0.04649   0.00000   0.00435   0.00305   0.01349   0.08807   0.04270   0.05577   0.00958   0.00327   0.02185   0.02580   0.00859   0.42071   0.47952   0.07963   0.19873   0.37198   0.11126   0.06766   0.10017   0.41466   3.16084   0.31267  
 40  0.0705   4860.773404  x:  0.11601   0.11302   0.02693   0.15888   0.02851   0.03139   0.03378   0.04653   0.00000   0.00403   0.00293   0.01291   0.09005   0.04397   0.05440   0.01071   0.00349   0.02352   0.02648   0.00884   0.41989   0.47684   0.08090   0.19877   0.36689   0.11240   0.06826   0.09895   0.41614   3.19894   0.31278  
 41  0.0379   4860.732178  x:  0.11628   0.11422   0.02610   0.16014   0.02835   0.03197   0.03229   0.04667   0.00000   0.00371   0.00298   0.01279   0.08979   0.04479   0.05489   0.01107   0.00378   0.02298   0.02675   0.00911   0.42075   0.47650   0.08092   0.19931   0.36989   0.11353   0.06887   0.09953   0.41724   3.22262   0.31304  
 42  0.0203   4860.718717  x:  0.11645   0.11431   0.02616   0.15996   0.02805   0.03197   0.03289   0.04662   0.00000   0.00348   0.00303   0.01280   0.08906   0.04400   0.05515   0.01098   0.00383   0.02320   0.02603   0.00926   0.42110   0.47714   0.08064   0.19920   0.37167   0.11328   0.06858   0.09989   0.41687   3.23523   0.31366  
 43  0.0124   4860.713788  x:  0.11618   0.11383   0.02622   0.15939   0.02822   0.03220   0.03276   0.04650   0.00000   0.00335   0.00310   0.01289   0.08913   0.04406   0.05479   0.01125   0.00381   0.02299   0.02581   0.00928   0.42086   0.47767   0.08014   0.19894   0.37072   0.11269   0.06846   0.09965   0.41671   3.23176   0.31373  
 44  0.0021   4860.711336  x:  0.11639   0.11408   0.02618   0.15984   0.02829   0.03210   0.03288   0.04653   0.00000   0.00327   0.00319   0.01303   0.08947   0.04409   0.05473   0.01115   0.00379   0.02305   0.02591   0.00929   0.42084   0.47723   0.07991   0.19918   0.37038   0.11284   0.06875   0.09959   0.41728   3.22575   0.31378  
 45  0.0033   4860.710297  x:  0.11626   0.11396   0.02626   0.15963   0.02813   0.03206   0.03283   0.04654   0.00000   0.00324   0.00322   0.01306   0.08928   0.04408   0.05466   0.01110   0.00379   0.02307   0.02610   0.00932   0.42074   0.47707   0.08011   0.19901   0.37080   0.11284   0.06857   0.09962   0.41669   3.22315   0.31337  
 46  0.0018   4860.709771  x:  0.11625   0.11394   0.02617   0.15955   0.02832   0.03203   0.03282   0.04656   0.00000   0.00324   0.00325   0.01305   0.08915   0.04410   0.05472   0.01109   0.00381   0.02312   0.02603   0.00936   0.42079   0.47714   0.08054   0.19899   0.37079   0.11290   0.06854   0.09964   0.41669   3.22161   0.31319  
 47  0.0008   4860.709516  x:  0.11626   0.11397   0.02625   0.15961   0.02821   0.03207   0.03283   0.04655   0.00000   0.00325   0.00326   0.01303   0.08924   0.04410   0.05474   0.01111   0.00381   0.02308   0.02597   0.00938   0.42080   0.47711   0.08085   0.19900   0.37063   0.11293   0.06862   0.09961   0.41684   3.22081   0.31314  
 48  0.0008   4860.709478  x:  0.11626   0.11397   0.02621   0.15962   0.02820   0.03208   0.03282   0.04654   0.00000   0.00325   0.00325   0.01303   0.08929   0.04406   0.05472   0.01111   0.00380   0.02309   0.02599   0.00939   0.42074   0.47704   0.08093   0.19896   0.37062   0.11288   0.06860   0.09960   0.41676   3.22083   0.31321  
 49  0.0002   4860.709461  x:  0.11627   0.11396   0.02622   0.15961   0.02821   0.03207   0.03284   0.04654   0.00000   0.00324   0.00325   0.01302   0.08927   0.04409   0.05472   0.01111   0.00380   0.02307   0.02600   0.00940   0.42074   0.47704   0.08094   0.19897   0.37065   0.11287   0.06859   0.09961   0.41674   3.22055   0.31328  
 50  0.0001   4860.709451  x:  0.11626   0.11395   0.02623   0.15960   0.02821   0.03208   0.03282   0.04655   0.00000   0.00324   0.00325   0.01301   0.08926   0.04408   0.05472   0.01110   0.00381   0.02308   0.02600   0.00940   0.42074   0.47702   0.08092   0.19896   0.37063   0.11287   0.06861   0.09960   0.41677   3.22026   0.31330  
 51  0.0002   4860.709447  x:  0.11626   0.11396   0.02622   0.15961   0.02821   0.03208   0.03283   0.04655   0.00000   0.00324   0.00324   0.01300   0.08927   0.04407   0.05473   0.01111   0.00381   0.02308   0.02600   0.00941   0.42074   0.47704   0.08090   0.19896   0.37062   0.11288   0.06860   0.09960   0.41676   3.22000   0.31326  
 52  0.0002   4860.709446  x:  0.11626   0.11396   0.02622   0.15961   0.02821   0.03208   0.03283   0.04655   0.00000   0.00324   0.00324   0.01301   0.08927   0.04408   0.05473   0.01110   0.00380   0.02308   0.02600   0.00941   0.42073   0.47702   0.08089   0.19896   0.37062   0.11288   0.06860   0.09960   0.41675   3.21996   0.31326  
 53  0.0000   4860.709445  x:  0.11627   0.11396   0.02622   0.15961   0.02821   0.03208   0.03283   0.04654   0.00000   0.00324   0.00324   0.01301   0.08927   0.04407   0.05473   0.01111   0.00380   0.02308   0.02600   0.00942   0.42073   0.47702   0.08089   0.19897   0.37063   0.11287   0.06860   0.09960   0.41676   3.21999   0.31326  
 54  0.0000   4860.709444  x:  0.11626   0.11396   0.02622   0.15961   0.02821   0.03208   0.03283   0.04655   0.00000   0.00324   0.00324   0.01301   0.08927   0.04407   0.05473   0.01111   0.00381   0.02308   0.02600   0.00942   0.42073   0.47703   0.08089   0.19896   0.37062   0.11288   0.06860   0.09960   0.41676   3.22003   0.31326  
 55  0.0000   4860.709444  x:  0.11626   0.11396   0.02622   0.15961   0.02821   0.03208   0.03283   0.04655   0.00000   0.00324   0.00324   0.01301   0.08927   0.04407   0.05473   0.01111   0.00381   0.02308   0.02600   0.00942   0.42073   0.47703   0.08089   0.19896   0.37062   0.11288   0.06860   0.09960   0.41676   3.21999   0.31326  
 56  0.0000   4860.709444  x:  0.11626   0.11396   0.02622   0.15961   0.02821   0.03208   0.03283   0.04655   0.00000   0.00324   0.00324   0.01301   0.08927   0.04407   0.05473   0.01111   0.00381   0.02308   0.02600   0.00942   0.42073   0.47703   0.08089   0.19896   0.37062   0.11288   0.06860   0.09960   0.41676   3.22003   0.31326  
 57  0.0000   4860.709444  x:  0.11626   0.11396   0.02622   0.15961   0.02821   0.03208   0.03283   0.04655   0.00000   0.00324   0.00324   0.01301   0.08927   0.04407   0.05473   0.01111   0.00381   0.02308   0.02600   0.00942   0.42073   0.47703   0.08089   0.19896   0.37062   0.11288   0.06860   0.09960   0.41676   3.22004   0.31326  
 58  0.0000   4860.709444  x:  0.11626   0.11396   0.02622   0.15961   0.02821   0.03208   0.03283   0.04655   0.00000   0.00324   0.00324   0.01301   0.08927   0.04407   0.05473   0.01111   0.00381   0.02308   0.02600   0.00942   0.42073   0.47703   0.08089   0.19896   0.37062   0.11288   0.06860   0.09960   0.41676   3.22003   0.31326  
 59  0.0000   4860.709444  x:  0.11626   0.11396   0.02622   0.15961   0.02821   0.03208   0.03283   0.04655   0.00000   0.00324   0.00324   0.01301   0.08927   0.04407   0.05473   0.01111   0.00381   0.02308   0.02600   0.00942   0.42073   0.47703   0.08089   0.19896   0.37062   0.11288   0.06860   0.09960   0.41676   3.22003   0.31326  
 60  0.0000   4860.709444  x:  0.11626   0.11396   0.02622   0.15961   0.02821   0.03208   0.03283   0.04655   0.00000   0.00324   0.00324   0.01301   0.08927   0.04407   0.05473   0.01111   0.00381   0.02308   0.02600   0.00942   0.42073   0.47703   0.08089   0.19896   0.37062   0.11288   0.06860   0.09960   0.41676   3.22003   0.31326  