

TREE # 1

  0  0.0000   2958.138749  x:  0.00312   0.00000   0.09680   0.25947   0.09274   0.06641   0.02169   0.03124   0.01641   0.34700   0.07777   0.02613   0.02001   1.02380   1.05989  
  1 99.0000   2955.295430  x:  0.01373   0.00755   0.09716   0.26014   0.09365   0.06623   0.01969   0.02707   0.00926   0.34836   0.07756   0.02015   0.01233   1.02878   1.05659  
  2 437.5186   2952.859982  x:  0.01263   0.00448   0.09716   0.26087   0.09465   0.06606   0.01811   0.02287   0.00157   0.35013   0.07749   0.01444   0.00558   1.03529   1.05227  
  3 408.1594   2952.119912  x:  0.01285   0.00400   0.09715   0.26131   0.09525   0.06611   0.01772   0.02134   0.00000   0.35114   0.07766   0.01310   0.00722   1.03902   1.04977  
  4 282.4776   2947.402860  x:  0.01485   0.00000   0.09651   0.26777   0.10404   0.06783   0.01577   0.00692   0.00781   0.36637   0.08201   0.00761   0.00797   1.09473   1.01240  
  5 546.5146   2887.283794  x:  0.01101   0.00097   0.09353   0.33223   0.18538   0.08138   0.01566   0.01967   0.00000   0.51861   0.11724   0.01396   0.00638   1.66549   0.62751  
  6 1866.3738   2879.279044  x:  0.01201   0.00000   0.09448   0.33137   0.17491   0.07660   0.02120   0.01853   0.00000   0.52199   0.10825   0.01495   0.00633   1.71640   0.58625  
  7 789.2367   2858.920513  x:  0.00887   0.00000   0.09809   0.32423   0.13151   0.06441   0.00347   0.02176   0.00000   0.52523   0.07819   0.01183   0.00752   1.88525   0.44293  
  8 3937.9373   2855.319167  x:  0.00590   0.00000   0.09863   0.32094   0.12230   0.06873   0.00482   0.02435   0.00000   0.52116   0.07816   0.00453   0.00803   1.91515   0.41341  
  9 1322.4145   2846.602084  x:  0.00048   0.00000   0.09948   0.31095   0.10160   0.08793   0.00519   0.01991   0.00000   0.50556   0.08720   0.00704   0.00767   1.98560   0.33838  
 10 1784.2436   2840.095307  x:  0.00470   0.00000   0.10024   0.29827   0.07616   0.11111   0.00533   0.02027   0.00000   0.48575   0.09830   0.00889   0.00742   2.07484   0.24340  
 11 7171.5606   2835.710438  x:  0.00420   0.00000   0.10048   0.28167   0.10105   0.10250   0.00540   0.02081   0.00000   0.44133   0.09696   0.00858   0.00741   2.12003   0.18333  
 12 233.8121   2833.154521  x:  0.00427   0.00000   0.09707   0.28978   0.10000   0.09037   0.00516   0.02109   0.00000   0.37273   0.11515   0.00829   0.00737   2.19640   0.20528  
 13 62.2536   2832.797044  x:  0.00449   0.00000   0.10051   0.28789   0.10416   0.10143   0.00519   0.02107   0.00000   0.36201   0.10530   0.00857   0.00734   2.21091   0.21265  
 14 45.0914   2832.756276  x:  0.00453   0.00000   0.09640   0.28267   0.10464   0.10194   0.00519   0.02109   0.00000   0.36258   0.10493   0.00858   0.00733   2.21318   0.21455  
 15  7.4208   2832.695090  x:  0.00453   0.00000   0.09999   0.27430   0.10490   0.10067   0.00522   0.02110   0.00000   0.36429   0.10672   0.00860   0.00734   2.21639   0.21706  
 16  8.0746   2824.746752  x:  0.00495   0.00000   0.09983   0.27782   0.10179   0.06074   0.01440   0.01941   0.00000   0.36429   0.07305   0.01402   0.00887   2.38005   0.23328  
 17  1.1131   2818.498274  x:  0.00642   0.00000   0.09819   0.29588   0.10682   0.09355   0.02091   0.02308   0.00000   0.40484   0.09539   0.01817   0.01029   2.98041   0.26071  
 18  0.2651   2815.041648  x:  0.00600   0.00000   0.10166   0.28021   0.09373   0.07277   0.02346   0.02540   0.00000   0.38085   0.07832   0.01851   0.01001   3.57983   0.25324  
 19  0.3392   2814.367058  x:  0.00601   0.00000   0.10070   0.29151   0.10645   0.06556   0.02407   0.02452   0.00000   0.39721   0.08423   0.01844   0.00930   3.77633   0.26074  
 20  0.1783   2814.024043  x:  0.00580   0.00000   0.09957   0.29544   0.10928   0.07544   0.02331   0.02333   0.00000   0.40311   0.07982   0.01738   0.00904   3.95946   0.26125  
 21  0.1411   2813.808924  x:  0.00529   0.00000   0.09967   0.29260   0.10524   0.07394   0.02170   0.02196   0.00000   0.39780   0.08535   0.01560   0.00921   4.11965   0.25897  
 22  0.1080   2813.760185  x:  0.00512   0.00000   0.10042   0.29243   0.10516   0.07196   0.02048   0.02182   0.00000   0.39965   0.08213   0.01478   0.00950   4.13512   0.26155  
 23  0.0118   2813.745364  x:  0.00519   0.00000   0.10007   0.29292   0.10587   0.07252   0.01963   0.02206   0.00000   0.39944   0.08302   0.01470   0.00968   4.09217   0.26364  
 24  0.0222   2813.738014  x:  0.00531   0.00000   0.09994   0.29273   0.10523   0.07243   0.01902   0.02232   0.00000   0.39878   0.08290   0.01515   0.00946   4.09549   0.26225  
 25  0.0009   2813.736987  x:  0.00533   0.00000   0.10009   0.29294   0.10563   0.07245   0.01900   0.02227   0.00000   0.39956   0.08288   0.01527   0.00949   4.10912   0.26260  
 26  0.0091   2813.736921  x:  0.00533   0.00000   0.10005   0.29287   0.10557   0.07243   0.01899   0.02226   0.00000   0.39938   0.08291   0.01530   0.00953   4.10981   0.26273  
 27  0.0005   2813.736916  x:  0.00533   0.00000   0.10007   0.29288   0.10556   0.07244   0.01900   0.02224   0.00000   0.39940   0.08289   0.01531   0.00953   4.10947   0.26274  
 28  0.0001   2813.736912  x:  0.00532   0.00000   0.10006   0.29288   0.10557   0.07244   0.01899   0.02224   0.00000   0.39940   0.08290   0.01531   0.00953   4.10944   0.26274  
 29  0.0000   2813.736911  x:  0.00531   0.00000   0.10006   0.29287   0.10557   0.07244   0.01899   0.02225   0.00000   0.39939   0.08290   0.01531   0.00953   4.10947   0.26274  
 30  0.0000   2813.736911  x:  0.00531   0.00000   0.10006   0.29288   0.10557   0.07244   0.01899   0.02225   0.00000   0.39940   0.08290   0.01531   0.00953   4.10952   0.26274  
 31  0.0000   2813.736911  x:  0.00531   0.00000   0.10006   0.29288   0.10557   0.07244   0.01899   0.02225   0.00000   0.39940   0.08290   0.01531   0.00953   4.10952   0.26274  
 32  0.0000   2813.736911  x:  0.00531   0.00000   0.10006   0.29288   0.10557   0.07244   0.01899   0.02225   0.00000   0.39940   0.08290   0.01531   0.00953   4.10952   0.26274  