

TREE # 1

  0  0.0000   3077.064852  x:  0.00587   0.00000   0.10112   0.26680   0.08299   0.07025   0.02689   0.03411   0.01236   0.35007   0.08625   0.01585   0.01084   0.86140   1.09011  
  1 99.0000   3075.363327  x:  0.00612   0.01056   0.10143   0.26732   0.08501   0.06726   0.02510   0.02920   0.00573   0.35218   0.08522   0.01483   0.00769   0.86925   1.08608  
  2 317.3586   3072.778818  x:  0.00581   0.00829   0.10133   0.26792   0.08764   0.06328   0.02344   0.02353   0.00000   0.35535   0.08419   0.01439   0.00803   0.88112   1.07993  
  3 357.4965   3067.606757  x:  0.00648   0.00647   0.10120   0.26986   0.09548   0.05176   0.01981   0.00994   0.00449   0.36565   0.08249   0.01348   0.00679   0.91927   1.06011  
  4 922.1742   3051.689755  x:  0.00640   0.00580   0.10096   0.27658   0.11957   0.02001   0.01866   0.02120   0.00617   0.40116   0.07679   0.01391   0.00915   1.05537   0.98859  
  5 1262.2520   3011.620498  x:  0.00804   0.00120   0.10001   0.29556   0.17593   0.05625   0.03224   0.02992   0.00553   0.50358   0.06636   0.01688   0.00000   1.47179   0.76526  
  6 2123.1529   2989.163513  x:  0.01067   0.00000   0.09885   0.32265   0.25605   0.10993   0.05122   0.03969   0.00569   0.64964   0.05174   0.02096   0.00607   2.06634   0.44626  
  7 197303.4054   2982.333930  x:  0.00000   0.00000   0.09918   0.32224   0.24815   0.11278   0.04437   0.04116   0.00582   0.65476   0.06357   0.01586   0.00615   2.11974   0.41267  
  8 923.0740   2970.839592  x:  0.00250   0.00000   0.10016   0.32008   0.22450   0.11748   0.02637   0.04531   0.00419   0.66169   0.09316   0.00397   0.00632   2.23175   0.33994  
  9 3979.5677   2962.063565  x:  0.00386   0.00000   0.10125   0.31725   0.19806   0.12036   0.00970   0.04745   0.00236   0.66514   0.11994   0.01435   0.00615   2.33398   0.27216  
 10 4995.0927   2952.738868  x:  0.00468   0.00000   0.10267   0.31247   0.16045   0.11536   0.02794   0.04293   0.00000   0.65897   0.13786   0.01797   0.00605   2.42582   0.20930  
 11 1296.5769   2943.695196  x:  0.00351   0.00000   0.10531   0.30630   0.10105   0.11472   0.01839   0.04357   0.00000   0.62857   0.09505   0.01312   0.00604   2.52885   0.16517  
 12 363.3730   2931.122414  x:  0.00379   0.00000   0.11102   0.29486   0.05566   0.11359   0.02135   0.04213   0.00000   0.50089   0.09904   0.01448   0.00606   2.77073   0.23435  
 13 170.5200   2925.660198  x:  0.00371   0.00000   0.11053   0.27549   0.07638   0.11526   0.02086   0.04296   0.00000   0.38973   0.09602   0.01421   0.00611   2.86657   0.22956  
 14 251.7047   2925.622605  x:  0.00373   0.00000   0.10639   0.28062   0.07626   0.11521   0.02085   0.04295   0.00000   0.38791   0.09615   0.01422   0.00610   2.86702   0.22916  
 15 10.6860   2925.609942  x:  0.00372   0.00000   0.10828   0.28452   0.07632   0.11520   0.02086   0.04294   0.00000   0.38688   0.09626   0.01422   0.00610   2.86707   0.22874  
 16  6.3541   2922.263801  x:  0.00495   0.00000   0.10469   0.29700   0.10036   0.09867   0.02868   0.03325   0.00000   0.43169   0.08267   0.01641   0.00602   2.86063   0.26589  
 17  0.0499   2922.263467  x:  0.00495   0.00000   0.10469   0.29700   0.10037   0.09866   0.02868   0.03325   0.00016   0.43170   0.08267   0.01641   0.00602   2.86063   0.26590  
 18  2.8298   2921.844980  x:  0.00499   0.00000   0.10477   0.29624   0.10066   0.09679   0.02906   0.03226   0.00000   0.42931   0.08416   0.01653   0.00602   2.87432   0.26621  
 19  0.1989   2918.193319  x:  0.00515   0.00000   0.10642   0.28710   0.09975   0.06676   0.03040   0.01828   0.00000   0.39618   0.08461   0.01624   0.00598   3.12914   0.26568  
 20  0.3477   2918.190836  x:  0.00515   0.00000   0.10642   0.28709   0.09975   0.06673   0.03040   0.01827   0.00043   0.39615   0.08461   0.01624   0.00598   3.12936   0.26568  
 21 13.3045   2917.811471  x:  0.00502   0.00000   0.10648   0.28718   0.09877   0.06652   0.02947   0.01904   0.00000   0.39728   0.08778   0.01601   0.00601   3.16735   0.26345  
 22  0.1475   2916.390556  x:  0.00428   0.00000   0.10670   0.28945   0.09273   0.06121   0.02191   0.02388   0.00000   0.40808   0.09682   0.01399   0.00634   3.55400   0.25442  
 23  0.3231   2915.996227  x:  0.00491   0.00000   0.10616   0.29325   0.09640   0.06416   0.02466   0.02672   0.00000   0.41648   0.09036   0.01526   0.00661   3.73917   0.26718  
 24  0.0770   2915.938062  x:  0.00499   0.00000   0.10639   0.29234   0.09624   0.06097   0.02482   0.02564   0.00000   0.41494   0.09047   0.01528   0.00675   3.83872   0.26749  
 25  0.0779   2915.912769  x:  0.00497   0.00000   0.10656   0.29159   0.09558   0.06332   0.02455   0.02543   0.00000   0.41314   0.09053   0.01511   0.00697   3.88922   0.26565  
 26  0.0204   2915.898115  x:  0.00500   0.00000   0.10634   0.29276   0.09625   0.06360   0.02496   0.02435   0.00000   0.41619   0.09146   0.01512   0.00716   3.88938   0.26590  
 27  0.0018   2915.868952  x:  0.00501   0.00000   0.10647   0.29263   0.09627   0.06368   0.02483   0.02370   0.00000   0.41369   0.08873   0.01476   0.00768   3.85070   0.26730  
 28  0.0082   2915.812778  x:  0.00506   0.00000   0.10638   0.29189   0.09564   0.06304   0.02407   0.02520   0.00000   0.41587   0.09098   0.01454   0.00890   3.83876   0.26800  
 29  0.0030   2915.804440  x:  0.00515   0.00000   0.10637   0.29230   0.09589   0.06271   0.02479   0.02489   0.00000   0.41418   0.09074   0.01480   0.00921   3.84995   0.26674  
 30  0.0072   2915.803683  x:  0.00511   0.00000   0.10638   0.29225   0.09595   0.06284   0.02474   0.02504   0.00000   0.41447   0.09067   0.01484   0.00926   3.83993   0.26587  
 31  0.0056   2915.803364  x:  0.00503   0.00000   0.10637   0.29228   0.09605   0.06274   0.02471   0.02498   0.00000   0.41455   0.09065   0.01491   0.00924   3.84430   0.26567  
 32  0.0014   2915.803264  x:  0.00500   0.00000   0.10638   0.29229   0.09603   0.06280   0.02471   0.02499   0.00000   0.41446   0.09064   0.01493   0.00925   3.84315   0.26602  
 33  0.0006   2915.803260  x:  0.00499   0.00000   0.10638   0.29227   0.09600   0.06280   0.02472   0.02499   0.00000   0.41446   0.09066   0.01493   0.00926   3.84331   0.26600  
 34  0.0001   2915.803259  x:  0.00499   0.00000   0.10638   0.29228   0.09599   0.06280   0.02472   0.02499   0.00000   0.41448   0.09066   0.01493   0.00926   3.84330   0.26600  
 35  0.0000   2915.803259  x:  0.00499   0.00000   0.10638   0.29227   0.09599   0.06280   0.02472   0.02499   0.00000   0.41447   0.09066   0.01493   0.00926   3.84331   0.26600  
 36  0.0000   2915.803259  x:  0.00499   0.00000   0.10638   0.29227   0.09600   0.06280   0.02472   0.02499   0.00000   0.41447   0.09066   0.01493   0.00926   3.84331   0.26600  
 37  0.0000   2915.803259  x:  0.00499   0.00000   0.10638   0.29227   0.09600   0.06280   0.02472   0.02499   0.00000   0.41447   0.09066   0.01493   0.00926   3.84331   0.26600  