Aquila_chrysaetos Colius_striatus Corvus_brachyrhynchos Falco_peregrinus Falco_tinnunculus Haliaeetus_leucocephalus Leptosomus_discolor Tyto_alba
0.00020573 0.086404 4.0726e-06 0.0053714 0.0011843 0.0001028 3.0344e-05 1.7238e-05
0.00020408 0.085046 3.6567e-06 0.0053707 0.0011816 9.9158e-05 2.9232e-05 1.6142e-05
0.00020246 0.083986 3.348e-06 0.0053701 0.0011788 9.5577e-05 2.8203e-05 1.5122e-05
0.00020082 0.082794 2.995e-06 0.0053695 0.0011761 9.1962e-05 2.7135e-05 1.4066e-05
0.00019917 0.081452 2.5897e-06 0.0053688 0.0011733 8.8312e-05 2.6025e-05 1.2971e-05
0.00019749 0.079931 2.118e-06 0.005368 0.0011705 8.4624e-05 2.4869e-05 1.1833e-05
0.00019585 0.078731 1.7669e-06 0.0053674 0.0011678 8.0997e-05 2.3796e-05 1.0772e-05
0.00019424 0.077806 1.5073e-06 0.0053669 0.001165 7.7431e-05 2.2804e-05 9.7865e-06
0.00019261 0.07672 1.1972e-06 0.0053663 0.0011623 7.3821e-05 2.1763e-05 9.7233e-06
0.00019102 0.072781 9.7793e-07 0.0053658 0.0011596 7.0282e-05 2.081e-05 9.6766e-06
0.00018946 0.069643 8.1938e-07 0.0053655 0.0011569 6.6806e-05 1.9949e-05 9.6449e-06
0.00018788 0.066068 6.2786e-07 0.0053651 0.0011542 6.3287e-05 1.9043e-05 9.6009e-06
0.00018633 0.063229 4.8949e-07 0.0053649 0.0011515 5.9831e-05 1.8211e-05 9.5719e-06
0.00018476 0.059998 3.23e-07 0.0053645 0.0011488 5.6332e-05 1.7335e-05 9.531e-06
0.00018323 0.057457 2.0337e-07 0.0053643 0.0011461 5.2898e-05 1.6531e-05 9.5053e-06
0.00018173 0.049418 1.2008e-07 0.0053642 0.0011435 4.9534e-05 1.5801e-05 9.4963e-06
0.00018012 0.040182 1.1255e-07 0.0053641 0.0011408 4.9246e-05 1.5029e-05 9.4749e-06
0.00017848 0.029485 1.0017e-07 0.0053639 0.0011382 4.8941e-05 1.4211e-05 9.4405e-06
0.00017688 0.021519 9.3296e-08 0.0053638 0.0011355 4.8648e-05 1.1604e-05 9.4233e-06
0.00017525 0.012348 8.207e-08 0.0053636 0.0011329 4.8338e-05 1.1237e-05 9.3937e-06
0.0001736 0.010997 6.5888e-08 0.0053636 0.0011302 4.801e-05 1.0845e-05 9.351e-06
0.00017191 0.010003 5.5769e-08 0.0053638 0.0011276 4.766e-05 1.0507e-05 8.9752e-06
0.00017026 0.0092021 4.8691e-08 0.005364 0.0011251 4.7319e-05 1.0197e-05 8.6271e-06
0.00016863 0.0085445 4.3687e-08 0.0053644 0.0011225 4.6985e-05 9.9092e-06 8.3022e-06
0.00016699 0.0078232 3.6305e-08 0.0053647 0.00112 4.6638e-05 9.609e-06 7.9646e-06
0.00016537 0.0072246 3.0599e-08 0.0053652 0.0011174 4.6298e-05 9.3297e-06 7.6481e-06
0.00016379 0.006725 2.6108e-08 0.0053657 0.0011149 4.5964e-05 9.0693e-06 7.3509e-06
0.00016222 0.0063071 2.2516e-08 0.0053663 0.0011124 4.5636e-05 8.8264e-06 7.0713e-06
0.00016068 0.0059577 1.9595e-08 0.005367 0.00111 4.5313e-05 8.5997e-06 6.8081e-06
0.00015917 0.0056627 1.7071e-08 0.0053679 0.0011075 4.4995e-05 8.387e-06 6.559e-06
0.00015767 0.0054184 1.4916e-08 0.0053688 0.0011051 4.4681e-05 8.1887e-06 6.3243e-06
0.0001562 0.0052182 1.3018e-08 0.0053698 0.0011027 4.4373e-05 8.004e-06 6.1032e-06
0.00015475 0.0050542 1.1197e-08 0.0053708 0.0011003 4.4068e-05 7.8312e-06 5.8939e-06
0.00015332 0.0049252 9.4506e-09 0.005372 0.0010979 4.3769e-05 7.6708e-06 5.6968e-06
0.00015191 0.0048258 7.6228e-09 0.0053733 0.0010956 4.3473e-05 7.5212e-06 5.5105e-06
0.00015051 0.0047537 5.6374e-09 0.0053747 0.0010933 4.3181e-05 7.3822e-06 5.3343e-06
0.00014911 0.0046662 1.3484e-08 0.005376 0.0010909 4.2878e-05 7.2362e-06 5.1514e-06
0.00014773 0.0046074 2.2489e-08 0.0053774 0.0010886 4.258e-05 7.1013e-06 4.9793e-06
0.00014637 0.0045758 3.3136e-08 0.0053789 0.0010863 4.2286e-05 6.9772e-06 4.8175e-06
0.000145 0.0045294 4.1662e-08 0.0053804 0.001084 4.1981e-05 6.8462e-06 4.6492e-06
0.00014366 0.00451 5.2186e-08 0.0053819 0.0010817 4.1682e-05 6.7259e-06 4.491e-06
0.0001423 0.0044755 6.0435e-08 0.0053835 0.0010794 4.1371e-05 6.5986e-06 4.3261e-06
0.00014093 0.0044252 6.6432e-08 0.005385 0.0010771 4.1048e-05 6.4641e-06 4.1543e-06
0.00013957 0.0044012 7.4461e-08 0.0053866 0.0010748 4.0731e-05 6.34e-06 3.9923e-06
0.00013825 0.0044061 8.5342e-08 0.0053883 0.0010725 4.0419e-05 6.2271e-06 3.8409e-06
0.00013691 0.0043923 9.334e-08 0.0053899 0.0010702 4.0094e-05 6.1058e-06 3.6815e-06
0.00013559 0.0040188 1.0475e-07 0.0053917 0.001068 3.9776e-05 5.9965e-06 3.5333e-06
0.0001343 0.0037198 9.3707e-08 0.0053935 0.0010657 3.9466e-05 5.9002e-06 3.3971e-06
0.00013304 0.0034821 8.6507e-08 0.0053956 0.0010635 3.9164e-05 5.8164e-06 3.2721e-06
0.00013176 0.0032125 7.6105e-08 0.0053975 0.0010613 3.8849e-05 5.7234e-06 3.1385e-06
0.0001305 0.0029958 6.8945e-08 0.0053996 0.0010591 3.854e-05 5.6418e-06 3.0152e-06
0.00012928 0.0028278 6.4845e-08 0.0054018 0.0010569 3.8239e-05 5.5724e-06 2.9023e-06
0.00012803 0.0026301 5.7599e-08 0.0054039 0.0010547 3.7924e-05 5.493e-06 2.7806e-06
0.00012677 0.002397 4.6829e-08 0.0054059 0.0010525 3.7593e-05 5.4031e-06 2.6492e-06
0.00012548 0.0024861 3.1857e-08 0.0054079 0.0010503 3.7246e-05 5.3016e-06 2.5072e-06
0.00012423 0.0024067 2.1791e-08 0.00541 0.0010481 3.6908e-05 5.2137e-06 2.3773e-06
0.000123 0.0023603 1.4434e-08 0.0054122 0.0010459 3.658e-05 5.139e-06 2.2587e-06
0.00012175 0.0022324 1.463e-08 0.0054147 0.0010437 3.6233e-05 4.9735e-06 2.2671e-06
0.00012048 0.0020733 1.2617e-08 0.005417 0.0010416 3.5871e-05 4.7941e-06 2.2682e-06
0.00011924 0.0019565 1.1411e-08 0.0054194 0.0010394 3.5518e-05 4.6322e-06 2.2756e-06
0.00011802 0.0018747 1.0867e-08 0.0054221 0.0010373 3.5174e-05 4.4866e-06 2.2894e-06
0.00011684 0.0018231 1.092e-08 0.0054248 0.0010353 3.4839e-05 4.3562e-06 2.3098e-06
0.00011568 0.0017985 1.1582e-08 0.0054277 0.0010332 3.4513e-05 4.24e-06 2.3367e-06
0.00011455 0.001805 4.7461e-09 0.0054164 0.0010314 3.4197e-05 3.79e-06 2.3744e-06
0.0001134 0.0017907 5.3652e-09 0.0054051 0.0010296 3.3866e-05 3.7828e-06 2.4042e-06
0.00011224 0.0017555 4.212e-09 0.0053936 0.0010278 3.3518e-05 3.7664e-06 2.4265e-06
0.0001111 0.0017458 3.0818e-09 0.0053823 0.0010259 3.3179e-05 3.7595e-06 2.4557e-06
0.00010998 0.001761 1.8366e-09 0.0053712 0.0010242 3.2849e-05 3.7619e-06 2.4919e-06
0.00010885 0.0017559 4.0437e-09 0.00536 0.0010224 3.2503e-05 3.7553e-06 2.5204e-06
0.00010774 0.001778 6.5519e-09 0.005349 0.0010206 3.2166e-05 3.5493e-06 2.5569e-06
0.00010662 0.0017798 7.1721e-09 0.0053379 0.0010188 3.1814e-05 3.3287e-06 2.5856e-06
0.00010552 0.0018067 8.0826e-09 0.005327 0.001017 3.1471e-05 3.127e-06 2.6215e-06
0.0001044 0.0018132 7.0864e-09 0.005316 0.0010152 3.1111e-05 2.9172e-06 2.6497e-06
0.00010331 0.001845 6.373e-09 0.0053052 0.0010135 3.076e-05 2.725e-06 2.6852e-06
0.00010225 0.0019041 5.8541e-09 0.0052946 0.0010117 3.0417e-05 2.549e-06 2.7282e-06
0.00010121 0.0019966 5.558e-09 0.0052842 0.00101 3.0083e-05 2.3891e-06 2.7798e-06
0.00010019 0.0021289 5.4469e-09 0.0052736 0.0010083 2.9758e-05 2.244e-06 2.8405e-06
9.9202e-05 0.0023102 5.505e-09 0.0052633 0.0010066 2.9442e-05 2.1124e-06 2.9106e-06
9.8238e-05 0.0025529 5.7432e-09 0.0052532 0.0010049 2.9135e-05 1.9933e-06 2.9908e-06
9.7256e-05 0.0027537 4.1556e-09 0.0052429 0.0010032 2.8811e-05 1.8637e-06 3.0617e-06
9.6296e-05 0.0030176 2.6333e-09 0.0052329 0.0010016 2.8496e-05 1.7451e-06 3.1421e-06
9.5248e-05 0.0032357 5.5028e-09 0.0052227 0.00099987 2.9564e-05 1.6162e-06 3.213e-06
9.4223e-05 0.0035231 7.2665e-09 0.0052127 0.00099821 3.065e-05 1.498e-06 3.2936e-06
9.318e-05 0.003761 7.9241e-09 0.0052026 0.00099653 3.1715e-05 1.3697e-06 3.3647e-06
9.216e-05 0.0037614 7.4759e-09 0.0051927 0.00099487 3.2798e-05 1.2518e-06 3.4457e-06
9.1166e-05 0.0038036 7.4393e-09 0.005183 0.00099324 3.3903e-05 1.1442e-06 3.5383e-06
9.0196e-05 0.0038905 7.8071e-09 0.0051735 0.00099165 3.503e-05 1.046e-06 3.6431e-06
8.9251e-05 0.0040282 8.6307e-09 0.0051642 0.00099008 3.6179e-05 9.5644e-07 3.761e-06
8.8328e-05 0.0042218 9.9061e-09 0.0051551 0.00098854 3.7349e-05 8.7394e-07 3.8919e-06
8.7387e-05 0.0043744 2.7808e-08 0.0051458 0.00098698 3.8495e-05 7.834e-07 4.0112e-06
8.6468e-05 0.0045873 5.2374e-08 0.0051368 0.00098545 3.9664e-05 6.9973e-07 4.1439e-06
8.557e-05 0.0048738 5.6858e-08 0.0051279 0.00098394 4.0853e-05 6.2232e-07 4.2909e-06
8.4655e-05 0.005036 5.5328e-08 0.0051192 0.00098247 4.2019e-05 6.245e-07 4.3719e-06
8.3761e-05 0.0052625 5.653e-08 0.0051107 0.00098102 4.3207e-05 6.2905e-07 4.4646e-06
8.2851e-05 0.0054458 5.4543e-08 0.0051021 0.00097955 4.4372e-05 6.285e-07 5.3273e-06
8.1963e-05 0.0057011 5.5364e-08 0.0050937 0.00097811 4.5561e-05 6.3045e-07 6.2658e-06
8.1059e-05 0.0059109 5.3087e-08 0.0050852 0.00097665 4.6727e-05 6.2739e-07 7.161e-06
8.0175e-05 0.006197 5.3442e-08 0.0050768 0.00097521 4.7916e-05 6.2667e-07 8.1323e-06
7.9312e-05 0.0065765 5.6452e-08 0.0050687 0.0009738 4.9127e-05 6.2826e-07 9.1858e-06
7.8434e-05 0.0068983 5.6405e-08 0.0050604 0.00097237 5.0316e-05 6.2494e-07 1.0193e-05
7.7541e-05 0.0071685 5.526e-08 0.005052 0.00097093 5.1484e-05 6.1671e-07 1.1155e-05
7.6668e-05 0.0075299 5.3016e-08 0.0050439 0.0009695 5.2674e-05 6.1076e-07 1.2199e-05
7.5781e-05 0.0078373 4.9673e-08 0.0050356 0.00096806 5.3844e-05 6.0004e-07 1.3199e-05
7.4891e-05 0.0081405 4.523e-08 0.0050273 0.00096662 5.5007e-05 5.8691e-07 1.4198e-05
7.3999e-05 0.0084394 3.9689e-08 0.0050191 0.00096517 5.6164e-05 5.7139e-07 1.5195e-05
7.3104e-05 0.0087341 3.3049e-08 0.0050108 0.00096371 5.7315e-05 5.5347e-07 1.6191e-05
7.2194e-05 0.0089763 2.3188e-08 0.0050024 0.00096224 5.8444e-05 5.3055e-07 1.7141e-05
7.1268e-05 0.0091699 9.7336e-09 0.004994 0.00096075 5.9551e-05 5.0253e-07 1.8047e-05
7.0326e-05 0.0093174 9.8142e-09 0.0049854 0.00095923 6.0636e-05 4.693e-07 1.891e-05
6.9406e-05 0.0095428 1.046e-08 0.0049771 0.00095774 6.1744e-05 4.3876e-07 1.9851e-05
6.847e-05 0.0097206 9.1259e-09 0.0049686 0.00095623 6.2829e-05 4.0315e-07 2.0748e-05
6.7557e-05 0.0099845 8.366e-09 0.0049603 0.00095475 6.3939e-05 3.7022e-07 2.0944e-05
6.6662e-05 0.010344 7.9763e-09 0.0049522 0.0009533 6.5072e-05 3.394e-07 2.1168e-05
6.5789e-05 0.010324 8.0315e-09 0.0049443 0.00095187 6.6231e-05 3.1079e-07 2.1425e-05
6.4901e-05 0.01028 6.162e-09 0.0049363 0.00095043 6.7366e-05 2.7732e-07 2.1662e-05
6.4033e-05 0.010307 4.6861e-09 0.0049284 0.00094901 6.8527e-05 2.4596e-07 2.1932e-05
6.3184e-05 0.010401 3.3191e-09 0.0049207 0.00094762 6.9713e-05 2.1617e-07 2.2236e-05
6.2356e-05 0.010156 1.9814e-09 0.0049132 0.00094625 7.0927e-05 1.8867e-07 2.2139e-05
6.1548e-05 0.0099996 4.7705e-10 0.0049059 0.00094492 7.2168e-05 1.6251e-07 2.2069e-05
6.0724e-05 0.0097892 4.3237e-10 0.0048985 0.00094356 7.3384e-05 1.9489e-07 2.198e-05
5.9885e-05 0.0095237 1.6414e-09 0.0048912 0.00094223 7.4575e-05 2.2268e-07 2.1872e-05
5.9031e-05 0.0091985 1.3683e-09 0.0048839 0.00094088 7.5742e-05 4.4569e-07 2.1746e-05
5.8162e-05 0.0094683 4.4686e-09 0.0048764 0.00093951 7.6885e-05 6.5527e-07 2.1601e-05
5.7309e-05 0.0098272 7.8842e-09 0.0048691 0.00093816 7.805e-05 8.8037e-07 2.1481e-05
5.6446e-05 0.010144 9.597e-09 0.0048618 0.0009368 7.9198e-05 1.096e-06 2.1348e-05
5.5597e-05 0.010542 1.1514e-08 0.0048545 0.00093546 8.0364e-05 1.325e-06 2.1235e-05
5.4761e-05 0.011029 1.3697e-08 0.0048474 0.00093413 8.1548e-05 1.5677e-06 2.114e-05
5.3937e-05 0.011618 1.6238e-08 0.0048404 0.00093282 8.2749e-05 1.8245e-06 2.1063e-05
5.3125e-05 0.012324 1.9267e-08 0.0048336 0.00093153 8.3968e-05 2.0961e-06 2.1003e-05
5.2305e-05 0.012979 2.059e-08 0.0048266 0.00093023 8.5172e-05 2.3592e-06 2.0934e-05
5.1495e-05 0.013751 2.2326e-08 0.0048198 0.00092895 8.6391e-05 2.6361e-06 2.088e-05
5.0696e-05 0.014668 2.4681e-08 0.0048131 0.00092768 8.7627e-05 2.9287e-06 2.0841e-05
4.989e-05 0.015524 2.5292e-08 0.0048064 0.0009264 8.8849e-05 3.2126e-06 2.0794e-05
4.9075e-05 0.016325 2.4168e-08 0.0047996 0.0009251 9.0056e-05 3.4878e-06 2.0739e-05
4.8272e-05 0.017275 2.3667e-08 0.0047929 0.00092383 9.128e-05 3.779e-06 2.0699e-05
4.7479e-05 0.017333 2.3778e-08 0.0047863 0.00092257 9.2521e-05 4.0875e-06 2.0675e-05
4.6678e-05 0.017365 2.2186e-08 0.0047797 0.0009213 9.3748e-05 4.3869e-06 2.0643e-05
4.5871e-05 0.017373 1.8878e-08 0.0047731 0.00092001 9.4962e-05 4.6775e-06 2.0602e-05
4.5055e-05 0.017356 1.4128e-08 0.0047664 0.00091872 9.616e-05 4.9594e-06 2.0554e-05
4.4231e-05 0.017313 2.422e-08 0.0047596 0.00091741 9.7345e-05 5.2324e-06 2.0496e-05
4.3419e-05 0.017326 3.6279e-08 0.004753 0.00091613 9.8546e-05 5.5219e-06 2.0454e-05
4.2615e-05 0.017391 5.0683e-08 0.0047465 0.00091485 9.9763e-05 5.8276e-06 2.0426e-05
4.1805e-05 0.017431 6.2672e-08 0.00474 0.00091357 0.00010097 6.1245e-06 2.039e-05
4.0987e-05 0.017447 7.2267e-08 0.0047334 0.00091227 0.00010215 6.4123e-06 2.0346e-05
4.0178e-05 0.017514 8.4343e-08 0.0047269 0.00091099 0.00010336 6.7165e-06 2.0316e-05
3.9362e-05 0.017557 9.3959e-08 0.0047203 0.0009097 0.00010455 7.0117e-06 2.0278e-05
3.8538e-05 0.017575 1.0115e-07 0.0047138 0.00090839 0.00010573 7.2979e-06 2.0232e-05
3.7724e-05 0.017646 1.1104e-07 0.0047073 0.00090711 0.00010692 7.6012e-06 2.02e-05
3.692e-05 0.017775 1.2418e-07 0.0047009 0.00090583 0.00010813 7.9228e-06 2.0184e-05
3.6127e-05 0.017966 1.4142e-07 0.0046947 0.00090458 0.00010936 8.2645e-06 2.0182e-05
3.5345e-05 0.017552 1.646e-07 0.0046885 0.00090334 0.00011061 8.63e-06 2.0198e-05
3.4554e-05 0.018091 1.8361e-07 0.0046825 0.00090212 0.00011184 8.9825e-06 2.0204e-05
3.3753e-05 0.018576 1.9863e-07 0.0046764 0.00090089 0.00011305 9.3222e-06 2.0199e-05
3.2964e-05 0.019173 2.1933e-07 0.0046704 0.00089967 0.00011429 9.2735e-06 1.9553e-05
3.2165e-05 0.019715 2.3596e-07 0.0046644 0.00089844 0.0001155 9.2167e-06 1.8887e-05
3.1378e-05 0.020381 2.5912e-07 0.0046585 0.00089723 0.00011674 9.1715e-06 1.8262e-05
3.0602e-05 0.020994 2.7824e-07 0.0046526 0.00089601 0.000118 9.1188e-06 1.762e-05
2.9818e-05 0.021558 2.9366e-07 0.0046466 0.00089477 0.00011924 9.0588e-06 1.6961e-05
2.9044e-05 0.022243 3.1548e-07 0.0046407 0.00089356 0.00012051 9.0099e-06 1.634e-05
2.8262e-05 0.022878 3.3343e-07 0.0046348 0.00089232 0.00012175 8.9536e-06 1.5703e-05
2.7489e-05 0.023642 3.5832e-07 0.0046289 0.00089111 0.00012302 8.908e-06 1.5103e-05
2.6727e-05 0.024556 3.9141e-07 0.0046232 0.00088991 0.00012431 8.8729e-06 1.4538e-05
2.5974e-05 0.025646 4.3447e-07 0.0046176 0.00088873 0.00012562 8.8482e-06 1.4007e-05
2.5214e-05 0.026667 4.725e-07 0.004612 0.00088754 0.00012692 8.8167e-06 1.3461e-05
2.4463e-05 0.027882 4.5569e-07 0.0046064 0.00088636 0.00012823 8.7956e-06 1.2948e-05
2.3704e-05 0.029019 4.3463e-07 0.0046008 0.00088518 0.00012953 8.7673e-06 1.2419e-05
2.2954e-05 0.030353 4.2029e-07 0.0045954 0.000884 0.00013085 8.7486e-06 1.192e-05
2.2214e-05 0.031938 4.1242e-07 0.00459 0.00088285 0.00013219 8.7404e-06 1.1451e-05
2.1482e-05 0.0338 4.1013e-07 0.0045847 0.00088171 0.00013355 8.7419e-06 1.1009e-05
2.0741e-05 0.035537 4.0403e-07 0.0045794 0.00088055 0.00013489 8.7358e-06 1.0552e-05
2.0011e-05 0.037609 4.0413e-07 0.0045742 0.00087942 0.00013626 8.7408e-06 1.0124e-05
1.9289e-05 0.037956 4.1012e-07 0.0045691 0.0008783 0.00013765 8.7566e-06 9.7225e-06
1.8559e-05 0.038253 4.1204e-07 0.0045639 0.00087717 0.00013903 8.7641e-06 9.3063e-06
1.7816e-05 0.038667 4.2078e-07 0.0045589 0.00087606 0.00014037 8.7838e-06 8.9188e-06
1.7084e-05 0.039214 4.3696e-07 0.0045539 0.00087497 0.00014174 8.816e-06 8.5584e-06
1.6363e-05 0.039921 4.6195e-07 0.0045492 0.00087389 0.00014314 8.8611e-06 8.2238e-06
1.5652e-05 0.040823 4.9806e-07 0.0045445 0.00087284 0.00014457 8.9197e-06 7.9139e-06
1.4931e-05 0.041619 5.2703e-07 0.0045397 0.00087178 0.00014597 8.968e-06 7.5885e-06
1.4222e-05 0.042647 5.0936e-07 0.0045351 0.00087073 0.00014741 9.0313e-06 7.2895e-06
1.3524e-05 0.043948 5.0094e-07 0.0045307 0.00086971 0.00014887 9.1092e-06 7.0137e-06
1.2839e-05 0.047065 4.5945e-07 0.0045261 0.00086866 0.00015038 9.0221e-06 6.9169e-06
1.2144e-05 0.049828 4.9152e-07 0.0045215 0.0008676 0.00015186 8.9229e-06 6.8091e-06
1.1459e-05 0.053273 5.4106e-07 0.004517 0.00086656 0.00015337 8.8392e-06 6.7149e-06
1.0763e-05 0.056357 5.8102e-07 0.0045124 0.0008655 0.00015486 8.7441e-06 6.6102e-06
1.0078e-05 0.060154 6.3744e-07 0.0045079 0.00086446 0.00015638 8.6636e-06 6.5183e-06
9.4031e-06 0.064824 7.1536e-07 0.0045036 0.00086344 0.00015793 8.5973e-06 6.4385e-06
8.7374e-06 0.066045 8.2199e-07 0.0044994 0.00086244 0.00015951 8.5445e-06 6.3703e-06
8.0617e-06 0.067111 9.1124e-07 0.0044951 0.00086143 0.00016107 8.4811e-06 6.2925e-06
7.6966e-06 0.068487 1.0354e-06 0.004491 0.00086044 0.00016104 8.4319e-06 6.2267e-06
7.3246e-06 0.069722 1.1428e-06 0.0044868 0.00085943 0.000161 8.3735e-06 6.1527e-06
6.956e-06 0.071238 1.2833e-06 0.0044827 0.00085844 0.00016097 8.3265e-06 6.0882e-06
6.5905e-06 0.073079 1.4652e-06 0.0044787 0.00085746 0.00016096 8.2903e-06 6.0326e-06
6.2188e-06 0.07477 1.6274e-06 0.0044746 0.00085648 0.00016093 8.2463e-06 5.97e-06
5.8498e-06 0.076804 1.8353e-06 0.0044706 0.00085547 0.00016092 8.2125e-06 5.9158e-06
5.4838e-06 0.079265 2.1048e-06 0.0044666 0.00085449 0.00016092 8.1893e-06 5.8701e-06
5.1121e-06 0.081553 2.349e-06 0.0044625 0.00085349 0.00016091 8.1592e-06 5.8182e-06
4.7346e-06 0.08368 2.5701e-06 0.0044585 0.00085248 0.00016089 8.1219e-06 5.76e-06
4.3597e-06 0.086225 2.853e-06 0.0044545 0.00085148 0.00016088 8.0947e-06 5.7099e-06
4.4745e-06 0.088606 3.1114e-06 0.0044505 0.00085048 0.00016081 8.0607e-06 5.6538e-06
4.5886e-06 0.091409 3.4349e-06 0.0044465 0.00084948 0.00016075 8.0357e-06 5.6048e-06
4.6979e-06 0.094033 3.7308e-06 0.0044426 0.00084848 0.00016067 8.004e-06 5.5499e-06
4.8065e-06 0.097112 4.0998e-06 0.0044387 0.00084749 0.00016061 7.9811e-06 5.5018e-06
4.9115e-06 0.10019 4.4681e-06 0.0044348 0.0008465 0.00016055 7.9559e-06 5.4515e-06
5.013e-06 0.10325 4.8357e-06 0.0044309 0.0008455 0.00016047 7.9284e-06 5.3989e-06
5.1108e-06 0.10631 5.2025e-06 0.0044271 0.00084449 0.0001604 7.8986e-06 5.3442e-06
5.2052e-06 0.10937 5.5686e-06 0.0044232 0.00084349 0.00016031 7.8667e-06 5.2873e-06
5.2959e-06 0.11242 5.934e-06 0.0044193 0.00084248 0.00016022 7.8324e-06 5.2281e-06
5.3831e-06 0.11546 6.2987e-06 0.0044154 0.00084146 0.00016012 7.7959e-06 5.1667e-06
5.4668e-06 0.1185 6.6626e-06 0.0044115 0.00084044 0.00016002 7.7572e-06 5.1031e-06
5.5468e-06 0.12153 7.0258e-06 0.0044077 0.00083942 0.00015991 7.7162e-06 5.0373e-06
5.6233e-06 0.12455 7.3883e-06 0.0044038 0.00083839 0.0001598 7.6729e-06 4.9692e-06
5.6953e-06 0.12741 7.75e-06 0.0043999 0.00083735 0.00015967 7.6236e-06 4.8959e-06
5.7664e-06 0.13075 8.111e-06 0.004396 0.00083633 0.00015956 7.5826e-06 4.8289e-06
5.8368e-06 0.13467 8.4713e-06 0.0043923 0.00083532 0.00015946 7.5503e-06 4.7686e-06
5.9064e-06 0.13924 8.4918e-06 0.0043886 0.00083432 0.00015937 7.5261e-06 4.7143e-06
5.9752e-06 0.1446 8.5424e-06 0.004385 0.00083334 0.0001593 7.5103e-06 4.6663e-06
6.0432e-06 0.15083 8.623e-06 0.0043815 0.00083237 0.00015924 7.5023e-06 4.6238e-06
6.1105e-06 0.15813 8.4627e-06 0.0043781 0.00083141 0.00015919 7.5028e-06 4.5874e-06
6.1772e-06 0.16668 8.3439e-06 0.0043748 0.00083046 0.00015916 7.5115e-06 4.5567e-06
6.2431e-06 0.17668 8.2607e-06 0.0043715 0.00082953 0.00015914 7.5286e-06 4.5318e-06
6.3084e-06 0.18837 8.2093e-06 0.0043684 0.00082862 0.00015913 7.554e-06 4.5125e-06
6.373e-06 0.20203 8.1872e-06 0.0043653 0.00082771 0.00015914 7.5877e-06 4.4986e-06
6.4331e-06 0.21504 8.1551e-06 0.0043622 0.0008268 0.00015913 7.6159e-06 4.4802e-06
6.4887e-06 0.22738 8.1122e-06 0.0043591 0.00082588 0.00015912 7.6384e-06 4.457e-06
6.5436e-06 0.2418 8.0981e-06 0.004356 0.00082497 0.00015911 7.6693e-06 4.4392e-06
6.5941e-06 0.25553 8.074e-06 0.004353 0.00082405 0.0001591 7.6946e-06 4.4169e-06
6.6438e-06 0.27139 8.076e-06 0.00435 0.00082314 0.00015909 7.7276e-06 4.3994e-06
6.6925e-06 0.28973 8.1043e-06 0.004347 0.00082224 0.0001591 7.7684e-06 4.3869e-06
6.7368e-06 0.30714 8.1221e-06 0.0043441 0.00082134 0.0001591 7.8035e-06 4.3696e-06
6.7804e-06 0.32748 7.8615e-06 0.0043412 0.00082044 0.00015911 7.8472e-06 4.3577e-06
6.8233e-06 0.35127 7.658e-06 0.0043384 0.00081956 0.00015913 7.8997e-06 4.3513e-06
6.8618e-06 0.37389 7.4368e-06 0.0043356 0.00081867 0.00015914 7.9465e-06 4.3402e-06
6.8958e-06 0.39541 7.1968e-06 0.0043328 0.00081777 0.00015914 7.9876e-06 4.3244e-06
6.9253e-06 0.41583 6.9353e-06 0.0043299 0.00081686 0.00015913 8.0226e-06 4.3037e-06
6.9569e-06 0.43971 6.7314e-06 0.0043271 0.00081597 0.00015542 8.0666e-06 4.2886e-06
6.9877e-06 0.44464 6.5718e-06 0.0043244 0.00081509 0.00015176 8.1191e-06 4.2785e-06
7.018e-06 0.45045 6.452e-06 0.0043218 0.00081422 0.00014814 7.7661e-06 4.2739e-06
7.0475e-06 0.4572 6.3636e-06 0.0043192 0.00081336 0.00014457 7.4314e-06 4.2741e-06
7.0726e-06 0.46361 6.2639e-06 0.0043166 0.00081249 0.00014098 7.0878e-06 4.2697e-06
7.093e-06 0.46967 6.1519e-06 0.004314 0.00081161 0.00013736 6.735e-06 4.2605e-06
7.1129e-06 0.4768 6.0719e-06 0.0043115 0.00081075 0.00013379 6.4015e-06 4.2566e-06
7.1283e-06 0.48356 5.9811e-06 0.0043089 0.00080987 0.00013021 6.0592e-06 4.2481e-06
7.1429e-06 0.49141 5.9177e-06 0.0043064 0.00080901 0.00012666 5.7342e-06 4.2444e-06
7.1529e-06 0.49884 5.8436e-06 0.0043039 0.00080814 0.00012309 5.4003e-06 4.2359e-06
7.1624e-06 0.50757 5.3591e-06 0.0043015 0.00080728 0.00011957 5.0844e-06 4.2328e-06
7.1673e-06 0.51586 4.8385e-06 0.0042991 0.00080641 0.00011603 4.7601e-06 4.225e-06
7.1677e-06 0.52371 4.2785e-06 0.0042966 0.00080553 0.00011247 4.4271e-06 4.2124e-06
7.1636e-06 0.53116 3.6754e-06 0.004294 0.00080464 0.00010889 4.0852e-06 4.195e-06
7.159e-06 0.53992 8.856e-07 0.0042916 0.00080376 0.00010536 3.7617e-06 4.1831e-06
7.1497e-06 0.5482 5.9906e-07 0.0042891 0.00080288 0.0001018 3.429e-06 4.1663e-06
7.1399e-06 0.55794 3.7021e-07 0.0042868 0.000802 9.8291e-05 3.1141e-06 4.155e-06
7.1297e-06 0.56939 1.8701e-07 0.0042845 0.00080114 9.4824e-05 2.8159e-06 4.1492e-06
7.1148e-06 0.5802 1.7282e-07 0.0042821 0.00080027 9.1337e-05 2.509e-06 4.1385e-06
7.0952e-06 0.59042 1.5552e-07 0.0042798 0.00079939 8.7828e-05 2.1932e-06 4.1227e-06
7.0752e-06 0.60243 1.4261e-07 0.0042775 0.00079853 8.4363e-05 1.8939e-06 4.1124e-06
7.0547e-06 0.61655 1.334e-07 0.0042753 0.00079767 8.0943e-05 1.6101e-06 4.1076e-06
7.0337e-06 0.63317 1.2742e-07 0.0042732 0.00079683 7.7566e-05 1.3407e-06 4.1084e-06
7.0081e-06 0.64889 1.189e-07 0.0042711 0.00079598 7.4168e-05 1.0636e-06 4.1043e-06
6.9778e-06 0.66373 1.0774e-07 0.0042689 0.00079512 7.0749e-05 7.7824e-07 4.095e-06
6.947e-06 0.68109 9.9582e-08 0.0042668 0.00079427 6.7372e-05 5.0672e-07 4.0912e-06
6.9113e-06 0.69734 1.3642e-07 0.0042647 0.00079341 6.397e-05 2.2609e-07 4.0816e-06
6.8628e-06 0.7126 1.6855e-07 0.0042625 0.00079254 6.4067e-05 1.9994e-07 4.0665e-06
6.8094e-06 0.72691 1.962e-07 0.0042603 0.00079166 6.4151e-05 1.7021e-07 4.0457e-06
6.7557e-06 0.74386 2.3213e-07 0.0042582 0.00079079 6.4243e-05 1.4076e-07 4.0312e-06
6.6973e-06 0.75982 2.633e-07 0.004256 0.00078991 6.4323e-05 1.7601e-07 4.0111e-06
6.6339e-06 0.77482 2.8988e-07 0.0042538 0.00078901 6.439e-05 2.077e-07 3.9853e-06
6.5655e-06 0.78893 3.1215e-07 0.0042516 0.00078811 6.4444e-05 2.3586e-07 3.9537e-06
6.4968e-06 0.80541 3.4172e-07 0.0042494 0.00078722 6.4505e-05 2.6422e-07 3.9279e-06
6.4279e-06 0.82489 3.256e-07 0.0042474 0.00078634 6.4575e-05 2.931e-07 3.9084e-06
6.3588e-06 0.84792 3.158e-07 0.0042454 0.00078548 6.4652e-05 3.2264e-07 3.895e-06
6.2848e-06 0.86956 3.021e-07 0.0042434 0.00078461 6.4717e-05 3.4848e-07 3.8759e-06
6.2106e-06 0.89517 2.9438e-07 0.0042415 0.00078375 6.479e-05 3.7507e-07 3.863e-06
6.1315e-06 0.91927 2.829e-07 0.0042395 0.00078288 6.485e-05 3.9796e-07 3.8444e-06
6.0474e-06 0.94195 2.6742e-07 0.0042376 0.00078199 6.4897e-05 4.1711e-07 3.82e-06
5.9582e-06 0.96326 2.4751e-07 0.0042355 0.0007811 6.493e-05 4.3246e-07 3.7895e-06
5.8637e-06 0.98319 2.2224e-07 0.0042334 0.00078019 6.495e-05 4.4379e-07 3.7523e-06
5.7694e-06 0.98783 2.0476e-07 0.0042314 0.00077929 6.4979e-05 4.5617e-07 3.7224e-06
5.6758e-06 0.98897 1.9417e-07 0.0042296 0.00077842 6.5019e-05 4.7005e-07 3.7006e-06
5.5825e-06 0.99037 1.8996e-07 0.0042278 0.00077757 6.5071e-05 4.8529e-07 3.6863e-06
5.4899e-06 0.99211 1.9116e-07 0.0042261 0.00077673 6.5134e-05 5.0228e-07 3.68e-06
5.3979e-06 0.99427 1.9806e-07 0.0042246 0.00077592 6.521e-05 5.2118e-07 3.6818e-06
5.3e-06 0.99622 2.0035e-07 0.004223 0.00077509 6.5268e-05 5.3537e-07 3.6759e-06
5.2029e-06 0.99675 2.0953e-07 0.0042216 0.00077428 6.534e-05 5.5166e-07 3.6784e-06
5.1001e-06 0.99724 2.1393e-07 0.00422 0.00077345 6.5395e-05 5.6325e-07 3.6733e-06
4.9914e-06 0.99767 2.135e-07 0.0042184 0.00077261 6.5433e-05 5.7004e-07 3.6602e-06
4.8834e-06 0.99776 2.1937e-07 0.004217 0.00077178 6.5483e-05 5.7895e-07 3.6569e-06
4.7698e-06 0.99784 2.2068e-07 0.0042155 0.00077094 6.5518e-05 5.8329e-07 3.6462e-06
4.6505e-06 0.99791 2.1742e-07 0.0042141 0.00077012 6.5536e-05 5.8302e-07 3.628e-06
4.5315e-06 0.99802 2.1981e-07 0.0042128 0.00076932 6.5565e-05 5.8446e-07 3.6174e-06
4.4071e-06 0.99811 2.1805e-07 0.0042114 0.00076851 6.558e-05 5.8155e-07 3.5999e-06
4.2827e-06 0.99824 2.2121e-07 0.0042102 0.00076771 6.5603e-05 5.7992e-07 3.5888e-06
4.153e-06 0.99836 2.2049e-07 0.0042089 0.00076689 6.5612e-05 5.7412e-07 3.5713e-06
4.0181e-06 0.99847 2.1592e-07 0.0042076 0.00076607 6.5608e-05 5.6419e-07 3.5475e-06
3.883e-06 0.99861 2.1616e-07 0.0042063 0.00076525 6.5612e-05 5.5545e-07 3.5299e-06
3.7427e-06 0.99874 2.1259e-07 0.004205 0.00076443 6.5601e-05 5.4259e-07 3.506e-06
3.6026e-06 0.99891 2.1422e-07 0.0042038 0.00076362 6.5601e-05 5.3118e-07 3.489e-06
3.4571e-06 0.99907 2.1201e-07 0.0042026 0.00076279 6.5587e-05 5.1561e-07 3.4656e-06
3.3064e-06 0.99922 2.058e-07 0.0042013 0.00076196 6.5558e-05 4.958e-07 3.4355e-06
3.1557e-06 0.99923 2.0465e-07 0.0042001 0.00076114 6.5539e-05 4.7737e-07 3.4122e-06
2.9994e-06 0.99923 1.9929e-07 0.0041988 0.0007603 6.5504e-05 4.545e-07 3.3818e-06
2.8436e-06 0.99925 1.9941e-07 0.0041977 0.00075948 6.5481e-05 4.3333e-07 3.3589e-06
2.6881e-06 0.9993 2.0511e-07 0.0041967 0.00075868 6.5469e-05 4.1383e-07 3.3437e-06
2.5331e-06 0.99937 1.8009e-07 0.0041958 0.00075791 6.547e-05 3.9601e-07 3.3365e-06
2.3785e-06 0.99934 1.6408e-07 0.004195 0.00075715 6.5484e-05 3.798e-07 3.3374e-06
2.2183e-06 0.99931 1.4284e-07 0.0041941 0.00075638 6.5482e-05 3.5916e-07 3.3307e-06
2.0525e-06 0.99928 1.1578e-07 0.0041932 0.00075559 6.5462e-05 3.3402e-07 3.3165e-06
1.8808e-06 0.99924 8.1789e-08 0.0041922 0.00075478 6.5425e-05 3.042e-07 3.2943e-06
1.7094e-06 0.99922 5.6868e-08 0.0041914 0.00075399 6.54e-05 2.7587e-07 3.2797e-06
1.5321e-06 0.9992 6.1241e-08 0.0041904 0.00075318 6.5358e-05 2.4283e-07 3.257e-06
1.3488e-06 0.99916 6.1057e-08 0.0041896 0.0007524 6.5297e-05 2.684e-07 3.2078e-06
1.3918e-06 0.99912 5.7722e-08 0.0041887 0.00075159 6.5173e-05 2.8962e-07 3.1506e-06
1.4334e-06 0.9991 5.7172e-08 0.004188 0.00075081 6.5062e-05 3.1207e-07 3.1018e-06
1.4702e-06 0.99908 5.3717e-08 0.0041871 0.00075002 6.4935e-05 3.3033e-07 3.0457e-06
1.5023e-06 0.99905 4.731e-08 0.0041863 0.0007492 6.4793e-05 3.4447e-07 2.9822e-06
1.5297e-06 0.99902 3.7694e-08 0.0041853 0.00074837 6.4634e-05 3.5445e-07 2.911e-06
1.5553e-06 0.9988 3.0696e-08 0.0041845 0.00074756 6.4485e-05 3.652e-07 2.8473e-06
1.5793e-06 0.99863 2.5798e-08 0.0041837 0.00074676 6.4348e-05 3.7696e-07 2.7912e-06
1.5986e-06 0.99844 1.8398e-08 0.004183 0.00074595 6.4196e-05 3.8468e-07 2.7282e-06
1.6162e-06 0.9983 1.2723e-08 0.0041823 0.00074516 6.4055e-05 3.9341e-07 2.6725e-06
1.6292e-06 0.99814 4.6531e-09 0.0041816 0.00074435 6.3898e-05 3.9802e-07 2.6098e-06
1.6375e-06 0.99797 5.2521e-09 0.0041808 0.00074353 6.3726e-05 3.986e-07 2.5403e-06
1.6441e-06 0.99784 5.8121e-09 0.0041801 0.00074272 6.3566e-05 4.0017e-07 2.478e-06
1.649e-06 0.99725 6.3018e-09 0.0041793 0.0007419 6.3415e-05 4.0262e-07 2.4223e-06
1.6521e-06 0.99676 6.7972e-09 0.0041787 0.0007411 6.3274e-05 4.0599e-07 2.373e-06
1.6534e-06 0.99466 7.3239e-09 0.0041782 0.00074031 6.3144e-05 4.1026e-07 2.3297e-06
1.6528e-06 0.99288 7.8106e-09 0.0041777 0.00073954 6.3022e-05 4.1511e-07 2.2912e-06
1.6503e-06 0.99139 8.3613e-09 0.0041774 0.00073878 6.291e-05 4.2069e-07 2.2578e-06
1.6457e-06 0.99011 8.9443e-09 0.0041771 0.00073804 6.2805e-05 4.2675e-07 2.2287e-06
1.6367e-06 0.98876 2.7406e-08 0.0041768 0.00073729 6.2687e-05 4.2907e-07 2.1943e-06
1.6234e-06 0.98733 4.2751e-08 0.0041765 0.00073652 6.2556e-05 4.2778e-07 2.1549e-06
1.6081e-06 0.98582 5.5267e-08 0.0041761 0.00073574 6.2433e-05 4.2293e-07 2.1107e-06
1.5885e-06 0.98422 6.5243e-08 0.0041757 0.00073496 6.2299e-05 4.1462e-07 2.0617e-06
1.5647e-06 0.98253 7.2854e-08 0.0041753 0.00073415 6.2153e-05 4.0291e-07 2.0081e-06
1.5367e-06 0.98074 7.8149e-08 0.0041748 0.00073334 6.1995e-05 3.8777e-07 1.95e-06
1.5065e-06 0.97923 8.5758e-08 0.0041744 0.00073254 6.1845e-05 3.7292e-07 1.8958e-06
1.4741e-06 0.97796 9.6071e-08 0.0041741 0.00073176 6.17e-05 3.5828e-07 1.8453e-06
1.4375e-06 0.97661 1.0396e-07 0.0041738 0.00073096 6.1544e-05 3.4035e-07 1.7906e-06
1.3987e-06 0.97548 1.1075e-07 0.0041735 0.00073018 6.1395e-05 3.2258e-07 1.7395e-06
1.3577e-06 0.97452 1.1645e-07 0.0041733 0.00072941 6.1251e-05 3.0474e-07 1.6914e-06
7.3893e-07 0.94375 9.1063e-08 0.0041745 0.00071976 5.9366e-05 5.6878e-07 1.1061e-06
8.3981e-07 0.94204 8.5127e-08 0.0041749 0.00071905 5.9213e-05 6.2463e-07 1.0624e-06
9.3864e-07 0.94059 8.1208e-08 0.0041753 0.00071835 5.9066e-05 6.8237e-07 1.0208e-06
1.0332e-06 0.93906 7.5037e-08 0.0041758 0.00071763 5.8908e-05 7.3606e-07 9.7512e-07
1.1257e-06 0.93776 7.0751e-08 0.0041762 0.00071693 5.8754e-05 7.9178e-07 9.3143e-07
1.2139e-06 0.93637 6.4241e-08 0.0041767 0.00071622 5.859e-05 8.4337e-07 8.8375e-07
1.3002e-06 0.93523 5.9705e-08 0.0041772 0.00071552 5.8431e-05 8.9749e-07 8.3833e-07
1.3847e-06 0.93429 5.6917e-08 0.0041779 0.00071483 5.828e-05 9.5444e-07 7.9506e-07
1.4648e-06 0.93328 5.1943e-08 0.0041784 0.00071413 5.8116e-05 1.0069e-06 7.4769e-07
1.5431e-06 0.92837 4.8553e-08 0.004158 0.00071349 5.7959e-05 1.0623e-06 7.0236e-07
1.6196e-06 0.92419 4.6534e-08 0.0041377 0.00071285 5.7808e-05 1.1207e-06 6.5892e-07
1.6945e-06 0.92069 4.5942e-08 0.0041177 0.00071223 5.7665e-05 1.1829e-06 6.1751e-07
1.7649e-06 0.91695 4.3293e-08 0.0040976 0.0007116 5.7509e-05 1.2403e-06 5.7205e-07
1.8302e-06 0.91383 4.2059e-08 0.0040777 0.00071098 5.7337e-05 1.3018e-06 5.2862e-07
1.8939e-06 0.91123 4.2153e-08 0.004058 0.00071037 5.7172e-05 1.3676e-06 4.8704e-07
1.956e-06 0.90905 4.3433e-08 0.0040385 0.00070979 5.7015e-05 1.4377e-06 4.4691e-07
2.0164e-06 0.90723 4.6025e-08 0.0040192 0.00070921 5.6864e-05 1.5125e-06 4.0811e-07
2.0722e-06 0.90525 4.6376e-08 0.0039999 0.00070862 5.67e-05 1.5815e-06 3.6521e-07
2.1266e-06 0.89661 4.8411e-08 0.0039807 0.00070805 5.6545e-05 1.6562e-06 3.2402e-07
2.1762e-06 0.88725 4.808e-08 0.0039615 0.00070746 5.6375e-05 1.7247e-06 2.7861e-07
2.2246e-06 0.87954 4.9565e-08 0.0039425 0.00070689 5.6215e-05 1.7994e-06 2.3494e-07
2.2717e-06 0.84781 3.2467e-08 0.0039237 0.00070633 5.6064e-05 1.8805e-06 1.9265e-07
2.3175e-06 0.82117 1.8857e-08 0.0039051 0.00070579 5.5922e-05 1.9684e-06 1.5152e-07
2.3583e-06 0.79226 2.2424e-08 0.0038865 0.00070524 5.5764e-05 2.049e-06 1.0621e-07
2.9023e-06 0.78857 2.3687e-08 0.0038677 0.00070467 5.5525e-05 2.1166e-06 1.1505e-07
3.4522e-06 0.78553 2.5893e-08 0.0038492 0.00070411 5.5296e-05 2.1905e-06 1.232e-07
3.9953e-06 0.78227 2.6206e-08 0.0038305 0.00070355 5.5053e-05 2.2587e-06 1.2833e-07
4.5432e-06 0.77954 2.7273e-08 0.0038121 0.00070299 5.4817e-05 2.3323e-06 1.326e-07
5.0954e-06 0.77725 2.8965e-08 0.0037938 0.00070245 5.4587e-05 2.4109e-06 1.3587e-07
5.6523e-06 0.77534 3.1461e-08 0.0037758 0.00070192 5.4362e-05 2.4951e-06 1.3821e-07
6.2031e-06 0.7733 3.2189e-08 0.0037576 0.00070138 5.4127e-05 2.5741e-06 1.377e-07
6.758e-06 0.7716 3.3596e-08 0.0037396 0.00070085 5.3896e-05 2.6582e-06 1.3612e-07
7.3071e-06 0.76978 3.3251e-08 0.0037216 0.00070031 5.3654e-05 2.7373e-06 1.3172e-07
7.8504e-06 0.76784 3.116e-08 0.0037036 0.00069976 5.3402e-05 2.8114e-06 1.2448e-07
8.3981e-06 0.76624 2.9846e-08 0.0036857 0.00069922 5.3154e-05 2.891e-06 1.1625e-07
8.9504e-06 0.76494 2.9244e-08 0.0036679 0.0006987 5.2912e-05 2.9763e-06 1.0701e-07
9.5074e-06 0.7639 2.9328e-08 0.0036504 0.00069818 5.2675e-05 3.0677e-06 9.6734e-08
1.0059e-05 0.76278 2.7735e-08 0.0036328 0.00069766 5.2428e-05 3.1541e-06 8.3671e-08
1.0614e-05 0.76189 2.6698e-08 0.0036153 0.00069714 5.2185e-05 3.2461e-06 6.9466e-08
1.1164e-05 0.76092 2.3947e-08 0.0035978 0.00069662 5.1931e-05 3.3329e-06 1.0492e-07
1.1707e-05 0.76349 1.9463e-08 0.0035803 0.00069608 5.1667e-05 3.4143e-06 1.3725e-07
1.2245e-05 0.76591 3.3876e-08 0.0035627 0.00069554 5.1392e-05 3.4906e-06 1.6653e-07
1.2777e-05 0.7682 4.6081e-08 0.003545 0.00069498 5.1106e-05 3.5619e-06 1.9277e-07
1.3303e-05 0.77036 5.6099e-08 0.0035273 0.00069442 5.0809e-05 3.6281e-06 2.1596e-07
1.3834e-05 0.77294 6.8482e-08 0.0035098 0.00069386 5.0518e-05 3.7004e-06 2.3892e-07
1.437e-05 0.77599 8.3821e-08 0.0034925 0.00069332 5.0231e-05 3.7789e-06 2.617e-07
1.491e-05 0.77613 1.0251e-07 0.0034753 0.00069279 4.9949e-05 3.8632e-06 2.8423e-07
1.5455e-05 0.77646 1.2573e-07 0.0034582 0.00069227 4.9672e-05 3.9543e-06 3.0671e-07
1.6005e-05 0.77699 1.5458e-07 0.0034413 0.00069176 4.94e-05 4.0524e-06 3.2921e-07
1.655e-05 0.77745 1.8015e-07 0.0034244 0.00069124 4.9117e-05 4.1452e-06 3.4861e-07
1.7088e-05 0.77785 2.0244e-07 0.0034074 0.00069071 4.8824e-05 4.2327e-06 3.6489e-07
1.7632e-05 0.77846 2.3081e-07 0.0033906 0.00069019 4.8535e-05 4.3272e-06 3.8121e-07
1.818e-05 0.77926 2.1812e-07 0.003374 0.00068968 4.8251e-05 4.4285e-06 3.9745e-07
1.8733e-05 0.78029 2.0967e-07 0.0033575 0.00068919 4.7971e-05 4.5375e-06 4.1382e-07
1.9292e-05 0.78158 2.0504e-07 0.0033411 0.0006887 4.7696e-05 4.6546e-06 4.3037e-07
1.9856e-05 0.78314 2.037e-07 0.0033249 0.00068823 4.7425e-05 4.7793e-06 4.4698e-07
2.0414e-05 0.78461 1.9972e-07 0.0033086 0.00068774 4.7144e-05 4.8982e-06 4.6039e-07
2.0977e-05 0.78638 1.9932e-07 0.0032925 0.00068727 4.6867e-05 5.0258e-06 4.7407e-07
2.1547e-05 0.78852 2.0248e-07 0.0032766 0.00068681 4.6595e-05 5.1626e-06 4.8809e-07
2.2122e-05 0.79106 2.0944e-07 0.0032608 0.00068635 4.6328e-05 5.3092e-06 5.0253e-07
2.2703e-05 0.7941 2.2066e-07 0.0032452 0.00068591 4.6065e-05 5.4662e-06 5.1747e-07
2.3279e-05 0.79696 2.2885e-07 0.0032295 0.00068547 4.5792e-05 5.6165e-06 5.2905e-07
2.3847e-05 0.79964 2.3381e-07 0.0032137 0.000685 4.5507e-05 5.7595e-06 5.3712e-07
2.3886e-05 0.80213 2.3535e-07 0.0031979 0.00068453 4.5735e-05 5.8947e-06 5.4154e-07
2.3928e-05 0.8051 2.4131e-07 0.0031823 0.00068407 4.5968e-05 6.0406e-06 5.4659e-07
2.3964e-05 0.80786 2.4375e-07 0.0031666 0.0006836 4.6188e-05 6.1785e-06 5.4794e-07
2.3993e-05 0.81043 2.4256e-07 0.003151 0.00068314 4.6396e-05 6.3082e-06 5.4554e-07
2.4026e-05 0.81349 2.4601e-07 0.0031356 0.00068269 4.661e-05 6.4492e-06 5.4387e-07
2.4061e-05 0.81713 2.5425e-07 0.0031204 0.00068225 4.683e-05 6.6019e-06 5.4296e-07
2.4099e-05 0.82148 2.6786e-07 0.0031054 0.00068183 4.7056e-05 6.7672e-06 5.4285e-07
2.4131e-05 0.82551 2.7885e-07 0.0030902 0.0006814 4.7268e-05 6.9235e-06 5.389e-07
2.4156e-05 0.82923 2.8564e-07 0.003075 0.00068095 4.7468e-05 7.0703e-06 5.31e-07
2.4184e-05 0.83369 2.983e-07 0.00306 0.00068052 4.7674e-05 7.2304e-06 5.2406e-07
2.4205e-05 0.83779 3.0639e-07 0.0030449 0.00068007 4.7866e-05 7.3805e-06 5.1305e-07
2.4218e-05 0.8428 3.2164e-07 0.00303 0.00067964 4.8041e-05 7.2526e-06 5.0427e-07
2.4235e-05 0.84388 2.9812e-07 0.0030152 0.00067922 4.8224e-05 7.1389e-06 4.9682e-07
2.4256e-05 0.84527 2.7352e-07 0.0030004 0.00067879 4.8414e-05 7.0374e-06 4.9035e-07
2.428e-05 0.84701 2.4785e-07 0.0029857 0.00067837 4.8613e-05 6.9481e-06 4.849e-07
2.4298e-05 0.84861 2.211e-07 0.002971 0.00067794 4.8799e-05 6.8508e-06 4.7574e-07
2.4319e-05 0.85057 2.0142e-07 0.0029564 0.00067752 4.8991e-05 6.7646e-06 4.6735e-07
2.4334e-05 0.85241 1.7782e-07 0.0029418 0.0006771 4.9172e-05 6.6711e-06 4.554e-07
2.4353e-05 0.85462 1.602e-07 0.0029274 0.00067668 4.9359e-05 6.5879e-06 4.441e-07
2.4365e-05 0.85669 1.3892e-07 0.0029128 0.00067625 4.9533e-05 6.4975e-06 4.2924e-07
2.438e-05 0.85914 1.2243e-07 0.0028985 0.00067584 4.9714e-05 6.4164e-06 4.1477e-07
2.4397e-05 0.86202 1.0981e-07 0.0028842 0.00067544 4.9899e-05 6.3442e-06 4.0062e-07
2.4417e-05 0.86542 1.0044e-07 0.0028702 0.00067505 5.009e-05 6.2808e-06 3.8676e-07
2.4431e-05 0.8686 8.8229e-08 0.002856 0.00067464 5.0269e-05 6.2103e-06 3.6939e-07
2.4438e-05 0.8716 7.3001e-08 0.0028418 0.00067423 5.0435e-05 6.1326e-06 3.4848e-07
2.4449e-05 0.87512 6.1074e-08 0.0028278 0.00067383 5.0608e-05 6.0639e-06 3.2793e-07
2.4462e-05 0.87926 5.2305e-08 0.0028139 0.00067344 5.0786e-05 6.0044e-06 3.0773e-07
2.4479e-05 0.88413 4.5637e-08 0.0028001 0.00067306 5.0971e-05 5.9539e-06 2.8783e-07
2.4488e-05 0.88869 3.6457e-08 0.0027863 0.00067267 5.1143e-05 5.8957e-06 2.643e-07
2.4492e-05 0.89298 4.9642e-08 0.0027724 0.00067227 5.1302e-05 5.8297e-06 2.3713e-07
2.4498e-05 0.89802 6.6296e-08 0.0027587 0.00067188 5.1468e-05 5.7733e-06 2.1038e-07
2.4508e-05 0.90396 8.7631e-08 0.0027451 0.0006715 5.1641e-05 5.7263e-06 1.8397e-07
2.4522e-05 0.90523 1.1599e-07 0.0027317 0.00067115 5.1822e-05 5.6896e-06 1.5801e-07
2.4529e-05 0.90641 1.3945e-07 0.0027182 0.00067077 5.199e-05 5.6449e-06 1.2843e-07
2.454e-05 0.90785 1.3467e-07 0.0027049 0.00067041 5.2165e-05 5.6099e-06 9.9105e-08
2.4544e-05 0.90917 1.2626e-07 0.0026915 0.00067004 5.2327e-05 5.5662e-06 1.1967e-07
2.4551e-05 0.90911 1.2172e-07 0.0026782 0.00066968 5.2496e-05 5.5322e-06 1.4004e-07
2.4563e-05 0.9092 1.2109e-07 0.0026652 0.00066934 5.2674e-05 5.5084e-06 1.6048e-07
2.4567e-05 0.90924 1.1716e-07 0.002652 0.00066898 5.2838e-05 5.4766e-06 1.7742e-07
2.4565e-05 0.90922 1.099e-07 0.0026388 0.00066861 5.2988e-05 5.4367e-06 1.9089e-07
2.4556e-05 0.90914 9.914e-08 0.0026255 0.00066823 5.3124e-05 5.3887e-06 2.009e-07
2.454e-05 0.90901 8.4622e-08 0.0026121 0.00066783 5.3246e-05 5.3325e-06 2.0745e-07
2.4517e-05 0.90882 6.5754e-08 0.0025987 0.00066741 5.3352e-05 5.2673e-06 2.1045e-07
2.4497e-05 0.90877 5.1826e-08 0.0025854 0.00066701 5.3468e-05 5.2124e-06 2.1337e-07
2.4482e-05 0.90886 4.1672e-08 0.0025723 0.00066663 5.3593e-05 5.168e-06 2.1629e-07
2.4472e-05 0.90786 3.4493e-08 0.0025593 0.00066626 5.3728e-05 5.1343e-06 2.1934e-07
2.4467e-05 0.90403 2.9843e-08 0.0025463 0.00066588 5.3874e-05 5.1125e-06 2.228e-07
2.4467e-05 0.88999 2.7139e-08 0.0025334 0.00066551 5.4033e-05 5.1022e-06 2.2667e-07
2.4472e-05 0.87849 2.5868e-08 0.0025204 0.00066512 5.4202e-05 5.1026e-06 2.3079e-07
2.4481e-05 0.8334 2.5887e-08 0.0025076 0.00066475 5.4381e-05 5.1134e-06 2.3516e-07
2.4496e-05 0.79628 2.7348e-08 0.002495 0.0006644 5.4572e-05 5.1354e-06 2.3996e-07
2.4503e-05 0.75758 2.6407e-08 0.0024823 0.00066403 5.4747e-05 5.148e-06 2.4093e-07
2.4514e-05 0.72556 2.6821e-08 0.0024698 0.00066368 5.4932e-05 5.1713e-06 2.4222e-07
2.4519e-05 0.69101 2.5584e-08 0.0024571 0.00066331 5.5103e-05 5.1861e-06 2.3988e-07
2.4527e-05 0.66222 2.5514e-08 0.0024447 0.00066296 5.5283e-05 5.2108e-06 2.3768e-07
2.4529e-05 0.63138 2.3381e-08 0.0024322 0.0006626 5.5449e-05 5.2278e-06 2.3203e-07
2.4534e-05 0.60555 2.2242e-08 0.0024198 0.00066225 5.5623e-05 5.2541e-06 2.2638e-07
2.4533e-05 0.57785 1.909e-08 0.0024074 0.00066189 5.5784e-05 5.2729e-06 2.173e-07
2.4536e-05 0.55461 1.6791e-08 0.0023951 0.00066154 5.5954e-05 5.3008e-06 2.0814e-07
2.4542e-05 0.53507 1.5153e-08 0.0023829 0.00066121 5.6132e-05 5.3378e-06 1.9885e-07
2.4541e-05 0.51423 1.1687e-08 0.0023707 0.00066086 5.6296e-05 5.3676e-06 1.8625e-07
2.4544e-05 0.49653 8.6684e-09 0.0023586 0.00066053 5.6468e-05 5.406e-06 1.7334e-07
2.4551e-05 0.48169 5.9942e-09 0.0023467 0.00066021 5.6649e-05 5.4539e-06 1.6023e-07
2.4551e-05 0.46573 1.1891e-08 0.0023347 0.00065988 5.6816e-05 5.4939e-06 1.4375e-07
2.4554e-05 0.4524 1.9107e-08 0.0023229 0.00065956 5.6992e-05 5.5438e-06 1.2706e-07
2.4551e-05 0.43809 2.4067e-08 0.002311 0.00065923 5.7154e-05 5.586e-06 1.0706e-07
2.4542e-05 0.42265 2.685e-08 0.002299 0.00065889 5.7302e-05 5.6203e-06 8.3722e-08
2.4525e-05 0.40587 2.7475e-08 0.002287 0.00065853 5.7436e-05 5.6466e-06 5.6966e-08
2.4513e-05 0.3922 2.9443e-08 0.0022748 0.00065815 5.758e-05 5.6835e-06 3.0186e-08
2.4494e-05 0.37719 2.9142e-08 0.0022626 0.00065776 5.7709e-05 5.712e-06 3.4115e-08
2.4479e-05 0.36486 3.0089e-08 0.0022506 0.00065739 5.7847e-05 5.7505e-06 3.6611e-08
2.4468e-05 0.35486 3.2575e-08 0.0022387 0.00065703 5.7996e-05 5.8003e-06 3.7764e-08
2.4449e-05 0.34377 3.2601e-08 0.0022267 0.00065665 5.8129e-05 5.8407e-06 8.4354e-08
2.4436e-05 0.33484 3.1525e-08 0.0022149 0.00065629 5.8273e-05 5.8929e-06 1.3254e-07
2.4414e-05 0.32491 2.9347e-08 0.002203 0.00065592 5.8401e-05 5.9355e-06 1.7632e-07
2.4397e-05 0.31683 2.6068e-08 0.0021913 0.00065556 5.8539e-05 5.9892e-06 2.2162e-07
2.4372e-05 0.30778 2.019e-08 0.0021794 0.00065519 5.8661e-05 6.033e-06 2.6237e-07
2.4352e-05 0.30062 1.6262e-08 0.0021678 0.00065483 5.8794e-05 6.0895e-06 3.0519e-07
2.4337e-05 0.29489 1.3416e-08 0.0021563 0.00065449 5.8938e-05 6.1584e-06 3.5009e-07
2.4314e-05 0.28842 8.3151e-09 0.0021447 0.00065413 5.9066e-05 6.2167e-06 3.9017e-07
2.4282e-05 0.28153 1.2079e-08 0.002133 0.00065376 5.9176e-05 6.264e-06 4.2529e-07
2.4256e-05 0.25853 1.6928e-08 0.0021214 0.0006534 5.9298e-05 6.324e-06 4.6261e-07
2.4235e-05 0.24042 2.3603e-08 0.0021101 0.00065307 5.9433e-05 6.3983e-06 5.0271e-07
2.4219e-05 0.22614 3.2949e-08 0.0020989 0.00065275 5.958e-05 6.4876e-06 5.4588e-07
2.4208e-05 0.21486 4.6177e-08 0.0020879 0.00065245 5.974e-05 6.5924e-06 5.9244e-07
2.4189e-05 0.20217 5.5598e-08 0.0020768 0.00065214 5.9883e-05 6.6855e-06 6.3365e-07
2.4162e-05 0.18772 6.1385e-08 0.0020656 0.0006518 6.0008e-05 6.7665e-06 6.6941e-07
2.4141e-05 0.14103 7.1158e-08 0.0020545 0.00065149 6.0147e-05 6.8666e-06 6.3347e-07
2.4112e-05 0.13427 7.7115e-08 0.0020434 0.00065116 6.0268e-05 6.9512e-06 7.1787e-07
2.4074e-05 0.12652 7.9399e-08 0.0020322 0.0006508 6.0372e-05 7.0237e-06 7.9535e-07
2.4041e-05 0.12038 8.5149e-08 0.0020212 0.00065047 6.0487e-05 7.1106e-06 8.7843e-07
2.4e-05 0.11336 8.718e-08 0.00201 0.00065012 6.0584e-05 7.1854e-06 9.5458e-07
2.395e-05 0.10534 8.5554e-08 0.0019988 0.00064975 6.0664e-05 7.2483e-06 1.024e-06
2.3905e-05 0.098987 8.7352e-08 0.0019877 0.0006494 6.0756e-05 7.3254e-06 9.9878e-07
2.3853e-05 0.091717 8.552e-08 0.0019765 0.00064903 6.083e-05 7.3905e-06 9.6789e-07
2.3804e-05 0.085956 8.7071e-08 0.0019655 0.00064868 6.0915e-05 7.47e-06 9.4043e-07
2.3748e-05 0.079403 8.6386e-08 0.0019544 0.00064831 6.0984e-05 7.5379e-06 9.0746e-07
2.3697e-05 0.074301 8.9387e-08 0.0019434 0.00064796 6.1065e-05 7.6216e-06 8.7826e-07
2.3652e-05 0.070327 9.636e-08 0.0019326 0.00064763 6.116e-05 7.7219e-06 8.5262e-07
2.3612e-05 0.067233 1.0811e-07 0.001922 0.00064732 6.1267e-05 7.8394e-06 8.3036e-07
2.3576e-05 0.064788 1.2681e-07 0.0019115 0.00064703 6.1386e-05 7.9739e-06 8.1099e-07
2.3546e-05 0.062895 1.5422e-07 0.0019012 0.00064675 6.1519e-05 8.1278e-06 7.9474e-07
2.3453e-05 0.0576 1.3226e-07 0.0018328 0.00064531 6.2758e-05 9.7702e-06 7.4538e-07
2.3438e-05 0.057163 1.2128e-07 0.0018232 0.00064512 6.2935e-05 1.0033e-05 7.3592e-07
2.3428e-05 0.056897 7.3793e-08 0.0018138 0.00064495 6.3125e-05 1.0324e-05 7.2902e-07
2.3409e-05 0.056532 7.1974e-08 0.0018042 0.00064475 6.3297e-05 1.0595e-05 7.1698e-07
2.3382e-05 0.056058 6.6577e-08 0.0017946 0.00064454 6.3451e-05 1.0847e-05 6.9975e-07
2.3361e-05 0.055775 3.859e-08 0.0017852 0.00064435 6.3619e-05 1.1129e-05 6.8551e-07
2.3332e-05 0.055389 3.8893e-08 0.0017756 0.00064414 6.3769e-05 1.1392e-05 6.6609e-07
2.3308e-05 0.05374 2.5858e-08 0.0017663 0.00064396 6.3934e-05 1.1686e-05 6.496e-07
2.329e-05 0.052496 1.6636e-08 0.001757 0.00064379 6.4114e-05 1.2013e-05 6.3589e-07
2.3277e-05 0.051572 9.9514e-09 0.0017479 0.00064364 6.4307e-05 1.2002e-05 6.2484e-07
2.3269e-05 0.050885 4.7124e-09 0.001739 0.00064351 6.4514e-05 1.2008e-05 6.16e-07
2.3253e-05 0.050067 6.1911e-09 0.0017299 0.00064336 6.4703e-05 1.2001e-05 6.0226e-07
2.3242e-05 0.047162 8.008e-09 0.001721 0.00064323 6.4907e-05 1.2013e-05 5.9094e-07
2.3236e-05 0.044854 1.0497e-08 0.0017123 0.00064312 6.5123e-05 1.2042e-05 5.8155e-07
2.3234e-05 0.043032 1.3688e-08 0.0017036 0.00064303 6.5351e-05 1.209e-05 5.7409e-07
2.3237e-05 0.041581 1.7822e-08 0.0016951 0.00064296 6.5593e-05 1.2155e-05 5.6835e-07
2.3233e-05 0.039969 1.9906e-08 0.0016865 0.00064287 6.5818e-05 1.2209e-05 5.584e-07
2.3232e-05 0.038656 2.2826e-08 0.001678 0.00064279 6.6054e-05 1.2278e-05 5.4971e-07
2.3235e-05 0.037603 2.6937e-08 0.0016697 0.00064273 6.6301e-05 1.2364e-05 5.4245e-07
2.3242e-05 0.036749 3.2391e-08 0.0016614 0.00064269 6.6559e-05 1.2466e-05 5.363e-07
2.3252e-05 0.036062 3.9617e-08 0.0016533 0.00064266 6.6826e-05 1.2584e-05 5.3121e-07
2.3256e-05 0.035295 4.432e-08 0.0016451 0.00064261 6.7079e-05 1.2692e-05 5.2212e-07
2.3263e-05 0.034442 4.6585e-08 0.0016368 0.00064255 6.7344e-05 1.2787e-05 5.0899e-07
2.3264e-05 0.033488 4.6385e-08 0.0016285 0.00064248 6.7594e-05 1.2872e-05 4.9172e-07
2.3268e-05 0.029443 4.7841e-08 0.0016203 0.00064242 6.7853e-05 1.2972e-05 4.7556e-07
2.3275e-05 0.02606 5.0989e-08 0.0016122 0.00064237 6.8123e-05 1.3089e-05 4.604e-07
2.3287e-05 0.023262 5.6257e-08 0.0016041 0.00064234 6.8405e-05 1.3224e-05 4.464e-07
2.3301e-05 0.020915 6.3825e-08 0.0015962 0.00064233 6.8697e-05 1.3377e-05 4.3325e-07
2.332e-05 0.018971 7.4628e-08 0.0015884 0.00064233 6.9001e-05 1.355e-05 4.2114e-07
2.3331e-05 0.016863 8.2313e-08 0.0015806 0.00064231 6.9289e-05 1.3711e-05 4.0513e-07
2.3334e-05 0.015129 9.3794e-08 0.0015728 0.00064232 6.9557e-05 1.3892e-05 3.9018e-07
2.333e-05 0.01323 1.0177e-07 0.001565 0.0006423 6.9809e-05 1.4066e-05 3.7121e-07
2.3329e-05 0.011649 1.1361e-07 0.0015573 0.0006423 7.0072e-05 1.426e-05 3.5304e-07
2.3321e-05 0.0099936 1.2189e-07 0.0015495 0.00064229 7.0319e-05 1.4441e-05 3.3096e-07
2.3307e-05 0.0081868 1.2678e-07 0.0015417 0.00064226 7.0551e-05 1.4608e-05 3.0496e-07
2.3295e-05 0.0066832 1.3551e-07 0.001534 0.00064225 7.0793e-05 1.4796e-05 2.7974e-07
2.3288e-05 0.00543 1.4877e-07 0.0015264 0.00064225 7.1047e-05 1.5005e-05 2.5519e-07
2.3273e-05 0.0053424 1.5815e-07 0.0015187 0.00064223 7.1285e-05 1.52e-05 2.2679e-07
2.3262e-05 0.005292 1.7251e-07 0.0015111 0.00064223 7.1534e-05 1.5416e-05 1.99e-07
2.3255e-05 0.0052773 1.9303e-07 0.0015036 0.00064225 7.1794e-05 1.5656e-05 1.7169e-07
2.3252e-05 0.0053015 2.2227e-07 0.0014962 0.00064228 7.2066e-05 1.5921e-05 1.4493e-07
2.3252e-05 0.0053637 2.6237e-07 0.0014889 0.00064233 7.2351e-05 1.6213e-05 1.1841e-07
2.3245e-05 0.0053993 2.9466e-07 0.0014816 0.00064236 7.2618e-05 1.6487e-05 8.8139e-08
2.3231e-05 0.0054078 3.1981e-07 0.0014742 0.00064237 7.2869e-05 1.6744e-05 1.0432e-07
2.3209e-05 0.0053892 3.3845e-07 0.0014667 0.00064237 7.3102e-05 1.6983e-05 1.1705e-07
2.3191e-05 0.0054106 3.6694e-07 0.0014594 0.00064239 7.3348e-05 1.7248e-05 1.2942e-07
2.3177e-05 0.0054747 4.0841e-07 0.0014521 0.00064242 7.3608e-05 1.7543e-05 1.4153e-07
2.3168e-05 0.0055871 4.6791e-07 0.0014449 0.00064247 7.3881e-05 1.7444e-05 1.5356e-07
2.3151e-05 0.0056641 5.1467e-07 0.0014377 0.0006425 7.4135e-05 1.7327e-05 1.6185e-07
2.3125e-05 0.0057058 5.5002e-07 0.0014306 0.00064255 7.4369e-05 1.7192e-05 1.6637e-07
2.3105e-05 0.005798 5.418e-07 0.0014236 0.00064262 7.4619e-05 1.7081e-05 1.709e-07
2.3089e-05 0.0056374 4.7979e-07 0.0014168 0.00064271 7.4885e-05 1.6997e-05 1.7565e-07
2.3071e-05 0.0054726 4.1675e-07 0.0014099 0.0006428 7.5145e-05 1.6911e-05 1.7806e-07
2.3049e-05 0.0053038 3.5266e-07 0.001403 0.00064288 7.5398e-05 1.6823e-05 1.781e-07
2.3024e-05 0.0051308 2.8753e-07 0.0013961 0.00064296 7.5645e-05 1.6732e-05 1.7579e-07
2.299e-05 0.0049352 2.1469e-07 0.0013892 0.00064302 7.5872e-05 1.6624e-05 1.6964e-07
2.2962e-05 0.0046586 1.2316e-07 0.0013821 0.00064306 7.6117e-05 1.6455e-05 2.1716e-07
2.2926e-05 0.0043266 1.1435e-07 0.001375 0.00064308 7.6343e-05 1.6267e-05 2.5964e-07
2.2895e-05 0.0040698 1.0444e-07 0.001368 0.00064311 7.6582e-05 1.6103e-05 3.0409e-07
2.2855e-05 0.0037692 9.3446e-08 0.001361 0.00064313 7.6804e-05 1.5924e-05 3.4388e-07
2.282e-05 0.0035316 8.1358e-08 0.001354 0.00064317 7.7038e-05 1.5766e-05 3.8539e-07
2.2777e-05 0.003259 6.543e-08 0.001347 0.00064319 7.7256e-05 1.5594e-05 4.2256e-07
2.2738e-05 0.003041 5.3586e-08 0.0013401 0.00064323 7.7485e-05 1.5443e-05 4.6136e-07
2.2703e-05 0.0028676 4.4769e-08 0.0013332 0.00064328 7.7726e-05 1.5311e-05 5.0193e-07
2.267e-05 0.0026669 3.292e-08 0.0013263 0.00064331 7.7978e-05 1.5166e-05 5.3806e-07
2.2641e-05 0.0025091 2.3841e-08 0.0013195 0.00064336 7.8243e-05 1.504e-05 5.7623e-07
2.2606e-05 0.0023283 1.2132e-08 0.0013128 0.00064343 7.8492e-05 1.4903e-05 6.1015e-07
2.2564e-05 0.0021235 1.4594e-08 0.001306 0.00064348 7.8728e-05 1.4755e-05 6.3996e-07
2.2526e-05 0.0019566 1.7577e-08 0.0012994 0.00064354 7.8973e-05 1.4624e-05 6.7137e-07
2.249e-05 0.00182 2.1188e-08 0.0012928 0.00064362 7.9228e-05 1.451e-05 7.0434e-07
2.2448e-05 0.0016675 2.3052e-08 0.0012861 0.00064368 7.9471e-05 1.4386e-05 7.3357e-07
2.2408e-05 0.0015409 2.5541e-08 0.0012795 0.00064376 7.9722e-05 1.4278e-05 7.6419e-07
2.2371e-05 0.0014362 2.8765e-08 0.001273 0.00064385 7.9982e-05 1.4183e-05 7.9627e-07
2.2328e-05 0.0013194 3.0271e-08 0.0012665 0.00064393 8.0231e-05 1.4081e-05 8.2478e-07
2.2287e-05 0.0012208 3.2432e-08 0.00126 0.00064402 8.0486e-05 1.3991e-05 8.5448e-07
2.2248e-05 0.001138 3.534e-08 0.0012536 0.00064411 8.0749e-05 1.3112e-05 8.8544e-07
2.2204e-05 0.0010448 3.6506e-08 0.0012472 0.0006442 8.1001e-05 1.2214e-05 9.1286e-07
2.2161e-05 0.00096709 3.8586e-08 0.0012408 0.0006443 8.1261e-05 1.1365e-05 9.4179e-07
2.2114e-05 0.00087951 3.8926e-08 0.0012344 0.00064439 8.151e-05 1.0499e-05 9.6719e-07
2.2068e-05 0.00080489 4.0066e-08 0.0012281 0.00064448 8.1765e-05 9.6763e-06 9.9388e-07
2.2023e-05 0.00074267 4.2196e-08 0.0012218 0.00064459 8.2029e-05 8.8971e-06 1.0222e-06
2.1974e-05 0.00067126 4.2531e-08 0.0012155 0.00064469 8.2281e-05 8.9401e-06 1.0468e-06
2.192e-05 0.00059049 4.1077e-08 0.0012091 0.00064478 8.2523e-05 8.977e-06 1.0679e-06
2.1867e-05 0.00052047 4.0466e-08 0.0012029 0.00064488 8.2771e-05 9.0225e-06 1.0903e-06
2.1815e-05 0.00045973 4.067e-08 0.0011966 0.00064498 8.3026e-05 9.0768e-06 1.1141e-06
2.1759e-05 0.00039077 3.9143e-08 0.0011904 0.00064508 8.327e-05 9.1252e-06 1.1344e-06
2.1704e-05 0.00033102 3.8546e-08 0.0011842 0.00064519 8.3522e-05 9.1833e-06 1.1564e-06
2.1644e-05 0.0002634 3.6229e-08 0.001178 0.00064529 8.3764e-05 9.2354e-06 1.1748e-06
2.1586e-05 0.00020317 3.4663e-08 0.0011718 0.0006454 8.4012e-05 9.2964e-06 1.1947e-06
2.1523e-05 0.00013514 3.1359e-08 0.0011657 0.00064549 8.4249e-05 9.3513e-06 1.2109e-06
2.1454e-05 0.00016013 2.6297e-08 0.0011595 0.00064558 8.4475e-05 9.4e-06 1.2235e-06
2.1381e-05 0.00017906 1.9453e-08 0.0011532 0.00064566 8.4689e-05 9.4426e-06 1.2325e-06
2.1309e-05 0.0002007 1.3495e-08 0.0011471 0.00064575 8.4912e-05 9.4949e-06 1.2432e-06
2.1239e-05 0.00022556 8.1403e-09 0.0011409 0.00064585 8.5143e-05 9.5572e-06 1.2557e-06
2.1164e-05 0.00024418 1.1816e-09 0.0011348 0.00064594 8.5362e-05 9.6135e-06 1.2646e-06
2.1084e-05 0.00025659 7.0978e-10 0.0011287 0.00064602 8.5571e-05 9.6636e-06 1.2699e-06
2.0999e-05 0.0002627 2.9548e-09 0.0011225 0.00064609 8.5768e-05 9.7076e-06 1.2716e-06
2.0916e-05 0.00027205 4.8034e-09 0.0011163 0.00064617 8.5974e-05 9.7615e-06 1.275e-06
2.0834e-05 0.00028434 6.2852e-09 0.0011103 0.00064626 8.6187e-05 9.8247e-06 1.28e-06
2.0754e-05 0.00030035 7.5209e-09 0.0011043 0.00064636 8.6407e-05 9.8982e-06 1.2868e-06
2.0675e-05 0.00032046 8.5684e-09 0.0010983 0.00064646 8.6636e-05 9.9822e-06 1.2953e-06
2.0598e-05 0.00034514 9.4767e-09 0.0010924 0.00064658 8.6874e-05 1.0077e-05 1.3058e-06
2.0523e-05 0.00037499 1.0289e-08 0.0010866 0.00064672 8.7119e-05 1.0183e-05 1.318e-06
2.0449e-05 0.00041004 1.0971e-08 0.0010808 0.00064685 8.7372e-05 1.0299e-05 1.3319e-06
2.0377e-05 0.00045177 1.1626e-08 0.001075 0.000647 8.7633e-05 1.0427e-05 1.3478e-06
2.0306e-05 0.0005012 1.2287e-08 0.0010694 0.00064716 8.7903e-05 1.0567e-05 1.3656e-06
2.023e-05 0.00054272 1.1476e-08 0.0010636 0.00064731 8.8161e-05 1.0701e-05 1.3798e-06
2.015e-05 0.00057642 9.186e-09 0.0010579 0.00064745 8.8408e-05 1.0827e-05 1.3902e-06
2.0064e-05 0.00060236 2.0515e-08 0.0010522 0.00064758 8.8643e-05 1.0946e-05 1.3968e-06
1.9979e-05 0.00063527 3.3568e-08 0.0010465 0.00064772 8.8886e-05 1.1077e-05 1.4052e-06
1.9897e-05 0.00067676 2.9668e-08 0.0010408 0.00064787 8.9138e-05 1.122e-05 1.4157e-06
1.9809e-05 0.00071023 5.197e-08 0.0010351 0.00064801 8.9378e-05 1.1357e-05 1.4225e-06
1.9716e-05 0.00073561 7.1523e-08 0.0010294 0.00064815 8.9607e-05 1.1486e-05 1.4255e-06
1.9625e-05 0.00076976 9.5421e-08 0.0010238 0.00064829 8.9845e-05 1.1628e-05 1.4306e-06
1.9535e-05 0.00081252 1.2431e-07 0.0010182 0.00064844 9.009e-05 1.1783e-05 1.4375e-06
1.944e-05 0.00084704 1.5e-07 0.0010126 0.00064858 9.0324e-05 1.193e-05 1.4406e-06
1.934e-05 0.00087319 1.725e-07 0.0010069 0.00064871 9.0547e-05 1.207e-05 1.4401e-06
1.9235e-05 0.00089102 1.9193e-07 0.0010013 0.00064883 9.0758e-05 1.2203e-05 1.4359e-06
1.9131e-05 0.00091744 2.1633e-07 0.00099567 0.00064896 9.0977e-05 1.2348e-05 1.4334e-06
1.9029e-05 0.00095399 2.0166e-07 0.00099011 0.0006491 9.1205e-05 1.2507e-05 1.4329e-06
1.8922e-05 0.00098211 1.8414e-07 0.00098452 0.00064924 9.1422e-05 1.2658e-05 1.4288e-06
1.8816e-05 0.0010199 1.7068e-07 0.00097891 0.00064936 9.1646e-05 1.2823e-05 1.4264e-06
1.8712e-05 0.0010691 1.6102e-07 0.00097335 0.00064949 9.1878e-05 1.3002e-05 1.4261e-06
1.8603e-05 0.0011092 1.4875e-07 0.00096777 0.00064961 9.21e-05 1.3173e-05 1.422e-06
1.8495e-05 0.0011604 1.3964e-07 0.00096224 0.00064974 9.2329e-05 1.3358e-05 1.4197e-06
1.8388e-05 0.0012248 1.3357e-07 0.00095675 0.00064988 9.2567e-05 1.3558e-05 1.4193e-06
1.8276e-05 0.0012796 1.2512e-07 0.00095125 0.00065001 9.2793e-05 1.375e-05 1.4153e-06
1.8166e-05 0.0013485 1.1948e-07 0.00094579 0.00065015 9.3028e-05 1.3958e-05 1.4132e-06
1.8051e-05 0.0014077 1.1159e-07 0.00094032 0.00065028 9.3252e-05 1.4159e-05 1.4076e-06
1.7931e-05 0.001457 1.0135e-07 0.00093482 0.0006504 9.3465e-05 1.4351e-05 1.3982e-06
1.7812e-05 0.001521 9.3774e-08 0.00092937 0.00065053 9.3687e-05 1.4559e-05 1.3908e-06
1.7695e-05 0.0015999 8.8291e-08 0.00092396 0.00065068 9.3916e-05 1.4783e-05 1.3851e-06
1.7572e-05 0.0016681 8.0644e-08 0.00091854 0.00065081 9.4134e-05 1.4998e-05 1.3757e-06
1.7451e-05 0.0017536 7.5118e-08 0.00091316 0.00065095 9.436e-05 1.523e-05 1.3683e-06
1.7325e-05 0.0018279 6.7493e-08 0.00090777 0.00065108 9.4576e-05 1.5454e-05 1.3571e-06
1.72e-05 0.0019193 6.1585e-08 0.00090241 0.00065122 9.4799e-05 1.5695e-05 1.3477e-06
1.707e-05 0.0019992 5.3636e-08 0.00089704 0.00065135 9.5011e-05 1.5926e-05 1.3345e-06
1.6942e-05 0.0020989 4.7402e-08 0.00089171 0.0006515 9.5231e-05 1.6176e-05 1.3233e-06
1.6814e-05 0.002219 4.2425e-08 0.00088643 0.00065165 9.546e-05 1.6442e-05 1.3136e-06
1.6688e-05 0.0023621 3.8505e-08 0.0008812 0.00065181 9.5696e-05 1.6727e-05 1.3056e-06
1.6562e-05 0.0025334 3.5623e-08 0.00087602 0.00065198 9.5942e-05 1.7033e-05 1.2994e-06
1.6439e-05 0.0027372 3.3649e-08 0.0008708 0.00065214 9.6197e-05 1.736e-05 1.2951e-06
1.6316e-05 0.0026686 3.2359e-08 0.00086564 0.00065231 9.646e-05 1.7707e-05 1.2924e-06
1.6194e-05 0.0026202 3.1823e-08 0.00086052 0.00065248 9.6732e-05 1.8078e-05 1.2915e-06
1.6074e-05 0.002591 3.2013e-08 0.00085545 0.00065267 9.7014e-05 1.8474e-05 1.2924e-06
1.5955e-05 0.0025787 3.2814e-08 0.00085042 0.00065287 9.7304e-05 1.8894e-05 1.2949e-06
1.583e-05 0.0025554 3.194e-08 0.00084537 0.00065306 9.7583e-05 1.9302e-05 1.2938e-06
1.5707e-05 0.0025489 3.168e-08 0.00084037 0.00065326 9.787e-05 1.9736e-05 1.2943e-06
1.5585e-05 0.0025589 3.2026e-08 0.00083541 0.00065347 9.8166e-05 2.0195e-05 1.2963e-06
1.5457e-05 0.0025576 3.0661e-08 0.00083042 0.00065367 9.8449e-05 2.0643e-05 1.2946e-06
1.5325e-05 0.0025448 2.7566e-08 0.00082542 0.00065385 9.8721e-05 2.1078e-05 1.2892e-06
1.5194e-05 0.0025505 2.5213e-08 0.00082046 0.00065405 9.9003e-05 2.1543e-05 1.2857e-06
1.5064e-05 0.0025751 2.3505e-08 0.00081554 0.00065426 9.9295e-05 2.2038e-05 1.2842e-06
1.4935e-05 0.0026181 2.2274e-08 0.00081068 0.00065448 9.9597e-05 2.2564e-05 1.2845e-06
1.4801e-05 0.0026479 1.9299e-08 0.00080578 0.00065469 9.9885e-05 2.3074e-05 1.2808e-06
1.4669e-05 0.0027 1.697e-08 0.00080094 0.00065491 0.00010019 2.3621e-05 1.2794e-06
1.4531e-05 0.0027368 1.2806e-08 0.00079607 0.00065512 0.00010047 2.415e-05 1.2737e-06
1.4387e-05 0.0027557 2.1681e-08 0.00079116 0.00065532 0.00010074 2.4658e-05 1.2631e-06
1.4245e-05 0.0028003 1.8993e-08 0.00078631 0.00065552 0.00010102 2.5206e-05 1.2555e-06
1.4106e-05 0.0026199 1.7295e-08 0.00078153 0.00065575 0.00010132 2.5164e-05 1.2524e-06
1.3961e-05 0.0024127 1.3567e-08 0.0007767 0.00065596 0.00010161 2.5107e-05 1.2443e-06
1.3809e-05 0.0021749 7.6724e-09 0.00077184 0.00065616 0.00010187 2.5035e-05 1.231e-06
1.365e-05 0.001903 1.1131e-08 0.00076693 0.00065634 0.00010212 2.4948e-05 1.2125e-06
1.3494e-05 0.0016825 1.5213e-08 0.00076208 0.00065653 0.00010238 2.4884e-05 1.1971e-06
1.3332e-05 0.0014317 1.7323e-08 0.00075719 0.00065671 0.00010263 2.4806e-05 1.1766e-06
1.3163e-05 0.0011468 5.0636e-08 0.00075226 0.00065688 0.00010285 2.4712e-05 1.151e-06
1.2996e-05 0.00091481 9.2761e-08 0.00074739 0.00065706 0.0001031 2.4642e-05 1.1285e-06
1.2823e-05 0.00094043 1.2915e-07 0.00074248 0.00065722 0.00010332 2.4557e-05 1.1009e-06
1.2653e-05 0.0009817 1.7664e-07 0.00073764 0.00065741 0.00010356 2.4497e-05 1.0768e-06
1.2485e-05 0.0010401 1.8146e-07 0.00073286 0.0006576 0.00010382 2.4461e-05 1.0561e-06
1.2321e-05 0.0011178 1.9111e-07 0.00072815 0.00065782 0.0001041 2.4449e-05 1.0385e-06
1.2159e-05 0.0010596 1.7044e-07 0.0007235 0.00065805 0.00010439 2.446e-05 1.024e-06
1.1991e-05 0.00098715 1.4517e-07 0.00071882 0.00065827 0.00010466 2.4458e-05 1.0047e-06
1.1825e-05 0.00093075 1.2588e-07 0.00071419 0.0006585 0.00010495 2.4476e-05 9.8777e-07
1.1661e-05 0.00088812 1.1125e-07 0.00070961 0.00065875 0.00010525 2.4515e-05 9.7312e-07
1.1499e-05 0.00085763 1.0035e-07 0.00070509 0.00065901 0.00010557 2.4575e-05 9.6062e-07
1.1339e-05 0.00083819 9.256e-08 0.00070062 0.00065928 0.0001059 2.4655e-05 9.5019e-07
1.1172e-05 0.00080824 8.1953e-08 0.00069611 0.00065955 0.00010621 2.4723e-05 9.3538e-07
1.1008e-05 0.00078894 7.4166e-08 0.00069166 0.00065982 0.00010654 2.4812e-05 9.2262e-07
1.0845e-05 0.00077976 6.8783e-08 0.00068726 0.00066011 0.00010688 2.4922e-05 9.1187e-07
1.0676e-05 0.00076336 6.0712e-08 0.00068282 0.00066038 0.00010721 2.5018e-05 8.9659e-07
1.0508e-05 0.00075694 5.4886e-08 0.00067844 0.00066067 0.00010755 2.5136e-05 8.8334e-07
1.0343e-05 0.00076041 5.097e-08 0.0006741 0.00066097 0.0001079 2.5277e-05 8.7209e-07
9.6832e-06 0.00084185 3.5616e-08 0.00065713 0.00066228 0.00010942 2.6012e-05 8.3513e-07
9.5109e-06 0.00085652 2.7356e-08 0.00065289 0.0006626 0.00010978 2.6197e-05 8.2115e-07
9.3412e-06 0.00088668 2.1413e-08 0.00064871 0.00066294 0.00011017 2.6414e-05 8.0998e-07
9.1744e-06 0.00086643 1.9547e-08 0.00064459 0.00066329 0.00011058 2.6414e-05 7.5637e-07
9.0101e-06 0.00086126 1.8696e-08 0.00064053 0.00066367 0.000111 2.644e-05 7.0677e-07
8.8482e-06 0.00087073 1.9095e-08 0.00063653 0.00066406 0.00011145 2.6494e-05 6.6085e-07
8.678e-06 0.00076309 2.0458e-08 0.00063259 0.00066448 0.00011187 2.6577e-05 6.1856e-07
8.51e-06 0.00067829 2.2791e-08 0.00062871 0.00066491 0.00011231 2.6686e-05 5.7918e-07
8.344e-06 0.00061164 2.6224e-08 0.00062489 0.00066535 0.00011277 2.6821e-05 5.4234e-07
8.1799e-06 0.00055974 3.0994e-08 0.00062111 0.00066582 0.00011324 2.644e-05 5.0776e-07
8.0174e-06 0.00051966 3.7336e-08 0.00061739 0.0006663 0.00011374 2.6093e-05 4.7508e-07
7.8566e-06 0.00049036 4.5846e-08 0.00061372 0.0006668 0.00011425 2.5779e-05 4.4428e-07
7.6972e-06 0.00046946 5.6838e-08 0.0006101 0.00066731 0.00011478 2.5495e-05 4.1487e-07
7.5393e-06 0.00045691 5.0568e-08 0.00060653 0.00066784 0.00011533 2.5239e-05 3.8689e-07
7.3827e-06 0.00045195 4.6312e-08 0.000603 0.00066839 0.00011589 2.5011e-05 3.601e-07
7.2272e-06 0.00045427 4.3737e-08 0.00059952 0.00066895 0.00011648 2.4808e-05 3.3429e-07
7.0729e-06 0.00046397 4.2679e-08 0.00059609 0.00066953 0.00011708 2.463e-05 3.093e-07
6.9129e-06 0.00046487 3.9438e-08 0.00059262 0.00067009 0.00011766 2.4438e-05 2.8058e-07
6.7539e-06 0.00047316 3.7617e-08 0.0005892 0.00067067 0.00011826 2.427e-05 2.5257e-07
6.5895e-06 0.00047286 3.3704e-08 0.00058575 0.00067123 0.00011885 2.4089e-05 2.2094e-07
6.426e-06 0.00048011 3.1108e-08 0.00058234 0.00067181 0.00011945 2.3931e-05 1.8995e-07
6.2632e-06 0.00049453 2.9528e-08 0.00057898 0.00067241 0.00012007 2.3794e-05 1.5929e-07
6.0948e-06 0.00049989 2.5911e-08 0.00057558 0.00067299 0.00012067 2.3645e-05 1.2505e-07
5.9275e-06 0.00051384 2.3437e-08 0.00057223 0.00067359 0.00012129 2.3519e-05 9.1322e-08
5.7613e-06 0.00053744 2.1986e-08 0.00056892 0.0006742 0.00012193 2.3416e-05 5.8017e-08
5.5892e-06 0.00055052 1.8448e-08 0.00056558 0.0006748 0.00012255 2.3298e-05 2.1044e-08
5.411e-06 0.00055215 3.0831e-08 0.0005622 0.00067538 0.00012315 2.3165e-05 1.908e-08
5.6583e-06 0.00054221 4.011e-08 0.00055878 0.00067594 0.00012366 2.3014e-05 4.1593e-08
5.9077e-06 0.00054214 3.5279e-08 0.00055541 0.00067652 0.00012419 2.2077e-05 6.3654e-08
6.1594e-06 0.00055166 3.2143e-08 0.00055209 0.00067712 0.00012474 2.1206e-05 8.5375e-08
6.4128e-06 0.00056938 3.0129e-08 0.00054881 0.00067773 0.0001253 2.0392e-05 1.0663e-07
6.6681e-06 0.00059619 2.9159e-08 0.00054557 0.00067836 0.00012588 1.9633e-05 1.2757e-07
6.9254e-06 0.00063257 2.9102e-08 0.00054236 0.000679 0.00012648 1.8923e-05 1.4826e-07
7.1846e-06 0.00067943 2.9918e-08 0.0005392 0.00067966 0.0001271 1.8259e-05 1.6874e-07
7.4453e-06 0.00073695 3.15e-08 0.00053607 0.00068033 0.00012773 1.7636e-05 1.8892e-07
7.708e-06 0.00080788 3.4078e-08 0.00053298 0.00068102 0.00012838 1.7052e-05 2.0904e-07
7.9726e-06 0.00089447 3.7826e-08 0.00052993 0.00068172 0.00012905 1.6506e-05 2.2915e-07
8.2315e-06 0.00096906 3.9547e-08 0.00052685 0.0006824 0.0001297 1.5943e-05 2.4591e-07
8.4924e-06 0.0010608 4.255e-08 0.00052381 0.0006831 0.00013036 1.5416e-05 2.6273e-07
8.7555e-06 0.0010038 4.7054e-08 0.0005208 0.00068382 0.00013105 1.4923e-05 2.7969e-07
9.0204e-06 0.00095956 5.3166e-08 0.00051783 0.00068455 0.00013175 1.4461e-05 2.967e-07
9.2795e-06 0.00090434 5.696e-08 0.00051483 0.00068526 0.00013244 1.3983e-05 3.1025e-07
9.5408e-06 0.00086259 4.0529e-08 0.00051186 0.00068599 0.00013314 1.3537e-05 3.2407e-07
9.7962e-06 0.00081 2.1014e-08 0.00050887 0.00068671 0.00013383 1.3076e-05 3.344e-07
1.0054e-05 0.00076904 4.8524e-09 0.00050592 0.00068744 0.00013453 1.2643e-05 3.4486e-07
1.0305e-05 0.00071768 3.8391e-09 0.00050293 0.00068816 0.00013522 1.2195e-05 3.5187e-07
1.0559e-05 0.00067842 2.6038e-09 0.00049998 0.00068889 0.00013593 1.1777e-05 3.5922e-07
1.0807e-05 0.00062884 7.0868e-09 0.00049701 0.00068961 0.00013662 1.1344e-05 3.6306e-07
1.1057e-05 0.00058921 1.1961e-08 0.00049407 0.00069034 0.00013732 1.0938e-05 3.6702e-07
1.1301e-05 0.0005399 1.504e-08 0.0004911 0.00069106 0.00013801 1.0518e-05 3.6754e-07
1.1539e-05 0.00048066 1.6376e-08 0.0004881 0.00069177 0.00013869 1.0083e-05 3.6464e-07
1.1772e-05 0.00058487 1.5984e-08 0.00048509 0.00069247 0.00013934 9.6346e-06 3.5833e-07
1.2007e-05 0.0007076 1.5994e-08 0.0004821 0.00069318 0.00014002 9.214e-06 3.5223e-07
1.2243e-05 0.00085039 1.6273e-08 0.00047914 0.0006939 0.00014071 8.8177e-06 3.4612e-07
1.2473e-05 0.001019 1.6925e-08 0.00047622 0.00069463 0.00014138 8.4461e-06 3.4014e-07
1.2704e-05 0.0012154 1.7867e-08 0.00047333 0.00069538 0.00014206 8.0958e-06 3.3407e-07
1.2929e-05 0.0013949 1.7134e-08 0.00047041 0.00069612 0.00014273 7.734e-06 3.2471e-07
1.3157e-05 0.0016071 1.6779e-08 0.00046753 0.00069687 0.00014342 7.3942e-06 3.1539e-07
1.3387e-05 0.001858 1.6777e-08 0.00046467 0.00069763 0.00014412 7.0751e-06 3.0608e-07
1.3619e-05 0.0021548 1.7133e-08 0.00046185 0.00069841 0.00014484 6.7755e-06 2.9673e-07
1.3845e-05 0.0024282 1.5822e-08 0.000459 0.00069917 0.00014555 6.4656e-06 2.8412e-07
1.4074e-05 0.0024174 1.4874e-08 0.00045618 0.00069995 0.00014627 6.1748e-06 2.715e-07
1.4304e-05 0.0024262 1.4237e-08 0.0004534 0.00070074 0.00014701 5.9019e-06 2.5881e-07
1.453e-05 0.0024223 1.2223e-08 0.00045059 0.00070152 0.00014774 5.6196e-06 2.4291e-07
1.4757e-05 0.0024365 1.0375e-08 0.00044781 0.00070231 0.00014848 5.3534e-06 2.2676e-07
1.4979e-05 0.0024381 6.9275e-09 0.000445 0.0007031 0.00014921 5.0779e-06 2.0741e-07
1.5202e-05 0.0024581 3.5674e-09 0.00044223 0.00070389 0.00014995 4.818e-06 1.878e-07
1.542e-05 0.0024645 6.6773e-09 0.00043943 0.00070467 0.00015068 4.5485e-06 1.6493e-07
1.5641e-05 0.0024915 9.926e-09 0.00043666 0.00070547 0.00015143 4.2954e-06 1.4192e-07
1.5856e-05 0.0025093 1.1571e-08 0.00043387 0.00070625 0.00015216 4.0328e-06 1.8548e-07
1.6072e-05 0.0025462 1.3336e-08 0.0004311 0.00070705 0.00015291 3.7847e-06 2.2968e-07
1.6292e-05 0.0026041 1.5354e-08 0.00042837 0.00070786 0.00015367 3.5508e-06 2.7476e-07
1.6513e-05 0.0026821 1.7596e-08 0.00042566 0.00070868 0.00015445 3.3288e-06 3.2054e-07
1.6735e-05 0.0027816 2.0139e-08 0.00042297 0.00070952 0.00015525 3.1179e-06 3.671e-07
1.696e-05 0.0029047 2.3081e-08 0.00042031 0.00071036 0.00015606 2.9172e-06 4.1451e-07
1.7179e-05 0.0030141 2.4398e-08 0.00041763 0.0007112 0.00015686 2.7102e-06 4.585e-07
1.74e-05 0.0031482 2.615e-08 0.00041497 0.00071204 0.00015767 2.5129e-06 5.0337e-07
1.7623e-05 0.0033122 2.8525e-08 0.00041234 0.0007129 0.0001585 2.3255e-06 5.4947e-07
1.7841e-05 0.0034605 2.9221e-08 0.00040969 0.00071375 0.00015932 2.132e-06 5.9206e-07
1.8061e-05 0.0036386 3.0462e-08 0.00040705 0.0007146 0.00016015 1.9472e-06 6.3571e-07
1.8282e-05 0.0038529 3.2424e-08 0.00040445 0.00071547 0.00016099 1.7714e-06 6.8076e-07
1.8506e-05 0.0041056 3.5069e-08 0.00040186 0.00071636 0.00016186 1.6032e-06 7.271e-07
1.8724e-05 0.0043394 3.6006e-08 0.00039926 0.00071723 0.0001627 1.4296e-06 7.699e-07
1.8944e-05 0.004615 3.7681e-08 0.00039667 0.00071811 0.00016357 1.2633e-06 8.1407e-07
1.9159e-05 0.0048694 3.7595e-08 0.00040279 0.0007189 0.00016442 1.3254e-06 8.5459e-07
1.9376e-05 0.0051729 3.8402e-08 0.00040895 0.0007197 0.00016529 1.3908e-06 8.9682e-07
1.9588e-05 0.005455 3.749e-08 0.00041508 0.0007205 0.00016614 1.452e-06 9.3548e-07
1.9795e-05 0.0057166 3.486e-08 0.0004212 0.00072128 0.00016699 1.5092e-06 9.706e-07
2.0004e-05 0.0060255 3.2962e-08 0.00042736 0.00072207 0.00016784 1.5693e-06 1.0072e-06
2.0207e-05 0.0063125 2.9369e-08 0.0004335 0.00072286 0.00016869 1.6253e-06 1.0402e-06
2.0406e-05 0.0065776 2.4031e-08 0.00043961 0.00072363 0.00016952 1.6771e-06 1.0695e-06
2.0607e-05 0.0068958 1.9498e-08 0.00044578 0.00072442 0.00017037 1.7323e-06 1.1007e-06
2.081e-05 0.0072747 1.5554e-08 0.00045199 0.00072522 0.00017123 1.791e-06 1.1336e-06
2.1015e-05 0.0077236 1.2013e-08 0.00045825 0.00072603 0.00017212 1.8534e-06 1.1686e-06
2.1222e-05 0.008247 8.6239e-09 0.00046456 0.00072685 0.00017302 1.9194e-06 1.2052e-06
2.1431e-05 0.0088563 5.2475e-09 0.00047092 0.00072768 0.00017393 1.9891e-06 1.2437e-06
2.1635e-05 0.0094281 1.0484e-08 0.00047725 0.0007285 0.00017483 2.0542e-06 1.2785e-06
2.1832e-05 0.010101 1.6203e-08 0.00048363 0.00072934 0.00017571 2.1237e-06 1.3154e-06
2.2032e-05 0.010892 2.2675e-08 0.00049006 0.00073018 0.00017661 2.1976e-06 1.3547e-06
2.2226e-05 0.011639 2.7442e-08 0.00049648 0.00073102 0.0001775 2.2671e-06 1.3903e-06
2.2422e-05 0.012507 3.2997e-08 0.00050294 0.00073187 0.0001784 2.3407e-06 1.4279e-06
2.2621e-05 0.013512 3.957e-08 0.00050944 0.00073273 0.00017932 2.4187e-06 1.4677e-06
2.2814e-05 0.014461 4.4277e-08 0.00051593 0.00073357 0.00018022 2.492e-06 1.5036e-06
2.3009e-05 0.015561 5.0157e-08 0.00052246 0.00073443 0.00018114 2.5698e-06 1.5417e-06
2.3199e-05 0.016603 5.4159e-08 0.00052897 0.00073528 0.00018205 2.643e-06 1.576e-06
2.3384e-05 0.017585 5.6256e-08 0.00053546 0.00073612 0.00018295 2.7114e-06 1.6065e-06
2.3571e-05 0.018726 5.9596e-08 0.00054199 0.00073697 0.00018386 2.7844e-06 1.6392e-06
2.3753e-05 0.019805 6.103e-08 0.00054858 0.00073783 0.00018476 2.8528e-06 1.668e-06
2.3929e-05 0.020822 6.0516e-08 0.00055514 0.00073869 0.00018564 2.9163e-06 1.693e-06
2.4108e-05 0.022018 6.1464e-08 0.00056176 0.00073955 0.00018654 2.985e-06 1.7206e-06
2.429e-05 0.023423 6.3922e-08 0.00056843 0.00074043 0.00018746 3.0593e-06 1.751e-06
2.4475e-05 0.025075 6.8025e-08 0.00057516 0.00074132 0.00018841 3.1395e-06 1.7843e-06
2.4654e-05 0.026636 7.0108e-08 0.00058187 0.0007422 0.00018933 3.2145e-06 1.8136e-06
2.4835e-05 0.028454 7.3809e-08 0.00058863 0.00074309 0.00019028 3.2953e-06 1.8457e-06
2.502e-05 0.030577 7.9344e-08 0.00059544 0.00074399 0.00019124 3.3822e-06 1.8808e-06
2.5208e-05 0.033095 8.7532e-08 0.00060233 0.00074491 0.00019223 3.4766e-06 1.9196e-06
2.5399e-05 0.036055 9.8438e-08 0.00060927 0.00074584 0.00019324 3.5783e-06 1.9618e-06
2.5593e-05 0.03959 8.5015e-08 0.00061629 0.00074679 0.00019427 3.6887e-06 1.8347e-06
2.5782e-05 0.042892 6.8689e-08 0.00062327 0.00074773 0.00019529 3.7924e-06 1.7018e-06
2.5965e-05 0.04597 4.918e-08 0.00063021 0.00074865 0.00019628 3.8894e-06 1.5628e-06
2.615e-05 0.049596 3.3326e-08 0.00063722 0.00074959 0.0001973 3.9943e-06 1.4305e-06
2.634e-05 0.053877 2.0263e-08 0.0006443 0.00075054 0.00019834 4.1078e-06 1.3048e-06
2.6533e-05 0.059011 9.5108e-09 0.00065145 0.00075151 0.00019941 4.2313e-06 1.1857e-06
2.672e-05 0.06376 1.1601e-08 0.00065856 0.00075246 0.00020046 4.3469e-06 1.0606e-06
2.6911e-05 0.069406 1.3965e-08 0.00066574 0.00075343 0.00020153 4.4723e-06 9.4168e-07
2.7106e-05 0.076234 1.6911e-08 0.000673 0.00075442 0.00020263 4.6092e-06 8.2915e-07
2.7307e-05 0.082442 1.7892e-08 0.00068021 0.00075539 0.00020376 4.7346e-06 8.7583e-07
2.7513e-05 0.088133 1.5326e-08 0.00068751 0.00075638 0.00020492 4.8495e-06 9.1692e-07
2.7723e-05 0.094949 1.3332e-08 0.00069488 0.00075738 0.00020611 4.9754e-06 9.6085e-07
2.7938e-05 0.10298 1.1624e-08 0.00070232 0.0007584 0.00020733 5.1115e-06 1.0073e-06
2.8156e-05 0.11242 1.0084e-08 0.00070983 0.00075944 0.00020857 5.2583e-06 1.0564e-06
2.8368e-05 0.12126 6.9007e-09 0.0007173 0.00076046 0.00020979 5.3971e-06 1.101e-06
2.8583e-05 0.13161 3.7909e-09 0.00072485 0.00076149 0.00021103 5.5466e-06 1.1482e-06
2.8793e-05 0.14135 7.325e-09 0.00073236 0.00076252 0.00021226 5.6884e-06 1.1911e-06
2.9006e-05 0.15272 1.1017e-08 0.00073994 0.00076356 0.00021351 5.841e-06 1.2366e-06
2.9223e-05 0.16597 1.5077e-08 0.00074758 0.00076461 0.00021479 6.0049e-06 1.2848e-06
2.9433e-05 0.1785 1.7409e-08 0.0007552 0.00076565 0.00021604 6.1611e-06 1.3287e-06
2.9638e-05 0.19032 1.8009e-08 0.00076278 0.00076668 0.00021728 6.3092e-06 1.3681e-06
2.9846e-05 0.20422 1.9105e-08 0.00077043 0.00076772 0.00021855 6.4698e-06 1.4107e-06
3.0048e-05 0.21734 1.8444e-08 0.00077805 0.00076875 0.0002198 6.6221e-06 1.4488e-06
3.0255e-05 0.23278 1.8315e-08 0.00078574 0.0007698 0.00022107 6.7874e-06 1.4902e-06
3.0466e-05 0.23605 1.8737e-08 0.00079351 0.00077086 0.00022237 6.9669e-06 1.5357e-06
3.0671e-05 0.23912 1.7404e-08 0.00080125 0.00077191 0.00022366 7.1376e-06 1.5766e-06
3.0869e-05 0.24199 1.4263e-08 0.00080895 0.00077294 0.00022492 7.2994e-06 1.6128e-06
3.1072e-05 0.24541 1.1661e-08 0.00081672 0.000774 0.00022621 7.4754e-06 1.6526e-06
3.1279e-05 0.24949 9.4114e-09 0.00082458 0.00077507 0.00022753 7.6665e-06 1.6963e-06
3.1491e-05 0.25427 7.2798e-09 0.00083252 0.00077615 0.00022888 7.8726e-06 1.7437e-06
3.1708e-05 0.25506 5.2314e-09 0.00084054 0.00077725 0.00023026 8.0962e-06 1.7957e-06
3.193e-05 0.25397 3.1272e-09 0.00084865 0.00077837 0.00023167 8.3387e-06 1.8524e-06
3.2158e-05 0.25314 8.1887e-10 0.00085685 0.00077951 0.00023312 8.6014e-06 1.9141e-06
3.2378e-05 0.25221 1.2386e-09 0.00086501 0.00078063 0.00023454 8.8516e-06 1.9703e-06
3.2591e-05 0.25117 7.1405e-09 0.00087312 0.00078174 0.00023594 9.09e-06 2.0209e-06
3.2809e-05 0.25036 1.3795e-08 0.00088131 0.00078286 0.00023737 9.3467e-06 2.076e-06
3.3018e-05 0.24539 2.1862e-08 0.00088959 0.000784 0.00023877 9.6252e-06 2.1366e-06
3.322e-05 0.24012 2.7847e-08 0.00089783 0.00078513 0.00024014 9.8929e-06 2.1921e-06
3.3416e-05 0.23456 3.19e-08 0.00090604 0.00078625 0.00024151 1.0151e-05 2.2429e-06
3.3607e-05 0.22866 3.4067e-08 0.00091421 0.00078736 0.00024285 1.0399e-05 2.2889e-06
3.3801e-05 0.22365 3.7254e-08 0.00092246 0.00078848 0.00024422 1.0665e-05 2.3392e-06
3.3989e-05 0.21836 3.8615e-08 0.00093069 0.00078959 0.00024557 1.0922e-05 2.3849e-06
3.4182e-05 0.21386 4.1036e-08 0.00093898 0.00079071 0.00024695 1.1198e-05 2.4349e-06
3.4369e-05 0.2091 4.1591e-08 0.00094725 0.00079182 0.00024832 1.1464e-05 2.4802e-06
3.4559e-05 0.20506 4.3243e-08 0.00095559 0.00079295 0.00024971 1.1748e-05 2.5299e-06
3.4754e-05 0.18546 4.6077e-08 0.00096401 0.00079409 0.00025112 1.2053e-05 2.584e-06
3.4952e-05 0.16853 5.0066e-08 0.0009725 0.00079524 0.00025256 1.2376e-05 2.6421e-06
3.5154e-05 0.15389 5.54e-08 0.00098106 0.00079641 0.00025403 1.2719e-05 2.7046e-06
3.536e-05 0.13845 5.8692e-08 0.00098959 0.00079757 0.00025552 1.3052e-05 2.7623e-06
3.556e-05 0.12217 5.998e-08 0.00099809 0.00079871 0.000257 1.3375e-05 2.8153e-06
3.5755e-05 0.10498 5.9277e-08 0.0010066 0.00079985 0.00025846 1.3687e-05 2.8636e-06
3.6546e-05 0.081432 5.5819e-08 0.0010409 0.00080445 0.00026446 1.506e-05 3.0765e-06
3.6741e-05 0.074853 5.2208e-08 0.0010495 0.00080561 0.00026597 1.5419e-05 3.1299e-06
3.6941e-05 0.069227 4.7499e-08 0.0010583 0.00080678 0.00026751 1.5801e-05 3.1883e-06
3.7135e-05 0.063311 4.1691e-08 0.0010669 0.00080794 0.00026903 1.6173e-05 3.2421e-06
3.7333e-05 0.058248 3.717e-08 0.0010757 0.00080911 0.00027058 1.6569e-05 3.301e-06
3.7534e-05 0.05387 3.357e-08 0.0010846 0.0008103 0.00027216 1.6989e-05 3.3644e-06
3.774e-05 0.050125 3.0867e-08 0.0010935 0.00081149 0.00027376 1.7435e-05 3.4331e-06
3.7949e-05 0.046922 2.8933e-08 0.0011025 0.00081271 0.00027539 1.791e-05 3.5074e-06
3.8163e-05 0.044184 2.7674e-08 0.0011116 0.00081393 0.00027705 1.8413e-05 3.5873e-06
3.837e-05 0.041294 2.4738e-08 0.0011206 0.00081515 0.0002787 1.8905e-05 3.6624e-06
3.8582e-05 0.038825 2.2415e-08 0.0011297 0.00081638 0.00028037 1.9426e-05 3.7433e-06
3.8799e-05 0.036718 2.0599e-08 0.001139 0.00081762 0.00028207 1.998e-05 3.8304e-06
3.9009e-05 0.03449 1.7151e-08 0.0011481 0.00081886 0.00028375 2.0521e-05 3.9124e-06
3.9223e-05 0.032572 1.4044e-08 0.0011574 0.0008201 0.00028547 2.1093e-05 4.0003e-06
3.9442e-05 0.030943 1.125e-08 0.0011667 0.00082136 0.00028721 2.1701e-05 4.0949e-06
3.9655e-05 0.029215 6.883e-09 0.0011761 0.00082261 0.00028893 2.2294e-05 4.1842e-06
3.9862e-05 0.027372 8.7778e-10 0.0011853 0.00082385 0.00029064 2.2872e-05 4.2679e-06
4.0062e-05 0.025394 2.5009e-10 0.0011946 0.00082508 0.00029233 2.3434e-05 4.3458e-06
4.0256e-05 0.023262 4.931e-10 0.0012038 0.00082629 0.000294 2.3979e-05 4.4177e-06
4.0444e-05 0.020958 3.3935e-09 0.0012129 0.0008275 0.00029564 2.4507e-05 4.4837e-06
4.0637e-05 0.019047 6.1616e-09 0.0012222 0.00082872 0.00029732 2.5074e-05 4.5573e-06
4.0823e-05 0.017055 7.4331e-09 0.0012314 0.00082992 0.00029899 2.5623e-05 4.6248e-06
4.1014e-05 0.015378 8.5763e-09 0.0012407 0.00083115 0.00030068 2.6209e-05 4.6993e-06
4.121e-05 0.013965 9.6495e-09 0.0012501 0.00083238 0.00030241 2.6834e-05 4.7813e-06
4.1411e-05 0.012774 1.0714e-08 0.0012596 0.00083364 0.00030416 2.75e-05 4.8709e-06
4.1617e-05 0.011782 1.2009e-08 0.0012692 0.00083491 0.00030596 2.8212e-05 4.9693e-06
4.1829e-05 0.010955 1.3561e-08 0.0012789 0.00083619 0.00030779 2.8974e-05 5.0769e-06
4.2035e-05 0.01006 1.3439e-08 0.0012885 0.00083747 0.0003096 2.9714e-05 5.1775e-06
4.2245e-05 0.0093059 1.3525e-08 0.0012983 0.00083876 0.00031144 3.0501e-05 5.2868e-06
4.2448e-05 0.0084895 1.1941e-08 0.001308 0.00084004 0.00031327 3.1266e-05 5.3892e-06
4.2645e-05 0.007603 8.6492e-09 0.0013176 0.0008413 0.00031506 3.2009e-05 5.4845e-06
4.2847e-05 0.0068631 5.6205e-09 0.0013274 0.00084258 0.0003169 3.2802e-05 5.5891e-06
4.3042e-05 0.0060504 1.0576e-08 0.0013371 0.00084385 0.00031871 3.3569e-05 5.686e-06
4.3229e-05 0.0051544 1.3651e-08 0.0013467 0.0008451 0.0003205 3.4311e-05 5.7749e-06
4.3422e-05 0.0044184 1.5622e-08 0.0013565 0.00084637 0.00032232 3.5107e-05 5.8742e-06
4.3622e-05 0.0038167 1.649e-08 0.0013663 0.00084766 0.00032419 3.5962e-05 5.9846e-06
4.3813e-05 0.0031369 1.6253e-08 0.0013762 0.00084893 0.00032603 3.6783e-05 6.0851e-06
4.4013e-05 0.0026015 1.6901e-08 0.0013861 0.00085023 0.00032791 3.6834e-05 6.1996e-06
4.4222e-05 0.0021819 1.8551e-08 0.0013962 0.00085155 0.00032985 3.6917e-05 6.3291e-06
4.4438e-05 0.0018504 2.1314e-08 0.0014064 0.00085289 0.00033184 3.6402e-05 6.4738e-06
4.4645e-05 0.0018718 2.2974e-08 0.0014165 0.00085421 0.00033379 3.5853e-05 6.6057e-06
4.486e-05 0.0017315 2.353e-08 0.0014266 0.00085551 0.0003358 3.5367e-05 6.7573e-06
4.5066e-05 0.001562 2.2984e-08 0.0014365 0.00085679 0.00033777 3.4849e-05 6.8963e-06
4.5268e-05 0.0013884 2.1335e-08 0.0014465 0.00085806 0.00033973 3.433e-05 7.0332e-06
4.5467e-05 0.0012108 1.8583e-08 0.0014564 0.00085933 0.00034169 3.3809e-05 7.168e-06
4.5663e-05 0.001029 1.4728e-08 0.0014664 0.0008606 0.00034364 3.3286e-05 7.3005e-06
4.5868e-05 0.00088647 1.1934e-08 0.0014765 0.00086189 0.00034565 3.2813e-05 7.4493e-06
4.6081e-05 0.00077506 9.8855e-09 0.0014867 0.0008632 0.00034771 3.2386e-05 7.6153e-06
4.6303e-05 0.00068866 8.3571e-09 0.0014971 0.00086454 0.00034982 3.2003e-05 7.7996e-06
4.6534e-05 0.00062259 7.1873e-09 0.0015076 0.0008659 0.00035199 3.166e-05 8.0034e-06
4.6774e-05 0.00057479 6.3541e-09 0.0015183 0.00086729 0.00035422 3.136e-05 8.2299e-06
4.7025e-05 0.00054245 5.7679e-09 0.0015291 0.0008687 0.00035651 3.1101e-05 8.4849e-06
4.7286e-05 0.0005224 5.2736e-09 0.0015407 0.00086552 0.00035886 3.0877e-05 8.7647e-06
4.7557e-05 0.00051463 4.9014e-09 0.0015526 0.00086237 0.00036128 3.069e-05 9.0736e-06
4.7838e-05 0.00051871 4.6084e-09 0.0015646 0.00085926 0.00036376 3.0539e-05 9.4139e-06
4.8129e-05 0.00053391 4.2856e-09 0.0015768 0.00085618 0.00036631 3.0419e-05 9.7859e-06
4.843e-05 0.00056126 3.9054e-09 0.0015891 0.00085313 0.00036892 3.0332e-05 1.0192e-05
4.8742e-05 0.00050503 3.4359e-09 0.0016016 0.00085011 0.00037159 3.0275e-05 1.0636e-05
4.9064e-05 0.00046398 2.8267e-09 0.0016143 0.00084712 0.00037434 3.025e-05 1.1121e-05
4.9396e-05 0.000287 2.0118e-09 0.0016272 0.00084416 0.00037715 3.0255e-05 1.165e-05
4.9743e-05 0.00027704 4.9295e-09 0.00164 0.00084118 0.00038004 3.0231e-05 1.2138e-05
5.0101e-05 0.00027562 8.4485e-09 0.0016529 0.00083824 0.00038302 3.0241e-05 1.2674e-05
5.0448e-05 0.00041539 9.8619e-09 0.0016658 0.00083527 0.00038594 3.0228e-05 1.318e-05
5.0805e-05 0.00059248 1.1889e-08 0.0016788 0.00083232 0.00038894 3.0246e-05 1.3732e-05
5.1174e-05 0.00081763 1.4769e-08 0.001692 0.00082942 0.00039201 3.0295e-05 1.4334e-05
5.1531e-05 0.0010079 1.5408e-08 0.0017051 0.00082648 0.00039503 3.0323e-05 1.4904e-05
5.19e-05 0.0012516 1.6994e-08 0.0017184 0.00082358 0.00039812 3.0383e-05 1.5527e-05
5.2281e-05 0.0015698 1.9901e-08 0.0017319 0.00082071 0.0004013 3.0476e-05 1.621e-05
5.265e-05 0.00184 2.039e-08 0.0017452 0.00081782 0.00040442 3.0548e-05 1.6857e-05
5.3007e-05 0.0020654 4.2127e-08 0.0017585 0.0008149 0.00040749 3.0597e-05 1.7467e-05
5.3352e-05 0.0026782 5.1563e-08 0.0017719 0.00081202 0.00041051 3.0404e-05 1.8904e-05
5.3709e-05 0.0034787 4.749e-08 0.0017742 0.00080927 0.0004136 3.0248e-05 2.0477e-05
5.4054e-05 0.004162 3.9921e-08 0.0017765 0.00080656 0.00041665 3.0068e-05 2.1969e-05
5.441e-05 0.0050394 3.516e-08 0.0017788 0.00080387 0.00041976 2.9922e-05 2.3594e-05
5.4778e-05 0.0061652 3.2621e-08 0.0017813 0.00080122 0.00042296 2.981e-05 2.5361e-05
5.5158e-05 0.0076092 3.1998e-08 0.0017838 0.00079859 0.00042623 2.9729e-05 2.7285e-05
5.5522e-05 0.0081668 3.5492e-08 0.0017865 0.000796 0.00042943 2.9776e-05 2.7997e-05
5.5875e-05 0.0086393 3.6123e-08 0.0017891 0.00079338 0.00043259 2.9802e-05 2.867e-05
5.6216e-05 0.0090363 3.3916e-08 0.0017916 0.00079075 0.00043569 2.9806e-05 2.9304e-05
5.6545e-05 0.011933 2.8695e-08 0.001794 0.00078808 0.00043873 2.9788e-05 2.9901e-05
5.6886e-05 0.012869 2.5508e-08 0.0017966 0.00078545 0.00044186 2.9801e-05 3.0556e-05
5.7238e-05 0.014077 2.3964e-08 0.0017992 0.00078285 0.00044506 2.9845e-05 3.1276e-05
6.032e-05 0.015115 1.9805e-08 0.0018018 0.00078022 0.00044801 2.9868e-05 3.1955e-05
6.3469e-05 0.016481 1.7312e-08 0.0018044 0.00077762 0.00045105 2.9924e-05 3.2705e-05
6.6687e-05 0.018272 1.6133e-08 0.0018072 0.00077506 0.00045417 3.0015e-05 3.3533e-05
6.9971e-05 0.020574 1.595e-08 0.00181 0.00077252 0.00045736 3.0138e-05 3.367e-05
7.3338e-05 0.022548 1.3423e-08 0.0018128 0.00076996 0.00046066 3.0238e-05 3.3785e-05
7.6885e-05 0.025089 1.1831e-08 0.0018156 0.00076743 0.00046045 2.9854e-05 3.3933e-05
8.0389e-05 0.027286 8.0134e-09 0.0018184 0.00076488 0.00046021 2.944e-05 3.4058e-05
8.3662e-05 0.029166 1.2502e-08 0.0018212 0.0007623 0.00046672 2.8994e-05 3.416e-05
0.00010809 0.032112 3.4649e-08 0.0018422 0.00074485 0.00051546 2.682e-05 3.55e-05
0.00010908 0.03243 3.3408e-08 0.0018454 0.0007424 0.00052294 2.6573e-05 3.6203e-05
0.00011006 0.032666 3.1065e-08 0.0018484 0.00073993 0.00053034 2.6302e-05 3.6867e-05
0.00011101 0.032825 2.7621e-08 0.0018515 0.00073743 0.00053764 2.6006e-05 3.7494e-05
0.00011195 0.032907 2.1266e-08 0.0018544 0.00073492 0.00054485 2.5685e-05 3.8083e-05
0.00011291 0.033111 1.6774e-08 0.0018575 0.00073243 0.00055221 2.5401e-05 3.8731e-05
0.00011389 0.033447 1.3613e-08 0.0018606 0.00072996 0.00055973 2.5152e-05 3.9442e-05
0.0001149 0.033936 1.1418e-08 0.0018639 0.00072752 0.00056741 2.4086e-05 4.0221e-05
0.00011589 0.034327 6.9483e-09 0.001867 0.00072507 0.00057499 2.296e-05 4.0956e-05
0.00011686 0.034628 1.0285e-08 0.0018701 0.00072258 0.00058247 2.2949e-05 4.1649e-05
0.00011786 0.035074 1.4553e-08 0.0018733 0.00072013 0.00059012 2.2964e-05 4.2408e-05
0.00011883 0.035429 1.6499e-08 0.0018764 0.00071765 0.00059766 2.296e-05 4.3126e-05
0.00011983 0.035949 1.9677e-08 0.0018797 0.0007152 0.00060538 2.2984e-05 4.3143e-05
0.00012082 0.036383 2.0595e-08 0.0018828 0.00071273 0.00061301 2.2991e-05 4.3139e-05
0.00012183 0.036968 2.2552e-08 0.0018861 0.00071028 0.00062079 2.3022e-05 4.3167e-05
0.00012286 0.037725 2.5704e-08 0.0018894 0.00070786 0.00062872 2.3077e-05 4.3225e-05
0.00012387 0.038389 2.6551e-08 0.0018927 0.00070542 0.00063658 2.3116e-05 4.3265e-05
0.00012491 0.039235 2.8649e-08 0.001896 0.000703 0.00064457 2.3178e-05 4.3335e-05
0.00012597 0.039982 2.8423e-08 0.0018993 0.00070056 0.00065274 2.3225e-05 4.3387e-05
0.00012702 0.04064 2.5886e-08 0.0019026 0.0006981 0.00066083 2.3257e-05 4.3419e-05
0.00012809 0.041475 2.4564e-08 0.0019059 0.00069567 0.00066907 2.3312e-05 4.3482e-05
0.00012918 0.042518 2.4321e-08 0.0019093 0.00069326 0.00067746 2.3389e-05 4.3576e-05
0.00013025 0.043452 2.188e-08 0.0019126 0.00069083 0.00068577 2.3452e-05 4.365e-05
0.00013131 0.044285 3.8881e-08 0.0019159 0.00068839 0.00069401 2.35e-05 4.3706e-05
0.00013236 0.045021 5.231e-08 0.0019192 0.00068592 0.00070217 2.3532e-05 4.3743e-05
0.00013343 0.045963 7.0308e-08 0.0019225 0.00068348 0.00071048 2.3589e-05 4.3812e-05
0.00013448 0.0468 8.4372e-08 0.0019258 0.00068102 0.00071872 2.363e-05 4.3862e-05
0.00013556 0.047864 1.0441e-07 0.0019292 0.00067859 0.00072712 2.3696e-05 4.3945e-05
0.00013666 0.049181 1.2336e-07 0.0019327 0.00067618 0.00073568 2.3786e-05 4.406e-05
0.00013778 0.050805 1.4122e-07 0.0019362 0.00067379 0.0007444 2.39e-05 4.4207e-05
0.00013893 0.052803 1.58e-07 0.0019398 0.00067142 0.00075329 2.404e-05 4.4388e-05
0.00014011 0.055266 1.8156e-07 0.0019435 0.00066908 0.00076234 2.4205e-05 4.4604e-05
0.00014127 0.057463 1.9968e-07 0.0019471 0.00066672 0.0007713 2.4353e-05 4.4797e-05
0.00014245 0.06029 2.2642e-07 0.0019509 0.00066438 0.00078045 2.453e-05 4.5029e-05
0.00014367 0.06385 2.6455e-07 0.0019547 0.00066207 0.00078979 2.4738e-05 4.5303e-05
0.00014491 0.068339 3.1822e-07 0.0019586 0.00065979 0.00079934 2.4979e-05 4.562e-05
0.00014619 0.074019 3.9355e-07 0.0019626 0.00065754 0.00080908 2.4763e-05 4.5984e-05
0.00014749 0.081096 4.9675e-07 0.0019667 0.0006553 0.00081902 2.4576e-05 4.6403e-05
0.00014877 0.087364 5.8228e-07 0.0019708 0.00065305 0.00082885 2.4369e-05 4.6793e-05
0.00015009 0.095284 7.0245e-07 0.0019749 0.00065082 0.00083889 2.4194e-05 4.7233e-05
0.00015138 0.10234 8.0304e-07 0.001979 0.00064857 0.00084883 2.3999e-05 4.7643e-05
0.00015266 0.10861 8.8604e-07 0.001983 0.0006463 0.00085865 2.3785e-05 4.8024e-05
0.00015391 0.11417 1.566e-06 0.001987 0.00064401 0.00086837 2.3549e-05 4.8376e-05
0.0001552 0.12118 1.7596e-06 0.001991 0.00064175 0.0008783 2.3346e-05 4.8776e-05
0.00015646 0.12741 1.9215e-06 0.001995 0.00063947 0.00088811 2.3122e-05 4.9147e-05
0.00015776 0.12911 2.1438e-06 0.0019991 0.00063721 0.00089002 2.2928e-05 4.9565e-05
0.0001591 0.13127 2.4617e-06 0.0020033 0.00063497 0.000892 2.2763e-05 5.0032e-05
0.00016046 0.13397 2.8877e-06 0.0020076 0.00063275 0.00089405 2.2624e-05 5.0551e-05
0.00016186 0.13736 3.4668e-06 0.0020119 0.00063056 0.00089618 2.2512e-05 5.1126e-05
0.00016328 0.14154 4.2359e-06 0.0020164 0.00062839 0.00089838 2.2425e-05 5.1758e-05
0.00016474 0.14668 4.4412e-06 0.0020209 0.00062624 0.00090066 2.2361e-05 5.2449e-05
0.00016623 0.14793 4.7278e-06 0.0020256 0.00062412 0.00090301 2.2321e-05 5.3207e-05
0.0001677 0.14904 4.9759e-06 0.0020301 0.00062197 0.00090532 2.2267e-05 5.3932e-05
0.00016915 0.15001 5.1912e-06 0.0020347 0.00061981 0.00090759 2.2199e-05 5.4624e-05
0.00017063 0.15124 5.475e-06 0.0020393 0.00061767 0.00090993 2.2152e-05 5.5374e-05
0.00017209 0.15235 5.7258e-06 0.0020438 0.00061552 0.00091223 2.2092e-05 5.6093e-05
0.00017358 0.15374 6.0532e-06 0.0020485 0.00061338 0.0009146 2.2052e-05 5.687e-05
0.0001751 0.15548 6.488e-06 0.0020532 0.00061126 0.00091703 2.2034e-05 5.7713e-05
0.00017661 0.15706 6.874e-06 0.0020579 0.00060912 0.00091943 2.2003e-05 5.8524e-05
0.0001781 0.15849 7.2152e-06 0.0020626 0.00060697 0.00092179 2.1959e-05 5.9302e-05
0.00017961 0.15825 7.2607e-06 0.0020673 0.00060484 0.00092422 2.1935e-05 6.0142e-05
0.00018115 0.15819 7.3419e-06 0.0020721 0.00060273 0.00092671 2.1931e-05 6.1048e-05
0.00018268 0.15805 7.4043e-06 0.0020768 0.0006006 0.00092917 2.1913e-05 6.1918e-05
0.00018423 0.15808 7.5049e-06 0.0020817 0.00059849 0.00093169 2.1916e-05 6.2855e-05
0.00018582 0.15829 7.6518e-06 0.0020866 0.00059639 0.00093428 2.1939e-05 6.3863e-05
0.00018738 0.15842 7.7747e-06 0.0020914 0.00059428 0.00093684 2.1948e-05 6.4835e-05
0.00018893 0.15845 7.8747e-06 0.0020963 0.00059216 0.00093935 2.1945e-05 6.5768e-05
0.00019051 0.15867 8.0224e-06 0.0021012 0.00059005 0.00094193 2.1962e-05 6.6774e-05
0.00019212 0.15911 8.2367e-06 0.0021062 0.00058796 0.00094459 2.2001e-05 6.7867e-05
0.00019371 0.15944 8.4156e-06 0.0021111 0.00058586 0.00094721 2.2026e-05 6.8914e-05
0.00019534 0.1583 8.6787e-06 0.0021161 0.00058378 0.00094991 2.2077e-05 7.0058e-05
0.00019701 0.15746 9.0503e-06 0.0021213 0.00058171 0.00095269 2.2152e-05 7.1302e-05
0.00019865 0.15909 9.3537e-06 0.0021263 0.00057963 0.00095542 2.2208e-05 7.2483e-05
0.00020026 0.16046 9.5986e-06 0.0021314 0.00057753 0.00095809 2.2246e-05 7.3603e-05
0.00020191 0.1616 9.7922e-06 0.0021363 0.00057541 0.00096085 2.2266e-05 7.4662e-05
0.00020354 0.16252 1.1238e-05 0.0021402 0.00057877 0.00096356 2.3324e-05 7.5636e-05
0.00020515 0.16324 1.2435e-05 0.0021441 0.0005821 0.00096621 2.4326e-05 7.6553e-05
0.00020679 0.16431 1.4145e-05 0.002148 0.00058546 0.00096895 2.5426e-05 7.7569e-05
0.00020847 0.16578 1.4686e-05 0.0021521 0.00058885 0.00097178 2.6626e-05 7.8682e-05
0.00021015 0.16724 1.5226e-05 0.0021561 0.00059224 0.00097461 2.7825e-05 7.9794e-05
0.00021183 0.16869 1.5765e-05 0.0021602 0.00059562 0.00097744 2.9023e-05 8.0905e-05
