

TREE # 1

  0  0.0000   4470.496319  x:  0.04270   0.12066   0.06416   0.04083   0.06341   0.01672   0.08593   0.06535   0.01278   0.05658   0.07511   0.06702   0.00000   0.12104   0.11123   0.19121   0.11753   0.85170   1.04713  
  1 99.0000   4374.264144  x:  0.03008   0.16129   0.04014   0.01239   0.07915   0.01272   0.06087   0.07563   0.00000   0.02892   0.07894   0.07667   0.05923   0.16450   0.18075   0.22993   0.12266   0.87599   1.03430  
  2 1316.7463   4346.841133  x:  0.02457   0.17895   0.02964   0.00000   0.08596   0.01102   0.04989   0.08012   0.00541   0.01694   0.08060   0.08079   0.08428   0.18334   0.21084   0.24681   0.12489   0.88667   1.02865  
  3 36085.7980   4328.207013  x:  0.01806   0.19956   0.01791   0.01824   0.09349   0.01068   0.03620   0.08526   0.01075   0.00279   0.08250   0.08495   0.10815   0.20482   0.24482   0.26704   0.12751   0.90037   1.02126  
  4 4814.9727   4314.308039  x:  0.01173   0.22346   0.00926   0.02742   0.09928   0.02366   0.01511   0.09048   0.01307   0.04379   0.08426   0.08541   0.10682   0.22734   0.27923   0.29510   0.13041   0.92619   1.00633  
  5 1118.7093   4273.282959  x:  0.01567   0.27441   0.06687   0.02494   0.10249   0.02631   0.00173   0.09814   0.01159   0.04524   0.08580   0.07271   0.02881   0.26846   0.34161   0.36807   0.13581   1.01510   0.95153  
  6 733.7569   4256.841584  x:  0.01653   0.29432   0.08500   0.02445   0.10397   0.02797   0.00949   0.10113   0.01113   0.04720   0.08640   0.06813   0.00000   0.28474   0.36644   0.39638   0.13792   1.04952   0.93024  
  7 11640.2961   4195.849448  x:  0.00000   0.35087   0.00959   0.00996   0.08601   0.00342   0.00747   0.09386   0.00320   0.01834   0.07885   0.04371   0.00000   0.32431   0.43518   0.51459   0.14124   1.26262   0.78128  
  8 717.0608   4192.871691  x:  0.00102   0.35390   0.00461   0.00884   0.08509   0.00695   0.00719   0.09337   0.00271   0.01533   0.07843   0.04270   0.00000   0.32637   0.43909   0.52145   0.14140   1.27616   0.77146  
  9 3599.6596   4185.239929  x:  0.01528   0.34543   0.00190   0.00919   0.08560   0.00280   0.00713   0.08758   0.00278   0.01641   0.07662   0.05959   0.00000   0.32121   0.44211   0.52491   0.13964   1.32619   0.72343  
 10 395.9452   4127.245340  x:  0.01204   0.27013   0.00696   0.01026   0.07671   0.00818   0.00750   0.03675   0.00368   0.01704   0.05780   0.17556   0.00000   0.27501   0.45348   0.53699   0.12439   1.68778   0.37105  
 11 4092.3016   4113.937789  x:  0.00820   0.24997   0.00702   0.01042   0.08336   0.00873   0.00743   0.07626   0.00369   0.01690   0.06716   0.19119   0.00000   0.26136   0.44554   0.53110   0.12536   1.78672   0.27213  
 12 1163.6519   4104.159959  x:  0.01420   0.26489   0.00741   0.01231   0.11053   0.00765   0.00680   0.05497   0.00480   0.01998   0.10084   0.13232   0.00000   0.26821   0.39082   0.49317   0.14839   1.90700   0.23817  
 13 171.4308   4092.184349  x:  0.02733   0.27841   0.00958   0.01557   0.09193   0.00747   0.00627   0.07040   0.00662   0.02493   0.06505   0.08692   0.00000   0.28048   0.31464   0.44481   0.14080   2.11462   0.28132  
 14 237.2606   4088.818179  x:  0.02399   0.27786   0.00985   0.01558   0.09447   0.00821   0.00626   0.07421   0.00669   0.02461   0.09898   0.10633   0.00000   0.27909   0.30060   0.42705   0.14227   2.20138   0.32165  
 15 161.7343   4088.312823  x:  0.02216   0.27471   0.00971   0.01534   0.11144   0.00824   0.00622   0.07451   0.00654   0.02426   0.09399   0.10683   0.00000   0.27766   0.31018   0.41384   0.14300   2.21712   0.32888  
 16 44.7637   4088.136794  x:  0.02311   0.27311   0.00980   0.01539   0.10623   0.00815   0.00625   0.07455   0.00652   0.02443   0.09535   0.10315   0.00000   0.27775   0.32169   0.40101   0.14542   2.22247   0.32999  
 17 21.7877   4088.057834  x:  0.02286   0.28039   0.00979   0.01526   0.10614   0.00818   0.00628   0.07460   0.00647   0.02425   0.09630   0.10459   0.00000   0.27776   0.32206   0.39662   0.13861   2.22345   0.32840  
 18  2.4896   4087.366679  x:  0.02173   0.30273   0.01005   0.01430   0.10415   0.00849   0.00652   0.07727   0.00602   0.02264   0.08917   0.11835   0.00000   0.28568   0.31928   0.39025   0.15557   2.23462   0.32486  
 19  4.4915   4078.893851  x:  0.03329   0.29901   0.01469   0.00820   0.10619   0.00967   0.00812   0.08968   0.00317   0.01015   0.09480   0.10387   0.00000   0.37110   0.35811   0.45044   0.13915   2.38170   0.33046  
 20 16.3845   4076.065530  x:  0.03916   0.32307   0.01624   0.00709   0.10513   0.00979   0.00838   0.09392   0.00276   0.00753   0.09435   0.08196   0.00000   0.30291   0.38875   0.49093   0.14590   2.43205   0.34345  
 21 49.8931   4066.451294  x:  0.01331   0.30604   0.01080   0.00916   0.09321   0.01289   0.01138   0.10153   0.00461   0.01065   0.08350   0.05043   0.00000   0.28844   0.36722   0.48412   0.14177   3.01141   0.35329  
 22  0.4209   4064.557209  x:  0.00865   0.30718   0.01163   0.00874   0.09367   0.01463   0.01281   0.10670   0.00476   0.01025   0.07981   0.08226   0.00000   0.29449   0.37138   0.48997   0.13994   3.18500   0.35125  
 23  0.2568   4063.384530  x:  0.01760   0.31604   0.01549   0.00836   0.09945   0.01604   0.01439   0.10898   0.00497   0.01124   0.08535   0.07831   0.00000   0.29944   0.39039   0.51172   0.14131   3.32625   0.35193  
 24  0.1442   4062.808160  x:  0.01216   0.32063   0.01561   0.00729   0.10337   0.01695   0.01586   0.10509   0.00514   0.00904   0.08916   0.06924   0.00000   0.30974   0.39095   0.51237   0.14462   3.46861   0.34824  
 25  0.1320   4062.569993  x:  0.01057   0.32039   0.01599   0.00784   0.10126   0.01739   0.01677   0.10116   0.00588   0.01129   0.08866   0.06740   0.00000   0.29791   0.39282   0.51222   0.14464   3.51322   0.34689  
 26  0.0382   4062.338185  x:  0.01325   0.31541   0.01774   0.00709   0.09795   0.01765   0.01782   0.09484   0.00655   0.01013   0.08543   0.07183   0.00000   0.30019   0.38848   0.50384   0.14260   3.49112   0.34539  
 27  0.0108   4062.191937  x:  0.01161   0.31721   0.01890   0.00584   0.10385   0.01779   0.01896   0.09304   0.00705   0.00956   0.08725   0.07022   0.00000   0.30057   0.38742   0.50576   0.14402   3.45730   0.35108  
 28  0.0123   4062.091563  x:  0.01165   0.31803   0.01973   0.00529   0.09982   0.01773   0.01962   0.09705   0.00754   0.01048   0.08773   0.07013   0.00000   0.30032   0.38940   0.50843   0.14353   3.39265   0.35129  
 29  0.0288   4062.072241  x:  0.01111   0.31698   0.01988   0.00517   0.10005   0.01783   0.01988   0.09808   0.00780   0.01013   0.08634   0.07018   0.00000   0.30062   0.38830   0.50593   0.14311   3.39118   0.34757  
 30  0.0031   4062.068047  x:  0.01141   0.31705   0.01993   0.00530   0.10076   0.01787   0.01988   0.09867   0.00795   0.01013   0.08703   0.07016   0.00000   0.30022   0.38823   0.50571   0.14355   3.39105   0.34683  
 31  0.0008   4062.064279  x:  0.01117   0.31714   0.01984   0.00537   0.10031   0.01793   0.01994   0.09843   0.00825   0.00992   0.08763   0.07019   0.00000   0.30062   0.38844   0.50572   0.14346   3.39183   0.34749  
 32  0.0004   4062.061434  x:  0.01138   0.31726   0.01962   0.00548   0.10050   0.01792   0.01979   0.09835   0.00843   0.00993   0.08669   0.07033   0.00000   0.30057   0.38881   0.50616   0.14329   3.39117   0.34782  
 33  0.0006   4062.059222  x:  0.01138   0.31761   0.01938   0.00530   0.10055   0.01785   0.01963   0.09835   0.00851   0.00995   0.08697   0.07007   0.00000   0.30086   0.38895   0.50655   0.14348   3.39246   0.34722  
 34  0.0004   4062.058860  x:  0.01144   0.31719   0.01939   0.00525   0.10049   0.01784   0.01961   0.09831   0.00852   0.00998   0.08700   0.07033   0.00000   0.30052   0.38874   0.50621   0.14335   3.39426   0.34740  
 35  0.0013   4062.058801  x:  0.01142   0.31718   0.01941   0.00525   0.10051   0.01783   0.01960   0.09838   0.00853   0.00999   0.08698   0.07028   0.00000   0.30062   0.38866   0.50610   0.14340   3.39607   0.34756  
 36  0.0008   4062.058741  x:  0.01143   0.31732   0.01945   0.00524   0.10045   0.01779   0.01957   0.09840   0.00854   0.00997   0.08697   0.07025   0.00000   0.30053   0.38870   0.50613   0.14335   3.39611   0.34756  
 37  0.0000   4062.058708  x:  0.01141   0.31726   0.01947   0.00525   0.10049   0.01777   0.01955   0.09836   0.00854   0.00998   0.08698   0.07028   0.00000   0.30060   0.38870   0.50615   0.14336   3.39588   0.34750  
 38  0.0002   4062.058706  x:  0.01141   0.31723   0.01947   0.00525   0.10050   0.01777   0.01955   0.09836   0.00854   0.00998   0.08698   0.07028   0.00000   0.30058   0.38873   0.50618   0.14339   3.39592   0.34750  
 39  0.0000   4062.058701  x:  0.01141   0.31721   0.01948   0.00525   0.10049   0.01779   0.01953   0.09836   0.00854   0.00998   0.08698   0.07027   0.00000   0.30061   0.38874   0.50620   0.14336   3.39589   0.34750  
 40  0.0000   4062.058699  x:  0.01141   0.31724   0.01948   0.00525   0.10050   0.01780   0.01953   0.09836   0.00854   0.00998   0.08698   0.07028   0.00000   0.30059   0.38872   0.50617   0.14337   3.39582   0.34750  
 41  0.0001   4062.058699  x:  0.01141   0.31724   0.01948   0.00525   0.10050   0.01780   0.01953   0.09836   0.00854   0.00998   0.08698   0.07028   0.00000   0.30059   0.38872   0.50617   0.14337   3.39581   0.34750  
 42  0.0000   4062.058699  x:  0.01141   0.31724   0.01948   0.00525   0.10050   0.01780   0.01953   0.09836   0.00854   0.00998   0.08698   0.07028   0.00000   0.30059   0.38872   0.50617   0.14337   3.39581   0.34750  