Condylura_cristata Erinaceus_europaeus Galemys_pyrenaicus Solenodon_paradoxus Sorex_araneus Sorex_fumeus Suncus_etruscus Talpa_occidentalis Uropsilus_gracilis
2.8646e-06 0.16618 4.391e-05 4.8255e-05 0.00079914 0.00019337 6.305e-07 1.0931e-05 4.362e-05
2.4859e-06 0.16464 4.3374e-05 4.7848e-05 0.00079261 0.00018999 4.0566e-07 1.0606e-05 4.0543e-05
2.1818e-06 0.16409 4.2948e-05 4.7567e-05 0.00078701 0.0001869 2.3786e-07 1.0339e-05 3.8239e-05
1.8563e-06 0.16327 4.2489e-05 4.7249e-05 0.00078113 0.00018372 5.439e-08 1.0056e-05 3.5722e-05
1.505e-06 0.16213 4.1993e-05 4.6889e-05 0.00077491 0.00018044 2.879e-08 9.7516e-06 3.2941e-05
1.4642e-06 0.16052 4.1439e-05 4.6472e-05 0.00076825 0.00017701 2.6207e-08 9.419e-06 3.2837e-05
1.4382e-06 0.15733 4.1014e-05 4.5614e-05 0.00076099 0.00017338 2.9263e-08 9.1539e-06 3.3011e-05
1.4066e-06 0.15335 4.0549e-05 4.4665e-05 0.00075333 0.00016962 3.1336e-08 8.8685e-06 3.3103e-05
1.3871e-06 0.15132 4.0186e-05 4.3958e-05 0.00074673 0.00016618 3.4895e-08 8.636e-06 3.341e-05
1.3624e-06 0.14863 3.9788e-05 4.3168e-05 0.00074118 0.00016307 4.5432e-08 8.3851e-06 3.363e-05
1.3368e-06 0.14592 3.9389e-05 4.2377e-05 0.00073561 0.00015995 5.5394e-08 8.1337e-06 3.3842e-05
1.3102e-06 0.14321 3.8989e-05 4.1587e-05 0.00073004 0.00015684 6.4779e-08 7.8818e-06 3.4047e-05
1.2829e-06 0.14048 3.8588e-05 4.0796e-05 0.00072445 0.00015371 7.3589e-08 7.6294e-06 3.4245e-05
1.2546e-06 0.13773 3.8187e-05 4.0004e-05 0.00071886 0.00015059 8.1822e-08 7.3765e-06 3.4436e-05
1.2255e-06 0.13498 3.7784e-05 3.9213e-05 0.00071326 0.00014746 8.9479e-08 7.123e-06 3.4619e-05
1.1955e-06 0.13221 3.7381e-05 3.8421e-05 0.00070765 0.00014432 9.6561e-08 6.8691e-06 3.4795e-05
1.1646e-06 0.12942 3.6977e-05 3.7628e-05 0.00070203 0.00014118 1.0307e-07 6.6146e-06 3.4964e-05
1.1329e-06 0.12663 3.6572e-05 3.6836e-05 0.0006964 0.00013804 1.09e-07 6.3596e-06 3.5125e-05
1.1002e-06 0.12382 3.6166e-05 3.6043e-05 0.00069076 0.00013489 1.1435e-07 6.104e-06 3.5279e-05
1.1138e-06 0.12025 3.5386e-05 3.5152e-05 0.00068478 0.00013163 1.1777e-07 6.0356e-06 3.5291e-05
1.1391e-06 0.11843 3.477e-05 3.4488e-05 0.0006797 0.00012866 1.2458e-07 5.9902e-06 3.5524e-05
2.6898e-07 0.038204 2.3497e-05 2.3453e-05 0.00049727 0.00012198 3.7935e-08 7.2673e-07 4.7071e-05
2.1867e-07 0.034042 2.2999e-05 2.2954e-05 0.0004895 0.00012159 2.5608e-08 4.9413e-07 4.7349e-05
1.7854e-07 0.031775 2.2598e-05 2.2587e-05 0.00048274 0.00012131 1.6368e-08 3.007e-07 4.7899e-05
1.8245e-07 0.02888 2.2126e-05 2.2167e-05 0.00047555 0.00012097 1.7371e-08 2.7133e-07 4.8319e-05
1.8546e-07 0.0275 2.1653e-05 2.1747e-05 0.00047066 0.00011884 1.779e-08 2.412e-07 4.8732e-05
1.8755e-07 0.02683 2.118e-05 2.1327e-05 0.00046655 0.00011697 1.7625e-08 2.1032e-07 4.9138e-05
1.8873e-07 0.024855 2.0705e-05 2.0905e-05 0.00046319 0.0001153 1.6875e-08 1.7868e-07 4.9537e-05
1.89e-07 0.022399 2.023e-05 2.0483e-05 0.00045958 0.00011355 1.5542e-08 1.4628e-07 4.9928e-05
1.8836e-07 0.021127 1.9754e-05 2.006e-05 0.0004566 0.00011198 1.3624e-08 1.1313e-07 5.0313e-05
1.8681e-07 0.017619 1.9277e-05 1.9636e-05 0.0004542 0.00011057 1.1123e-08 7.9212e-08 5.069e-05
1.8191e-07 0.0172 1.8732e-05 1.9147e-05 0.00045158 0.00010909 7.4967e-09 7.6319e-08 5.0936e-05
1.8036e-07 0.017114 1.8292e-05 1.8787e-05 0.00044951 0.00010777 4.6416e-09 7.4763e-08 5.0125e-05
1.8172e-07 0.015417 1.5988e-05 1.5875e-05 0.00042634 9.8846e-05 4.0592e-09 1.0143e-07 4.2758e-05
1.8323e-07 0.015474 1.4936e-05 1.463e-05 0.00042748 9.7869e-05 2.6632e-09 1.0493e-07 4.1679e-05
1.8858e-07 0.015879 1.4092e-05 1.3743e-05 0.00042916 9.7026e-05 1.4363e-09 1.105e-07 4.0593e-05
1.9127e-07 0.016138 1.3177e-05 1.2796e-05 0.00043061 9.6123e-05 2.2892e-09 1.1422e-07 3.95e-05
1.9797e-07 0.016842 1.2442e-05 1.2103e-05 0.00043299 9.2745e-05 3.2156e-09 1.2015e-07 3.8792e-05
2.093e-07 0.018332 1.186e-05 1.1611e-05 0.000436 8.9679e-05 4.3198e-09 1.2891e-07 3.6351e-05
2.1772e-07 0.019489 1.1227e-05 1.1058e-05 0.00043876 8.6495e-05 4.549e-09 1.3565e-07 3.3763e-05
2.304e-07 0.021669 1.0709e-05 1.0644e-05 0.00044212 8.3577e-05 4.9156e-09 1.4477e-07 2.6151e-05
2.3972e-07 0.025702 1.0137e-05 1.034e-05 0.00044613 8.0906e-05 5.4559e-09 1.5089e-07 2.0845e-05
2.4607e-07 0.028858 9.5164e-06 9.9947e-06 0.00045106 7.8537e-05 4.636e-09 1.55e-07 1.4875e-05
2.5681e-07 0.029961 9.009e-06 9.7412e-06 0.00045681 7.6373e-05 3.9898e-09 1.3952e-07 1.0434e-05
2.587e-07 0.030218 8.285e-06 9.5682e-06 0.00046209 7.4076e-05 5.0328e-09 1.2826e-07 7.2284e-06
2.6534e-07 0.029803 7.7038e-06 9.4573e-06 0.00046832 7.1997e-05 6.4262e-09 1.1984e-07 4.9165e-06
2.7743e-07 0.02984 5.9717e-06 9.398e-06 0.00047563 7.0119e-05 8.3351e-09 1.1392e-07 3.2484e-06
2.8576e-07 0.029721 5.7143e-06 9.3196e-06 0.00048252 6.816e-05 9.2373e-09 1.0601e-07 1.3651e-06
2.9096e-07 0.0294 5.4322e-06 9.2127e-06 0.000489 6.6115e-05 1.4501e-08 9.6071e-08 1.0725e-06
3.0083e-07 0.029499 5.2037e-06 9.1523e-06 0.00049511 6.3986e-05 1.7771e-08 8.8221e-08 8.56e-07
3.1587e-07 0.028885 5.0202e-06 9.1328e-06 0.00050218 6.2039e-05 2.2313e-08 8.2173e-08 6.9644e-07
3.3767e-07 0.026931 4.8784e-06 9.1573e-06 0.00051044 6.0279e-05 2.8847e-08 7.7952e-08 5.8473e-07
3.5602e-07 0.024511 4.7227e-06 9.1667e-06 0.00051829 5.8453e-05 3.3923e-08 7.2144e-08 4.4916e-07
3.8111e-07 0.023224 4.6005e-06 9.2163e-06 0.00052731 5.6787e-05 3.1395e-08 6.7781e-08 3.4821e-07
4.0211e-07 0.02157 4.4637e-06 9.2483e-06 0.00053583 5.5049e-05 2.7446e-08 6.176e-08 2.2364e-07
4.306e-07 0.01711 4.3576e-06 9.3231e-06 0.00054561 5.3465e-05 1.1929e-08 5.7076e-08 1.2788e-07
4.5503e-07 0.016404 4.2393e-06 9.3657e-06 0.00055486 5.1809e-05 9.279e-09 5.0832e-08 1.3197e-07
4.7524e-07 0.01679 4.1067e-06 9.3891e-06 0.00056356 5.0075e-05 1.2356e-08 4.2937e-08 1.2258e-07
5.0326e-07 0.016826 4.0038e-06 9.4627e-06 0.00057182 4.8272e-05 1.4074e-08 3.6331e-08 1.1869e-07
5.2717e-07 0.016738 3.8892e-06 9.5187e-06 0.00057504 4.7435e-05 1.9969e-08 4.5913e-08 1.0213e-07
5.4669e-07 0.018178 3.7607e-06 9.5541e-06 0.00057797 4.655e-05 2.4397e-08 5.3774e-08 1.7573e-07
5.6532e-07 0.019607 3.6311e-06 9.5885e-06 0.0005809 4.5659e-05 2.8244e-08 6.0853e-08 2.4135e-07
5.8306e-07 0.021025 3.5002e-06 9.6219e-06 0.00058381 4.4761e-05 3.1509e-08 6.715e-08 2.9899e-07
5.999e-07 0.022432 3.3681e-06 9.6542e-06 0.00058671 4.3857e-05 3.4191e-08 7.2665e-08 3.4864e-07
6.1586e-07 0.023828 3.2348e-06 9.6855e-06 0.0005896 4.2946e-05 3.6292e-08 7.7399e-08 3.9031e-07
6.3092e-07 0.025213 3.1002e-06 9.7158e-06 0.00059248 4.2029e-05 3.7812e-08 8.135e-08 4.24e-07
6.4508e-07 0.026587 2.9644e-06 9.745e-06 0.00059534 4.1105e-05 3.8749e-08 8.452e-08 4.4971e-07
6.5836e-07 0.027951 2.8274e-06 9.7732e-06 0.0005982 4.0175e-05 3.9105e-08 8.6907e-08 4.6744e-07
6.7074e-07 0.029303 2.6892e-06 9.8004e-06 0.00060104 3.9238e-05 3.8878e-08 8.8513e-08 4.7718e-07
6.8223e-07 0.030644 2.5498e-06 9.8266e-06 0.00060388 3.8295e-05 3.807e-08 8.9337e-08 4.7895e-07
6.895e-07 0.031832 2.396e-06 9.835e-06 0.00060643 3.7303e-05 3.5842e-08 8.8483e-08 4.6253e-07
7.0437e-07 0.032059 2.272e-06 9.885e-06 0.00060964 3.6405e-05 3.5089e-08 8.9072e-08 4.636e-07
7.1531e-07 0.032206 2.1365e-06 9.919e-06 0.0006126 3.5465e-05 3.3051e-08 8.8096e-08 4.4788e-07
7.2239e-07 0.03221 1.9888e-06 9.9371e-06 0.00061531 3.4484e-05 2.9706e-08 8.5551e-08 4.1522e-07
6.838e-07 0.032638 1.8697e-06 9.7664e-06 0.00061869 3.3593e-05 2.7776e-08 8.4442e-08 3.9967e-07
6.4003e-07 0.032904 1.7395e-06 9.5722e-06 0.00062181 3.2662e-05 2.4596e-08 8.1779e-08 3.6765e-07
5.9011e-07 0.033002 1.5961e-06 9.3493e-06 0.00062464 3.1684e-05 2.0024e-08 7.7906e-08 3.1753e-07
5.518e-07 0.03355 1.4796e-06 9.1914e-06 0.00062816 3.0796e-05 1.6788e-08 7.5425e-08 2.8377e-07
5.6268e-07 0.033716 1.3089e-06 8.9274e-06 0.00063251 3.0003e-05 1.5045e-08 6.8178e-08 3.3601e-07
5.8086e-07 0.033649 1.1697e-06 8.5346e-06 0.00063653 2.9167e-05 1.2066e-08 6.256e-08 3.1993e-07
5.8992e-07 0.034006 9.9174e-07 8.2426e-06 0.00064133 2.8411e-05 9.9122e-09 6.8367e-08 3.1827e-07
6.0616e-07 0.033649 8.4555e-07 8.0291e-06 0.00064052 2.7761e-05 8.4007e-09 7.5714e-08 3.2981e-07
6.1819e-07 0.033086 6.856e-07 7.7851e-06 0.00063943 2.7063e-05 1.0117e-08 8.1314e-08 3.2484e-07
5.9026e-07 0.032988 5.5475e-07 7.6089e-06 0.00063807 2.6324e-05 1.0599e-08 8.8609e-08 3.3326e-07
5.5726e-07 0.032719 4.1722e-07 7.42e-06 0.00063646 2.5545e-05 1.0061e-08 9.4096e-08 3.2512e-07
5.3413e-07 0.03291 3.0603e-07 6.8213e-06 0.0006355 2.4848e-05 1.0126e-08 1.017e-07 3.3275e-07
5.1938e-07 0.033647 2.1597e-07 6.3832e-06 0.00063516 2.4227e-05 1.0801e-08 1.1174e-07 3.5688e-07
4.9965e-07 0.034163 2.1116e-07 5.892e-06 0.00063458 2.357e-05 1.0453e-08 1.1972e-07 3.6398e-07
4.7553e-07 0.034481 2.0402e-07 5.8647e-06 0.00063374 2.2872e-05 1.8684e-08 1.2573e-07 3.5408e-07
4.5957e-07 0.035421 2.0077e-07 5.6659e-06 0.00063353 2.2249e-05 1.9634e-08 1.3466e-07 3.6104e-07
4.4007e-07 0.036143 1.9455e-07 5.444e-06 0.00063311 2.1595e-05 1.9498e-08 1.4175e-07 3.5246e-07
4.1655e-07 0.036656 1.8514e-07 5.1937e-06 0.00064596 2.0882e-05 1.8203e-08 1.4689e-07 3.2728e-07
3.9968e-07 0.037775 1.7886e-07 4.3986e-06 0.00066055 2.0233e-05 1.7732e-08 1.5424e-07 3.1543e-07
3.7948e-07 0.03866 1.6971e-07 3.5297e-06 0.00067443 1.9549e-05 1.6092e-08 1.5978e-07 2.8859e-07
3.6585e-07 0.040441 1.6385e-07 2.8761e-06 0.00069032 1.8932e-05 1.5325e-08 1.6791e-07 2.7552e-07
3.5798e-07 0.043814 1.6101e-07 2.3829e-06 0.0007085 1.8377e-05 1.5342e-08 1.7893e-07 2.7483e-07
3.4696e-07 0.046546 1.5529e-07 1.8391e-06 0.00072585 1.7791e-05 1.4302e-08 1.8786e-07 2.5916e-07
3.3257e-07 0.047347 1.4654e-07 1.4254e-06 0.00074544 1.7258e-05 1.3897e-08 1.9441e-07 2.5573e-07
3.2686e-07 0.04791 1.4331e-07 9.2804e-07 0.00076424 1.6698e-05 1.2485e-08 1.8561e-07 2.9891e-07
3.1809e-07 0.048144 1.3722e-07 8.2919e-07 0.00078545 1.6189e-05 1.1714e-08 1.7462e-07 3.2078e-07
3.1286e-07 0.048778 1.328e-07 7.5052e-07 0.00080884 1.5718e-05 1.1251e-08 1.6566e-07 3.5182e-07
3.1067e-07 0.049889 1.2972e-07 6.8698e-07 0.00083445 1.528e-05 1.1006e-08 1.5836e-07 3.9215e-07
3.0659e-07 0.050864 1.246e-07 6.1851e-07 0.0008595 1.4824e-05 9.9742e-09 1.4968e-07 4.2006e-07
3.0574e-07 0.052501 1.2092e-07 5.6403e-07 0.00088726 1.4404e-05 9.1878e-09 1.4269e-07 4.6066e-07
3.0791e-07 0.055075 1.1849e-07 5.2051e-07 0.00091767 1.4015e-05 8.5676e-09 1.3715e-07 5.1411e-07
3.0821e-07 0.057388 1.1436e-07 4.7316e-07 0.00094745 1.3609e-05 7.184e-09 1.303e-07 5.544e-07
3.1142e-07 0.060919 1.1132e-07 4.3504e-07 0.00097997 1.3231e-05 5.905e-09 1.2474e-07 6.0835e-07
3.1759e-07 0.066268 1.093e-07 4.0466e-07 0.0010154 1.288e-05 4.6665e-09 1.2034e-07 6.7819e-07
3.2692e-07 0.06739 1.0829e-07 3.8091e-07 0.0010221 1.2564e-05 3.421e-09 1.1705e-07 7.6716e-07
3.3437e-07 0.068365 1.0535e-07 3.5433e-07 0.0010286 1.2233e-05 7.2762e-09 1.1275e-07 8.4156e-07
3.4494e-07 0.069972 1.0327e-07 3.3341e-07 0.0010359 1.1924e-05 1.1581e-08 1.0942e-07 9.3621e-07
3.5384e-07 0.071435 9.9415e-08 3.1014e-07 0.001043 1.1603e-05 1.5097e-08 1.0498e-07 1.0175e-06
3.61e-07 0.072747 9.3718e-08 2.8434e-07 0.0010499 1.1268e-05 1.7804e-08 9.9405e-08 1.0848e-06
3.6642e-07 0.073919 8.6181e-08 2.5597e-07 0.0010566 1.092e-05 1.9709e-08 9.2685e-08 1.1383e-06
3.5013e-07 0.074958 9.4995e-08 2.2494e-07 0.0010632 1.0559e-05 2.0815e-08 9.9086e-08 1.1734e-06
3.3727e-07 0.076645 1.048e-07 1.9928e-07 0.0010705 1.0219e-05 2.2366e-08 1.0646e-07 1.2283e-06
3.2275e-07 0.078186 1.1279e-07 1.7134e-07 0.0010777 9.867e-06 2.3139e-08 1.1272e-07 1.27e-06
3.0641e-07 0.079568 1.1889e-07 1.409e-07 0.0010858 9.5396e-06 2.2367e-08 1.1783e-07 1.2979e-06
2.9294e-07 0.081642 1.2584e-07 1.1474e-07 0.0010945 9.2293e-06 2.1949e-08 1.2379e-07 1.3436e-06
2.8245e-07 0.084793 1.3396e-07 9.2646e-08 0.0011028 8.8895e-06 2.2167e-08 1.3088e-07 1.4116e-06
2.7035e-07 0.087702 1.4022e-07 6.8483e-08 0.0011109 8.5373e-06 2.1612e-08 1.3682e-07 1.4659e-06
2.6105e-07 0.092063 1.4779e-07 4.7805e-08 0.0011198 8.2052e-06 2.1496e-08 1.4398e-07 1.5445e-06
2.5408e-07 0.098321 1.5654e-07 2.963e-08 0.0011296 7.8902e-06 2.1733e-08 1.523e-07 1.6472e-06
2.4977e-07 0.099607 1.6706e-07 1.4009e-08 0.0011279 7.604e-06 2.2512e-08 1.6222e-07 1.4717e-06
2.4383e-07 0.11477 1.7554e-07 1.605e-08 0.0011261 7.305e-06 2.2474e-08 1.7086e-07 1.2783e-06
2.4042e-07 0.13747 1.8589e-07 1.8167e-08 0.0011248 7.0244e-06 2.2953e-08 1.812e-07 1.1223e-06
2.3541e-07 0.1584 1.942e-07 5.6057e-08 0.0011233 6.7313e-06 2.2623e-08 1.9025e-07 9.4992e-07
2.288e-07 0.17773 2.0049e-07 9.1365e-08 0.0011218 6.4258e-06 2.1487e-08 1.9802e-07 7.6106e-07
2.2463e-07 0.20658 2.0872e-07 1.3328e-07 0.0011208 6.138e-06 6.7918e-09 2.0758e-07 6.0525e-07
2.1888e-07 0.23322 2.149e-07 1.7238e-07 0.0011196 5.8376e-06 6.0001e-09 2.1583e-07 4.3396e-07
2.1154e-07 0.25786 2.1903e-07 2.0874e-07 0.0011184 5.5249e-06 4.4963e-09 2.2278e-07 2.4689e-07
2.0657e-07 0.29458 2.2519e-07 2.5257e-07 0.0011176 5.2293e-06 2.9967e-09 2.3162e-07 8.8832e-08
2.0001e-07 0.3289 2.2926e-07 2.9266e-07 0.0011168 4.921e-06 5.8371e-09 2.391e-07 8.6526e-08
1.9571e-07 0.38007 2.3544e-07 3.4136e-07 0.0011164 4.6291e-06 8.9383e-09 2.4859e-07 8.389e-08
1.9356e-07 0.45656 2.4386e-07 4.0046e-07 0.0011166 4.3526e-06 1.2447e-08 2.6027e-07 8.0775e-08
1.8978e-07 0.52633 2.5004e-07 4.5552e-07 0.0011166 4.0634e-06 1.512e-08 2.7045e-07 2.1486e-07
1.8783e-07 0.54272 2.5823e-07 5.2181e-07 0.0011165 3.7572e-06 1.8311e-08 2.8269e-07 2.1315e-07
1.8791e-07 0.54639 2.6889e-07 6.0235e-07 0.0011168 3.4659e-06 2.2164e-08 2.9744e-07 2.1529e-07
1.8643e-07 0.5497 2.7732e-07 6.7823e-07 0.001117 3.1625e-06 2.5146e-08 3.1068e-07 2.0681e-07
1.8688e-07 0.55484 2.8822e-07 7.6995e-07 0.0011178 2.8723e-06 2.8866e-08 3.2651e-07 2.0174e-07
1.8587e-07 0.55956 2.97e-07 8.5713e-07 0.0011184 2.5709e-06 3.1738e-08 3.409e-07 1.8647e-07
1.8679e-07 0.56008 3.084e-07 8.5484e-07 0.0011066 2.3039e-06 3.5866e-08 3.5808e-07 1.7458e-07
1.8627e-07 0.56045 3.1768e-07 8.4988e-07 0.0010946 2.0262e-06 3.9125e-08 3.7381e-07 1.5264e-07
1.8432e-07 0.56068 3.2487e-07 8.4227e-07 0.0010824 1.7376e-06 4.1524e-08 3.8812e-07 1.2066e-07
1.8086e-07 0.56074 3.2987e-07 8.3178e-07 0.00107 1.4377e-06 4.3031e-08 4.0092e-07 2.1414e-07
1.759e-07 0.56065 3.3269e-07 8.184e-07 0.0010573 1.1266e-06 4.3649e-08 4.1223e-07 2.9539e-07
1.7278e-07 0.56131 3.3804e-07 8.1197e-07 0.0010458 8.2609e-07 4.5144e-08 4.2627e-07 3.9004e-07
1.6824e-07 0.56182 3.4129e-07 8.0291e-07 0.001034 5.1414e-07 4.5762e-08 4.3888e-07 4.7251e-07
1.6228e-07 0.56224 3.4246e-07 7.9122e-07 0.0010206 5.1602e-07 4.549e-08 4.5006e-07 5.4288e-07
1.5809e-07 0.56348 3.4618e-07 7.8627e-07 0.0010084 5.1513e-07 4.6108e-08 4.1048e-07 6.2858e-07
1.525e-07 0.56455 3.4784e-07 7.7877e-07 0.00099596 5.0574e-07 4.5877e-08 3.6909e-07 7.0189e-07
1.4553e-07 0.56547 3.4742e-07 7.6871e-07 0.00098333 4.8784e-07 4.4797e-08 3.2587e-07 7.6292e-07
1.3716e-07 0.56624 3.4494e-07 7.5608e-07 0.00097049 4.6146e-07 4.2868e-08 2.8081e-07 8.1175e-07
1.2739e-07 0.56686 3.4039e-07 7.4089e-07 0.00095744 4.2657e-07 4.0089e-08 2.3389e-07 8.4845e-07
1.1907e-07 0.56823 3.3798e-07 7.3154e-07 0.0009454 3.8838e-07 3.8037e-08 1.9155e-07 8.9855e-07
1.1206e-07 0.57052 3.3769e-07 7.278e-07 0.00093428 3.468e-07 3.6644e-08 1.5328e-07 9.6354e-07
1.0363e-07 0.57257 3.3523e-07 7.2138e-07 0.00092295 2.9662e-07 3.4388e-08 1.1319e-07 1.0152e-06
9.6626e-08 0.57588 3.3524e-07 7.2117e-07 0.0009126 2.4339e-07 3.2872e-08 7.7245e-08 1.0858e-06
8.8211e-08 0.57889 3.3306e-07 7.1828e-07 0.00090204 1.8159e-07 3.0502e-08 8.0867e-08 1.1426e-06
7.8391e-08 0.58161 3.287e-07 7.1269e-07 0.00088987 2.3841e-07 2.7239e-08 8.3405e-08 1.1857e-06
6.7151e-08 0.58407 3.2254e-07 7.0438e-07 0.00087747 2.8669e-07 2.3108e-08 8.4857e-08 1.2151e-06
5.7269e-08 0.58795 3.1884e-07 7.023e-07 0.00086612 3.3174e-07 1.9686e-08 8.6967e-08 1.2644e-06
4.6066e-08 0.59152 3.1308e-07 6.9771e-07 0.00085458 3.6833e-07 1.5452e-08 8.8024e-08 1.3005e-06
3.3522e-08 0.5948 3.0523e-07 6.9058e-07 0.00084283 3.9644e-07 1.0394e-08 8.8023e-08 1.3234e-06
2.225e-08 0.59988 2.9992e-07 6.8982e-07 0.00083213 4.2156e-07 5.9751e-09 8.8739e-08 1.3678e-06
9.5828e-09 0.60452 2.9237e-07 6.8622e-07 0.00082118 4.3793e-07 8.0983e-09 8.8331e-08 1.3976e-06
1.0449e-08 0.60869 2.8196e-07 6.7932e-07 0.00080992 4.453e-07 9.4226e-09 8.6689e-08 1.4112e-06
1.1193e-08 0.61525 2.7462e-07 6.7985e-07 0.00079982 4.5045e-07 1.1041e-08 8.5989e-08 1.4512e-06
1.0773e-08 0.62114 2.6465e-07 6.7679e-07 0.00078949 4.4617e-07 1.1807e-08 8.4009e-08 1.4735e-06
2.4447e-08 0.62638 2.5147e-07 6.6971e-07 0.00078045 4.4113e-07 1.1134e-08 8.065e-08 1.4769e-06
4.0479e-08 0.63491 2.4213e-07 6.7173e-07 0.00077256 4.3497e-07 1.0943e-08 7.8552e-08 1.5138e-06
4.5307e-08 0.64227 2.5304e-07 6.6724e-07 0.00076426 4.1883e-07 9.7908e-09 8.5108e-08 1.4754e-06
5.1289e-08 0.65372 2.6745e-07 6.7117e-07 0.00075698 4.0118e-07 9.0188e-09 9.3081e-08 1.4676e-06
5.8959e-08 0.67264 2.864e-07 6.8484e-07 0.00075073 3.8261e-07 8.6636e-09 1.0297e-07 1.4939e-06
6.8476e-08 0.67873 3.1003e-07 7.1197e-07 0.00074401 3.5294e-07 9.1683e-09 1.1488e-07 1.3128e-06
8.0656e-08 0.68944 3.3987e-07 7.5248e-07 0.00073828 3.2243e-07 1.0126e-08 1.0858e-07 1.1828e-06
9.5683e-08 0.70733 3.7606e-07 8.0763e-07 0.00073337 2.9022e-07 1.1515e-08 1.0386e-07 1.0891e-06
1.083e-07 0.72229 4.0791e-07 8.5539e-07 0.00072693 3.704e-07 1.186e-08 9.7488e-08 9.7234e-07
1.2423e-07 0.7273 3.9428e-07 9.2068e-07 0.00071989 4.3654e-07 1.3355e-08 9.2621e-08 8.8817e-07
1.4454e-07 0.72854 3.8576e-07 1.0093e-06 0.00069347 5.0774e-07 1.5638e-08 8.9286e-08 8.3382e-07
1.624e-07 0.72948 3.7416e-07 1.0895e-06 0.00067007 5.8136e-07 1.6226e-08 8.4549e-08 7.6192e-07
1.8375e-07 0.73135 3.66e-07 1.1895e-06 0.00064877 6.5486e-07 1.7247e-08 8.0745e-08 7.0921e-07
2.0886e-07 0.73442 3.6086e-07 1.3117e-06 0.00062927 7.2805e-07 1.8685e-08 7.7705e-08 6.7196e-07
2.3199e-07 0.73721 3.5341e-07 1.4274e-06 0.00060939 7.9197e-07 1.9311e-08 7.3542e-08 6.2175e-07
2.5919e-07 0.74152 3.4876e-07 1.568e-06 0.00059116 8.5554e-07 2.0362e-08 7.0055e-08 5.8507e-07
2.9055e-07 0.74782 3.4645e-07 1.7351e-06 0.0005743 9.1824e-07 2.1781e-08 6.7052e-08 5.586e-07
3.197e-07 0.75356 3.4186e-07 1.8939e-06 0.0005571 9.7162e-07 2.2372e-08 6.295e-08 5.1972e-07
3.4665e-07 0.75879 3.3494e-07 2.0445e-06 0.00053956 1.0156e-06 2.2126e-08 5.7733e-08 4.6816e-07
3.783e-07 0.76646 3.3056e-07 2.2255e-06 0.00052341 1.0593e-06 2.2318e-08 5.3051e-08 4.2727e-07
4.0736e-07 0.77342 3.236e-07 2.396e-06 0.00050685 1.0931e-06 2.1618e-08 7.4745e-08 3.7293e-07
4.4265e-07 0.77491 3.1988e-07 2.6079e-06 0.00049188 1.1282e-06 2.1553e-08 9.9289e-08 3.3144e-07
4.3396e-07 0.77428 3.197e-07 2.8742e-06 0.00047844 1.1654e-06 2.2192e-08 1.2746e-07 3.0152e-07
4.2273e-07 0.77342 3.1666e-07 3.1213e-06 0.00046452 1.1918e-06 2.184e-08 1.5346e-07 2.5775e-07
4.0851e-07 0.77226 3.1043e-07 3.3471e-06 0.00045001 1.2068e-06 2.0405e-08 1.7707e-07 3.7251e-07
4.0003e-07 0.77211 3.0864e-07 3.646e-06 0.00043725 1.2259e-06 1.9919e-08 1.7536e-07 3.6666e-07
3.8883e-07 0.77183 3.0386e-07 3.9216e-06 0.00042196 1.6017e-06 1.8337e-08 1.7198e-07 3.4645e-07
3.8216e-07 0.77233 3.0261e-07 4.2708e-06 0.0004083 2.0006e-06 1.7463e-08 1.7048e-07 3.3729e-07
3.797e-07 0.77376 3.0483e-07 4.3484e-06 0.0003961 2.4249e-06 1.7224e-08 1.7082e-07 3.3851e-07
3.7479e-07 0.77489 3.0417e-07 4.4157e-06 0.00038344 2.8312e-06 1.6022e-08 1.6957e-07 3.2609e-07
3.7396e-07 0.7772 3.0695e-07 4.513e-06 0.00037212 3.264e-06 1.5413e-08 1.7012e-07 3.2364e-07
3.7068e-07 0.77909 3.0683e-07 4.5987e-06 0.00036038 3.6782e-06 1.3848e-08 1.6908e-07 3.0757e-07
3.7218e-07 0.78044 3.109e-07 4.6495e-06 0.00034811 4.0717e-06 1.1199e-08 1.7026e-07 3.0911e-07
3.7087e-07 0.78144 3.1171e-07 4.6891e-06 0.00033528 4.4448e-06 7.4655e-09 1.6966e-07 2.9596e-07
3.7468e-07 0.78382 3.1708e-07 4.7611e-06 0.00032121 4.7771e-06 4.9355e-09 1.7143e-07 2.9568e-07
3.4301e-07 0.78495 3.2713e-07 4.7653e-06 0.0003063 5.0841e-06 4.904e-09 1.7561e-07 3.1118e-07
3.1845e-07 0.78741 3.4192e-07 4.7967e-06 0.00029312 5.418e-06 5.0077e-09 1.8214e-07 3.3959e-07
2.9004e-07 0.78931 3.5288e-07 4.8159e-06 0.00027927 5.7304e-06 4.238e-09 1.8664e-07 3.5161e-07
2.6873e-07 0.78943 3.6957e-07 4.7123e-06 0.00026706 6.0717e-06 3.6106e-09 1.6978e-07 3.8187e-07
2.4412e-07 0.78925 3.8257e-07 4.5938e-06 0.00025429 6.3927e-06 2.1562e-09 1.5061e-07 3.9613e-07
2.2528e-07 0.78999 4.0112e-07 4.5126e-06 0.00024303 6.7439e-06 7.6276e-10 1.3492e-07 4.2631e-07
2.0299e-07 0.79038 4.1546e-07 4.4158e-06 0.00023115 7.0713e-06 9.4186e-10 1.1682e-07 4.3874e-07
1.8726e-07 0.78913 4.3584e-07 4.0758e-06 0.00022069 7.4308e-06 8.6004e-10 1.0194e-07 4.6874e-07
1.7635e-07 0.789 4.6394e-07 3.8277e-06 0.00021162 7.8296e-06 5.4213e-10 9.01e-08 5.2201e-07
1.6281e-07 0.78855 4.8769e-07 3.5521e-06 0.00020211 8.205e-06 1.3416e-09 7.6331e-08 5.6176e-07
1.5357e-07 0.78604 5.2e-07 3.3537e-06 0.00019386 8.622e-06 2.0571e-09 6.5233e-08 4.8705e-07
1.4803e-07 0.78504 5.6231e-07 3.2117e-06 0.00018671 9.084e-06 2.7698e-09 5.6305e-08 4.3916e-07
1.3997e-07 0.78386 5.9899e-07 3.0499e-06 0.00017917 9.5191e-06 2.6729e-09 4.5578e-08 3.7162e-07
1.2933e-07 0.78221 6.3025e-07 2.8666e-06 0.0001788 9.8806e-06 1.7481e-09 3.2995e-08 2.8355e-07
1.2224e-07 0.78179 6.7198e-07 2.7354e-06 0.00017874 1.0285e-05 8.173e-10 2.2444e-08 2.2015e-07
1.1229e-07 0.78104 7.065e-07 2.5856e-06 0.00017857 1.0665e-05 1.4839e-09 2.4127e-08 2.6778e-07
1.0518e-07 0.78123 7.5101e-07 2.4755e-06 0.00017884 1.0554e-05 2.0157e-09 2.6226e-08 3.3242e-07
1.0089e-07 0.78257 8.0858e-07 2.4e-06 0.00017943 1.0473e-05 2.5071e-09 2.8949e-08 4.2304e-07
9.4551e-08 0.78352 8.6008e-07 2.3132e-06 0.00018036 1.0424e-05 1.9556e-09 3.0431e-08 4.9431e-07
9.0455e-08 0.78578 9.2457e-07 2.253e-06 0.00018161 1.04e-05 1.3097e-09 3.2444e-08 5.9291e-07
8.84e-08 0.79016 1.0044e-06 2.2153e-06 0.00018318 1.0401e-05 5.1015e-10 3.5062e-08 7.272e-07
8.4266e-08 0.79359 1.076e-06 2.1675e-06 0.0001846 1.0381e-05 7.8725e-10 3.6325e-08 8.3515e-07
7.0946e-08 0.79618 1.2924e-06 2.1058e-06 0.00018585 1.0339e-05 3.1688e-09 4.6439e-08 9.0739e-07
6.0766e-08 0.80151 1.56e-06 2.0688e-06 0.00018748 1.0326e-05 6.0649e-09 5.8668e-08 1.0207e-06
7.3073e-08 0.80582 1.805e-06 2.0266e-06 0.00018896 1.0294e-05 7.9969e-09 6.9111e-08 1.1096e-06
8.3042e-08 0.80922 2.0303e-06 1.9745e-06 0.0001903 1.0242e-05 8.9392e-09 7.7731e-08 1.1732e-06
9.0749e-08 0.81186 2.2373e-06 1.9119e-06 0.00019148 1.0168e-05 8.9055e-09 8.4573e-08 1.2124e-06
1.117e-07 0.81357 2.3249e-06 1.8145e-06 0.00019246 1.0068e-05 1.2782e-08 1.0247e-07 1.1779e-06
1.2991e-07 0.81488 2.4035e-06 1.7045e-06 0.00019332 9.9488e-06 1.5785e-08 1.1823e-07 1.1209e-06
1.5226e-07 0.81747 2.5017e-06 1.6217e-06 0.00019447 9.8523e-06 1.974e-08 1.3694e-07 1.0933e-06
1.7241e-07 0.8197 2.5931e-06 1.5314e-06 0.00019553 9.7408e-06 2.2697e-08 1.5388e-07 1.0487e-06
1.9045e-07 0.82162 2.6781e-06 1.4333e-06 0.00019649 9.6145e-06 2.4685e-08 1.6913e-07 9.8709e-07
2.0628e-07 0.82325 2.7562e-06 1.3259e-06 0.00019736 9.4723e-06 2.5667e-08 1.826e-07 9.0701e-07
1.9211e-07 0.82279 2.8542e-06 1.2435e-06 0.00019848 9.3488e-06 2.7617e-08 1.9896e-07 8.5566e-07
1.7619e-07 0.82218 2.9468e-06 1.1556e-06 0.00019953 9.2125e-06 2.869e-08 2.1384e-07 7.9016e-07
1.6263e-07 0.82213 3.0544e-06 1.083e-06 0.00020078 9.0897e-06 3.0327e-08 2.3078e-07 7.3991e-07
1.474e-07 0.82196 3.1567e-06 1.0056e-06 0.00020196 8.9544e-06 3.1099e-08 2.4625e-07 6.7628e-07
1.3049e-07 0.82166 3.2539e-06 9.2318e-07 0.00020308 8.8069e-06 3.1012e-08 2.6028e-07 5.9924e-07
1.1602e-07 0.82194 3.3681e-06 8.5589e-07 0.00020443 8.674e-06 3.1588e-08 2.767e-07 5.3781e-07
1.0002e-07 0.82212 3.4774e-06 7.8455e-07 0.00020571 8.5295e-06 3.1339e-08 2.9174e-07 4.6408e-07
8.7755e-08 0.82215 3.6192e-06 7.0198e-07 0.00020692 8.3727e-06 3.0215e-08 2.805e-07 4.5311e-07
7.7185e-08 0.82277 3.7833e-06 6.3425e-07 0.00020837 8.2304e-06 2.9762e-08 2.7143e-07 4.5103e-07
6.521e-08 0.82329 3.9415e-06 5.6243e-07 0.00020976 8.0764e-06 2.848e-08 2.6102e-07 4.3768e-07
5.4758e-08 0.82447 4.1246e-06 5.0366e-07 0.00021139 7.9371e-06 2.7857e-08 2.5272e-07 4.3324e-07
4.5657e-08 0.82654 4.3369e-06 4.5617e-07 0.00021328 7.8128e-06 2.7905e-08 2.4649e-07 4.3816e-07
3.8218e-08 0.82639 4.3367e-06 2.5886e-07 0.00021119 7.7353e-06 2.9159e-08 2.4302e-07 4.5706e-07
2.9354e-08 0.8261 4.3312e-06 2.4263e-07 0.00020902 7.6446e-06 2.9488e-08 2.3804e-07 4.6322e-07
2.1558e-08 0.82283 4.341e-06 2.3119e-07 0.00020714 7.5699e-06 3.0667e-08 2.3523e-07 4.8133e-07
2.915e-08 0.81918 4.3437e-06 2.1707e-07 0.00020517 7.4814e-06 3.0874e-08 2.3083e-07 4.8606e-07
3.7914e-08 0.81691 4.3616e-06 2.0722e-07 0.00020348 7.4081e-06 3.1937e-08 2.2849e-07 5.0286e-07
4.5266e-08 0.8144 4.3744e-06 2.6827e-07 0.00020172 7.3222e-06 3.2085e-08 2.2473e-07 5.0707e-07
5.1029e-08 0.80354 4.3803e-06 3.4752e-07 0.00020022 7.2507e-06 3.3097e-08 2.1857e-07 5.3138e-07
5.7532e-08 0.79598 4.3985e-06 4.4146e-07 0.00019893 7.1897e-06 3.4759e-08 2.1395e-07 5.6562e-07
6.27e-08 0.78774 4.4121e-06 5.3023e-07 0.00019758 7.1169e-06 3.5536e-08 2.0799e-07 5.8745e-07
6.8812e-08 0.75144 4.439e-06 6.3707e-07 0.00019645 7.0556e-06 3.7083e-08 2.0364e-07 6.2122e-07
7.3593e-08 0.70964 4.4614e-06 7.3803e-07 0.00019554 7.0055e-06 3.968e-08 1.9801e-07 6.4264e-07
7.9358e-08 0.68125 4.4972e-06 8.5908e-07 0.00019482 6.966e-06 4.3198e-08 1.9386e-07 6.7625e-07
8.3851e-08 0.65073 4.5289e-06 9.7496e-07 0.00019406 6.9158e-06 4.5852e-08 1.8853e-07 6.9815e-07
8.7027e-08 0.61758 4.5564e-06 1.0852e-06 0.00019323 6.8545e-06 4.7607e-08 1.8196e-07 7.0786e-07
8.889e-08 0.58159 4.5795e-06 1.1901e-06 0.00019235 6.7821e-06 4.8468e-08 1.7414e-07 7.0541e-07
8.9441e-08 0.54252 4.5984e-06 1.2896e-06 0.00019141 6.6986e-06 4.8435e-08 1.6508e-07 6.9078e-07
9.0974e-08 0.51596 4.6305e-06 1.4098e-06 0.00019066 6.6255e-06 4.9325e-08 1.5746e-07 6.8826e-07
9.3521e-08 0.49793 4.6764e-06 1.5545e-06 0.00019012 6.5625e-06 5.1175e-08 1.5115e-07 6.9775e-07
9.4746e-08 0.47834 4.7178e-06 1.6925e-06 0.00018951 6.4885e-06 5.2119e-08 1.4364e-07 6.951e-07
9.7018e-08 0.46506 4.7735e-06 1.8585e-06 0.0001891 6.4244e-06 5.4067e-08 1.3737e-07 7.0457e-07
9.8014e-08 0.45077 4.825e-06 2.0179e-06 0.00018864 6.3499e-06 5.5141e-08 1.2997e-07 7.0241e-07
9.7731e-08 0.4354 4.8724e-06 2.1708e-06 0.00018812 6.2647e-06 5.5343e-08 1.2142e-07 6.8861e-07
9.6168e-08 0.41884 4.9157e-06 2.3172e-06 0.00018755 6.169e-06 5.467e-08 1.1172e-07 6.6313e-07
9.3262e-08 0.40081 4.9543e-06 2.4566e-06 0.00018693 6.0621e-06 5.3071e-08 1.0081e-07 6.253e-07
8.8987e-08 0.38108 4.9883e-06 2.5887e-06 0.00018624 5.9438e-06 5.0525e-08 8.8643e-08 5.7483e-07
8.5917e-08 0.36812 5.0378e-06 2.7516e-06 0.00018576 5.8369e-06 4.911e-08 7.7872e-08 5.3803e-07
8.4023e-08 0.35968 5.1044e-06 2.9525e-06 0.00018549 5.7416e-06 4.8802e-08 6.8353e-08 5.1379e-07
6.2704e-08 0.33629 5.2045e-06 3.2323e-06 0.00018555 5.6666e-06 5.0468e-08 6.1082e-08 3.3969e-07
6.66e-08 0.30768 5.2877e-06 3.4838e-06 0.00018548 5.5751e-06 5.0728e-08 5.1886e-08 3.5596e-07
6.8535e-08 0.27173 5.3586e-06 3.7067e-06 0.00018527 5.4657e-06 4.9462e-08 4.0886e-08 3.601e-07
7.2427e-08 0.17736 5.2904e-06 4.009e-06 0.00018484 5.3268e-06 5.0891e-08 3.1681e-08 3.849e-07
7.4399e-08 0.1646 5.2107e-06 4.2807e-06 0.00018428 5.1709e-06 5.0897e-08 3.7319e-08 3.9334e-07
7.4514e-08 0.16323 5.1197e-06 4.5249e-06 0.00018359 4.9979e-06 4.9488e-08 4.1568e-08 3.8946e-07
7.32e-08 0.16137 5.0154e-06 4.7414e-06 0.00018276 4.8064e-06 4.6543e-08 4.4371e-08 3.6844e-07
7.4124e-08 0.16063 4.9381e-06 5.0296e-06 0.00018227 4.637e-06 4.5641e-08 4.8043e-08 3.619e-07
7.6902e-08 0.16077 4.8861e-06 5.4149e-06 0.00018207 4.4867e-06 4.6482e-08 5.2804e-08 2.2849e-07
7.7891e-08 0.16066 4.8249e-06 5.7674e-06 0.00018177 4.3207e-06 4.6025e-08 5.6181e-08 2.5567e-07
7.7223e-08 0.16033 4.7554e-06 6.0951e-06 0.00018136 4.14e-06 4.4371e-08 5.8272e-08 2.6958e-07
7.7735e-08 0.16062 4.7041e-06 6.4985e-06 0.00018118 3.9718e-06 4.387e-08 6.1016e-08 2.9086e-07
7.9647e-08 0.15894 4.6714e-06 6.5784e-06 0.00017637 3.8383e-06 4.5065e-08 6.4623e-08 3.229e-07
8.0209e-08 0.15706 4.6338e-06 6.6512e-06 0.00017146 3.6938e-06 4.5329e-08 6.7136e-08 3.4345e-07
8.1548e-08 0.15591 4.6089e-06 6.7481e-06 0.00016693 3.5558e-06 4.6387e-08 7.0091e-08 3.6995e-07
8.1625e-08 0.15462 4.5799e-06 6.8387e-06 0.00016231 3.4076e-06 4.6583e-08 7.2011e-08 3.8558e-07
8.2608e-08 0.15397 4.5641e-06 6.9577e-06 0.00015809 3.2667e-06 4.7689e-08 7.4486e-08 4.0873e-07
8.2339e-08 0.15321 4.5444e-06 7.07e-06 0.00015378 3.1156e-06 4.794e-08 7.593e-08 4.2101e-07
8.0819e-08 0.15233 4.5208e-06 7.1759e-06 0.00014939 2.9544e-06 4.7336e-08 7.6346e-08 4.2243e-07
7.8045e-08 0.15132 4.4933e-06 7.2754e-06 0.00014491 2.7831e-06 4.5876e-08 7.5733e-08 4.1299e-07
7.6165e-08 0.1509 4.4789e-06 7.4048e-06 0.00014082 2.6188e-06 4.532e-08 7.5678e-08 4.1116e-07
7.2984e-08 0.15036 4.4601e-06 7.5263e-06 0.00013662 2.4439e-06 4.3868e-08 7.4553e-08 3.9803e-07
7.0689e-08 0.15037 4.4544e-06 7.6815e-06 0.0001328 2.276e-06 4.3316e-08 7.4008e-08 3.926e-07
6.9304e-08 0.15093 4.4622e-06 7.8769e-06 0.00012932 2.1149e-06 4.3703e-08 7.4096e-08 3.9536e-07
6.9106e-08 0.15224 4.2541e-06 7.8386e-06 0.00012622 1.962e-06 4.5248e-08 7.5025e-08 4.0874e-07
6.7473e-08 0.15334 4.0364e-06 7.792e-06 0.000123 1.7976e-06 4.5767e-08 7.4758e-08 4.0936e-07
6.4315e-08 0.15424 3.807e-06 7.7355e-06 0.00011966 1.6211e-06 4.519e-08 7.3227e-08 3.9645e-07
5.9279e-08 0.15451 3.5583e-06 7.657e-06 0.00011679 1.4575e-06 4.6785e-08 7.0158e-08 3.6642e-07
5.5822e-08 0.15325 3.3547e-06 7.6166e-06 0.00011431 1.3042e-06 3.8927e-08 6.8284e-08 3.5127e-07
5.379e-08 0.15297 3.1891e-06 7.3598e-06 0.00011219 1.1601e-06 3.3313e-08 6.7557e-08 3.4989e-07
4.9925e-08 0.15241 3.0075e-06 7.071e-06 0.00010991 1.0017e-06 2.6088e-08 6.5282e-08 3.3207e-07
4.7408e-08 0.1498 2.8604e-06 6.1574e-06 0.00010796 8.5206e-07 2.0781e-08 6.4134e-08 3.2765e-07
4.6338e-08 0.14198 2.7453e-06 5.4771e-06 0.00010635 7.1157e-07 1.7103e-08 6.4272e-08 3.3855e-07
4.3511e-08 0.1323 2.6177e-06 4.7216e-06 0.00010427 7.5781e-07 2.1385e-08 6.2883e-08 3.3311e-07
4.1824e-08 0.12682 2.5158e-06 4.1419e-06 0.00010255 8.0791e-07 2.03e-08 6.2555e-08 3.4073e-07
4.1362e-08 0.12387 2.4377e-06 3.7071e-06 0.00010113 8.6138e-07 1.0883e-08 6.3436e-08 3.6397e-07
3.9345e-08 0.12036 2.3513e-06 3.2336e-06 9.961e-05 9.0391e-07 1.1552e-08 6.2936e-08 3.7209e-07
3.8391e-08 0.11844 2.2851e-06 2.8728e-06 9.8359e-05 9.4936e-07 1.2808e-08 6.3543e-08 3.9551e-07
3.5943e-08 0.11618 2.2117e-06 2.4822e-06 9.7011e-05 9.8407e-07 1.3129e-08 6.281e-08 4.0403e-07
3.1906e-08 0.11343 2.1298e-06 2.0544e-06 9.5554e-05 1.0076e-06 1.2471e-08 6.0658e-08 3.968e-07
2.8688e-08 0.11188 2.0651e-06 1.7189e-06 9.4331e-05 1.033e-06 1.2286e-08 5.9406e-08 4.0263e-07
2.617e-08 0.11112 2.0156e-06 1.4566e-06 9.3329e-05 1.0607e-06 1.2574e-08 5.9043e-08 4.2228e-07
2.4372e-08 0.10799 1.7981e-06 1.2545e-06 9.2545e-05 1.0911e-06 1.341e-08 5.9648e-08 4.584e-07
2.3166e-08 0.097941 1.6178e-06 1.0997e-06 8.8379e-05 1.1258e-06 1.4887e-08 6.125e-08 5.143e-07
1.9942e-08 0.093939 1.6213e-06 8.9771e-07 8.4758e-05 1.1651e-06 1.7485e-08 6.079e-08 5.4487e-07
1.5175e-08 0.089185 1.6186e-06 6.731e-07 8.0939e-05 1.1925e-06 1.8935e-08 5.8844e-08 5.5698e-07
2.1514e-08 0.083494 1.6094e-06 6.5256e-07 7.6913e-05 1.208e-06 1.9254e-08 5.5396e-08 5.5063e-07
2.918e-08 0.080256 1.6124e-06 6.4305e-07 7.3398e-05 1.2279e-06 2.0548e-08 5.3105e-08 5.6556e-07
3.5196e-08 0.076476 1.61e-06 6.2883e-07 6.9718e-05 1.2365e-06 2.0777e-08 4.9445e-08 5.6357e-07
3.9494e-08 0.071653 1.6015e-06 6.0872e-07 6.6513e-05 1.2498e-06 2.2429e-08 4.4314e-08 5.432e-07
4.5241e-08 0.068951 1.6052e-06 5.9925e-07 6.3722e-05 1.2676e-06 2.5321e-08 4.029e-08 5.4406e-07
4.9301e-08 0.065731 1.6034e-06 5.851e-07 6.1308e-05 1.2912e-06 2.6139e-08 3.491e-08 5.28e-07
5.1692e-08 0.061872 1.5961e-06 5.6609e-07 5.923e-05 1.3208e-06 2.4933e-08 2.8149e-08 4.9481e-07
5.2421e-08 0.057255 1.5831e-06 5.4211e-07 5.7036e-05 1.3388e-06 2.2569e-08 1.9978e-08 4.4413e-07
4.637e-08 0.056844 1.64e-06 5.0881e-07 5.47e-05 1.3446e-06 1.8873e-08 1.8337e-08 3.6178e-07
4.1839e-08 0.05499 1.6136e-06 4.8629e-07 5.2658e-05 1.3543e-06 1.6292e-08 1.6943e-08 3.0136e-07
3.8707e-08 0.054078 1.6002e-06 4.738e-07 5.0903e-05 1.3693e-06 1.4714e-08 1.5832e-08 2.5995e-07
3.3864e-08 0.052905 1.5805e-06 4.5644e-07 4.9031e-05 1.3721e-06 1.2273e-08 1.3558e-08 2.0171e-07
3.0252e-08 0.052403 1.5732e-06 4.4815e-07 4.7424e-05 1.38e-06 1.0643e-08 1.1515e-08 1.5905e-07
2.7481e-08 0.052337 1.5768e-06 4.4729e-07 4.6031e-05 1.392e-06 9.5299e-09 9.5338e-09 1.2603e-07
2.302e-08 0.052053 1.5735e-06 4.411e-07 4.4861e-05 1.4096e-06 9.2016e-09 1.574e-08 7.741e-08
1.9317e-08 0.052189 1.5811e-06 4.4228e-07 4.3867e-05 1.4316e-06 9.2516e-09 2.2653e-08 3.6735e-08
1.405e-08 0.052164 1.5825e-06 4.39e-07 4.2784e-05 1.4412e-06 8.3388e-09 2.8161e-08 4.7965e-08
1.5865e-08 0.051125 1.5597e-06 4.4489e-07 4.1891e-05 1.4566e-06 7.8992e-09 3.008e-08 6.3359e-08
1.8302e-08 0.047709 1.5495e-06 4.5996e-07 4.0853e-05 1.4535e-06 8.4593e-09 3.2669e-08 8.2042e-08
2.107e-08 0.045607 1.5489e-06 4.8289e-07 3.9962e-05 1.4537e-06 9.2906e-09 3.5731e-08 1.0319e-07
2.2621e-08 0.043372 1.5445e-06 5.0255e-07 3.9021e-05 1.4438e-06 9.3386e-09 3.7714e-08 1.1383e-07
2.4213e-08 0.041864 1.5469e-06 5.2824e-07 3.8179e-05 1.4343e-06 9.4498e-09 3.987e-08 1.2466e-07
2.5832e-08 0.040866 1.5557e-06 5.6038e-07 3.7427e-05 1.4248e-06 9.599e-09 4.2184e-08 1.3567e-07
2.6302e-08 0.039753 1.5613e-06 5.8953e-07 3.6635e-05 1.4059e-06 9.0154e-09 4.3487e-08 1.367e-07
2.6892e-08 0.039082 1.574e-06 6.265e-07 3.5937e-05 1.3876e-06 8.5139e-09 4.5044e-08 1.3874e-07
2.7615e-08 0.038751 1.594e-06 6.725e-07 3.5327e-05 1.3697e-06 8.0733e-09 4.6877e-08 1.4183e-07
2.9395e-08 0.038324 1.4964e-06 7.0903e-07 3.4681e-05 1.3426e-06 6.9058e-09 5.0119e-08 1.5389e-07
3.1383e-08 0.038196 1.4115e-06 7.548e-07 3.4119e-05 1.3158e-06 5.7715e-09 5.3751e-08 1.6776e-07
3.3507e-08 0.038319 1.3368e-06 8.1009e-07 3.363e-05 1.2886e-06 4.57e-09 5.7705e-08 1.8294e-07
3.5929e-08 0.03806 1.2725e-06 8.3154e-07 3.3097e-05 1.2513e-06 6.5838e-09 6.2164e-08 2.0292e-07
3.857e-08 0.038055 1.2165e-06 8.6006e-07 3.2634e-05 1.2134e-06 8.6355e-09 6.7053e-08 2.2538e-07
4.002e-08 0.037983 1.1571e-06 8.8549e-07 3.2136e-05 1.1663e-06 9.9511e-09 7.0872e-08 2.3734e-07
4.1718e-08 0.036322 1.1053e-06 8.3105e-07 3.1706e-05 1.1185e-06 1.1352e-08 7.5163e-08 2.5229e-07
4.382e-08 0.035245 1.0613e-06 7.8722e-07 3.1349e-05 1.0707e-06 1.2955e-08 8.0116e-08 2.7178e-07
4.4721e-08 0.034052 1.0142e-06 7.3995e-07 3.0958e-05 1.0138e-06 1.3804e-08 8.3979e-08 2.806e-07
4.4422e-08 0.032733 9.6395e-07 6.8918e-07 3.0534e-05 9.4778e-07 1.3901e-08 8.6756e-08 2.7876e-07
4.4408e-08 0.031855 9.2023e-07 6.4714e-07 3.0172e-05 8.8086e-07 1.4142e-08 9.0084e-08 2.8041e-07
4.481e-08 0.031343 8.833e-07 6.136e-07 2.988e-05 8.136e-07 1.4615e-08 9.4155e-08 2.8685e-07
4.4044e-08 0.030761 8.4359e-07 5.7725e-07 2.9558e-05 7.3744e-07 1.4351e-08 9.7159e-08 2.8292e-07
4.2067e-08 0.030093 8.0082e-07 5.3773e-07 2.9201e-05 6.5213e-07 1.3324e-08 9.9048e-08 2.682e-07
4.0544e-08 0.02975 7.6473e-07 5.0634e-07 2.8915e-05 5.6662e-07 1.2555e-08 1.0177e-07 2.5864e-07
3.774e-08 0.02932 7.2525e-07 4.7147e-07 2.8465e-05 6.8239e-07 1.0948e-08 1.0328e-07 2.3934e-07
3.5328e-08 0.029161 6.9182e-07 4.4374e-07 2.8096e-05 8.0021e-07 9.5644e-09 1.0561e-07 2.2444e-07
3.3397e-08 0.029294 6.6464e-07 4.2306e-07 2.7685e-05 9.0756e-07 6.8861e-09 1.09e-07 2.1476e-07
3.0345e-08 0.029348 6.3447e-07 4.0001e-07 2.7235e-05 1.005e-06 1.0716e-08 1.112e-07 1.9509e-07
2.6075e-08 0.029335 6.0136e-07 3.7413e-07 2.6748e-05 1.0928e-06 1.3723e-08 1.1222e-07 1.6461e-07
2.2099e-08 0.029575 5.7345e-07 3.5394e-07 2.6332e-05 1.1817e-06 1.72e-08 1.1413e-07 1.3758e-07
1.6952e-08 0.02975 5.4287e-07 3.3121e-07 2.5883e-05 1.2612e-06 1.986e-08 1.149e-07 1.002e-07
1.1898e-08 0.030171 5.1644e-07 3.1295e-07 2.5493e-05 1.3411e-06 2.2958e-08 1.164e-07 6.42e-08
5.6911e-09 0.030521 4.8741e-07 2.9227e-07 2.507e-05 1.4115e-06 2.5225e-08 1.1676e-07 1.8081e-08
7.9346e-09 0.030802 4.5455e-07 2.6911e-07 2.4614e-05 1.4725e-06 2.6664e-08 1.1578e-07 2.2061e-08
9.9026e-09 0.031384 4.2626e-07 2.5064e-07 2.4223e-05 1.5348e-06 2.8697e-08 1.1568e-07 2.162e-08
1.082e-08 0.031895 3.9557e-07 2.2998e-07 2.3802e-05 1.5878e-06 2.9925e-08 1.145e-07 1.2448e-08
3.2141e-08 0.038602 3.6012e-07 2.0598e-07 2.3348e-05 1.6314e-06 3.0306e-08 1.1167e-07 3.4284e-08
5.5708e-08 0.04812 3.2855e-07 1.8583e-07 2.295e-05 1.6755e-06 3.1189e-08 1.0956e-07 5.3434e-08
8.2345e-08 0.062131 3.0093e-07 1.6946e-07 2.2613e-05 1.721e-06 3.272e-08 1.0828e-07 7.1118e-08
1.0721e-07 0.075025 2.7089e-07 1.5094e-07 2.2245e-05 1.7571e-06 3.3409e-08 1.0589e-07 7.9342e-08
1.3513e-07 0.093297 2.4397e-07 1.3534e-07 2.1928e-05 1.7938e-06 3.4655e-08 1.0416e-07 8.5784e-08
1.612e-07 0.11011 2.1471e-07 1.1768e-07 2.1581e-05 1.8211e-06 3.5054e-08 1.0132e-07 8.2729e-08
1.912e-07 0.13487 1.887e-07 1.0297e-07 2.129e-05 1.85e-06 3.6158e-08 9.9268e-08 7.8793e-08
2.1938e-07 0.15788 1.6053e-07 8.6388e-08 2.0971e-05 1.8696e-06 3.6443e-08 9.6151e-08 2.1237e-07
2.5202e-07 0.19174 1.3527e-07 7.2347e-08 2.0708e-05 1.891e-06 3.7458e-08 9.3792e-08 3.6746e-07
2.8274e-07 0.22322 1.079e-07 5.65e-08 2.0416e-05 1.903e-06 3.7649e-08 9.0374e-08 5.0889e-07
3.1157e-07 0.2525 7.842e-08 3.8829e-08 2.0095e-05 1.9059e-06 3.7016e-08 8.5894e-08 6.3682e-07
3.4472e-07 0.29403 5.1207e-08 2.3084e-08 1.9822e-05 1.9096e-06 3.6996e-08 8.2002e-08 7.8633e-07
3.7508e-07 0.33214 5.8797e-08 2.848e-08 1.9518e-05 1.9037e-06 3.611e-08 7.6983e-08 9.2036e-07
4.0332e-07 0.36717 6.462e-08 3.2338e-08 1.9184e-05 1.8883e-06 3.4356e-08 7.0855e-08 1.0394e-06
4.2959e-07 0.39969 6.8726e-08 3.4704e-08 1.882e-05 1.8636e-06 3.1765e-08 6.3655e-08 1.1443e-06
4.5373e-07 0.42954 7.1055e-08 3.5525e-08 1.8424e-05 1.8292e-06 2.8283e-08 5.5321e-08 1.2343e-06
4.8307e-07 0.47408 7.3914e-08 3.6916e-08 1.8087e-05 1.7971e-06 2.5609e-08 4.78e-08 1.3514e-06
5.1893e-07 0.54273 7.7541e-08 3.9105e-08 1.7814e-05 1.7682e-06 2.3733e-08 4.1096e-08 1.5046e-06
5.2986e-07 0.60149 1.0039e-07 3.9228e-08 1.7491e-05 1.7272e-06 2.0712e-08 4.2831e-08 1.6227e-06
5.4672e-07 0.6194 1.2701e-07 4.0595e-08 1.7246e-05 1.6914e-06 1.8667e-08 4.5237e-08 1.789e-06
5.7239e-07 0.65226 1.2608e-07 4.3724e-08 1.7088e-05 1.6624e-06 1.7644e-08 4.8776e-08 1.7393e-06
6.0873e-07 0.66479 1.2763e-07 4.8952e-08 1.6873e-05 1.6195e-06 1.8212e-08 5.3485e-08 1.7344e-06
6.4078e-07 0.67517 1.2663e-07 5.1975e-08 1.661e-05 1.5644e-06 1.7732e-08 5.6787e-08 1.7058e-06
6.6828e-07 0.6836 1.2291e-07 5.2678e-08 1.6293e-05 1.4964e-06 1.6133e-08 5.8609e-08 1.6512e-06
6.5251e-07 0.68653 1.2141e-07 5.5296e-08 1.5907e-05 1.4125e-06 1.8413e-08 6.1475e-08 1.6359e-06
6.3317e-07 0.68889 1.174e-07 5.5737e-08 1.5472e-05 1.3162e-06 1.9625e-08 6.2947e-08 1.5977e-06
6.2148e-07 0.69362 1.1567e-07 5.8309e-08 1.5127e-05 1.2271e-06 2.1891e-08 6.5632e-08 1.6003e-06
6.0643e-07 0.69753 1.1147e-07 5.8694e-08 1.4734e-05 1.126e-06 2.3059e-08 6.6915e-08 1.5805e-06
5.8795e-07 0.70074 1.0478e-07 5.6889e-08 1.4293e-05 1.0128e-06 2.3137e-08 6.6797e-08 1.5382e-06
4.9949e-07 0.70699 1.0049e-07 5.7278e-08 1.394e-05 9.0664e-07 2.4345e-08 6.7958e-08 1.5368e-06
4.2974e-07 0.70896 9.83e-08 5.996e-08 1.353e-05 7.8624e-07 2.7112e-08 7.0456e-08 1.5771e-06
3.9243e-07 0.7104 1.0411e-07 6.016e-08 1.32e-05 6.7196e-07 2.8189e-08 6.9372e-08 1.5885e-06
3.4997e-07 0.71347 1.0702e-07 6.2431e-08 1.294e-05 5.6215e-07 3.0464e-08 6.6191e-08 1.6479e-06
3.032e-07 0.71592 1.0749e-07 6.2454e-08 1.2531e-05 6.1229e-07 3.1457e-08 6.1559e-08 1.6835e-06
2.5195e-07 0.71787 1.0553e-07 6.0254e-08 1.2075e-05 6.5195e-07 3.1279e-08 5.5474e-08 1.6962e-06
2.5943e-07 0.71932 1.0071e-07 5.5668e-08 1.1567e-05 6.8075e-07 2.9845e-08 4.7779e-08 1.6838e-06
2.6422e-07 0.72036 9.3287e-08 4.866e-08 1.1005e-05 6.9875e-07 2.7145e-08 3.848e-08 1.6465e-06
2.7291e-07 0.72273 8.7614e-08 4.3628e-08 1.0521e-05 7.1731e-07 2.56e-08 3.0446e-08 1.6459e-06
2.7882e-07 0.72455 7.9379e-08 3.6251e-08 9.9859e-06 7.25e-07 2.2821e-08 2.0862e-08 1.6205e-06
2.7113e-07 0.72588 8.5874e-08 2.6303e-08 9.3962e-06 7.217e-07 1.8743e-08 1.885e-08 1.561e-06
2.6755e-07 0.72874 9.4187e-08 1.8338e-08 8.8851e-06 7.1926e-07 1.5825e-08 1.7102e-08 1.5399e-06
2.6802e-07 0.73419 1.0468e-07 1.1824e-08 8.4465e-06 7.178e-07 1.3826e-08 1.5573e-08 1.2811e-06
2.6578e-07 0.73842 1.1246e-07 1.4418e-08 7.961e-06 7.0561e-07 1.0713e-08 1.2876e-08 1.3248e-06
2.6085e-07 0.7418 1.176e-07 1.5252e-08 7.313e-06 8.9544e-07 6.3909e-09 9.0222e-09 1.3454e-06
2.5295e-07 0.76591 1.1993e-07 1.4192e-08 6.6035e-06 1.0695e-06 7.2462e-09 3.9384e-09 1.3408e-06
2.4187e-07 0.7851 1.1937e-07 1.1284e-08 5.8338e-06 1.229e-06 7.1556e-09 4.4599e-09 1.3109e-06
2.3565e-07 0.79225 1.2136e-07 8.9651e-09 5.1649e-06 1.4007e-06 7.4787e-09 4.7518e-09 1.3207e-06
2.3339e-07 0.80542 1.2559e-07 6.8694e-09 4.5741e-06 1.584e-06 8.1471e-09 4.7705e-09 1.3664e-06
2.2796e-07 0.81566 1.2668e-07 1.2463e-08 4.7433e-06 1.7286e-06 7.772e-09 1.1566e-08 1.3827e-06
2.2639e-07 0.81936 1.3007e-07 1.913e-08 4.9513e-06 1.8842e-06 7.7526e-09 1.9149e-08 1.4363e-06
2.2859e-07 0.82718 1.3589e-07 2.7389e-08 5.1134e-06 2.0209e-06 8.2514e-09 2.7794e-08 1.5319e-06
2.411e-07 0.83299 1.2212e-07 3.1732e-08 5.2371e-06 2.1426e-06 7.7528e-09 4.1607e-08 1.7686e-06
2.4764e-07 0.83757 1.3929e-07 3.388e-08 5.3227e-06 2.2494e-06 6.2795e-09 5.1943e-08 1.9638e-06
2.5851e-07 0.84603 1.6036e-07 3.742e-08 5.4459e-06 2.3666e-06 5.145e-09 6.4201e-08 2.2367e-06
2.666e-07 0.85294 1.7815e-07 3.8866e-08 5.5338e-06 2.4699e-06 3.116e-09 7.4689e-08 2.47e-06
2.717e-07 0.85843 1.9247e-07 3.8103e-08 5.5836e-06 2.5584e-06 4.7094e-09 8.332e-08 2.6622e-06
2.8123e-07 0.86848 2.1086e-07 3.8756e-08 5.6712e-06 2.6573e-06 6.613e-09 9.3964e-08 2.9372e-06
2.879e-07 0.8767 2.2678e-07 3.7326e-08 5.7234e-06 2.7423e-06 7.5976e-09 1.0281e-07 3.1708e-06
2.918e-07 0.88339 2.3939e-07 3.3797e-08 7.0292e-06 2.7973e-06 7.6527e-09 1.0988e-07 3.3651e-06
2.9376e-07 0.88871 2.4843e-07 2.7999e-08 8.2514e-06 2.8376e-06 6.7531e-09 1.1508e-07 3.5182e-06
2.927e-07 0.89291 2.54e-07 3.9569e-08 9.3927e-06 2.8632e-06 4.8829e-09 1.1843e-07 3.6315e-06
2.9604e-07 0.89426 2.6354e-07 5.4447e-08 1.0686e-05 2.8989e-06 3.3339e-09 1.2369e-07 3.8206e-06
3.0407e-07 0.89456 2.7756e-07 5.7183e-08 1.2152e-05 2.9451e-06 2.0208e-09 1.3126e-07 3.7928e-06
3.0924e-07 0.89462 2.8816e-07 5.7623e-08 1.3531e-05 2.9771e-06 3.3474e-09 1.37e-07 3.7318e-06
3.2697e-07 0.89371 3.1307e-07 6.4949e-08 1.5098e-05 3.0196e-06 4.8593e-09 1.3354e-07 3.5241e-06
3.4169e-07 0.89251 3.344e-07 6.9912e-08 1.658e-05 3.0487e-06 5.5304e-09 1.2838e-07 3.2784e-06
3.5355e-07 0.891 3.5231e-07 7.2593e-08 2.5917e-05 3.0498e-06 5.3617e-09 1.2156e-07 2.9937e-06
3.7042e-07 0.89034 3.7508e-07 7.742e-08 3.6358e-05 3.0595e-06 5.2963e-09 1.1649e-07 2.7872e-06
3.937e-07 0.88725 4.0406e-07 8.5075e-08 4.817e-05 3.0793e-06 5.3978e-09 1.1324e-07 2.6503e-06
4.139e-07 0.88363 4.295e-07 9.0377e-08 5.9557e-05 3.0865e-06 4.6976e-09 1.0848e-07 2.4853e-06
4.4063e-07 0.87097 4.0672e-07 9.8355e-08 7.2274e-05 3.1019e-06 4.0671e-09 1.0519e-07 2.3739e-06
4.6381e-07 0.86958 3.8029e-07 1.0362e-07 8.4445e-05 3.1035e-06 7.9217e-09 1.0034e-07 2.2341e-06
4.8388e-07 0.86791 3.5042e-07 1.0654e-07 9.613e-05 3.094e-06 1.0819e-08 9.402e-08 2.0677e-06
5.0989e-07 0.86707 3.2542e-07 1.1187e-07 0.00010909 3.0913e-06 1.4294e-08 8.8927e-08 1.9471e-06
5.3339e-07 0.86608 2.9777e-07 1.1521e-07 0.00012172 3.078e-06 1.6909e-08 8.2612e-08 1.8075e-06
5.5449e-07 0.86493 2.6746e-07 1.1659e-07 0.00022905 3.051e-06 1.8681e-08 7.5082e-08 1.6488e-06
5.7329e-07 0.86361 2.3451e-07 1.1605e-07 0.00033428 3.0136e-06 1.9628e-08 6.6345e-08 1.4709e-06
5.8983e-07 0.86212 1.9891e-07 1.1359e-07 0.00043752 2.9657e-06 1.9755e-08 5.6398e-08 1.2736e-06
6.0383e-07 0.86026 1.6024e-07 1.0893e-07 0.00055079 2.9237e-06 2.0577e-08 7.0615e-08 1.0528e-06
6.2246e-07 0.85917 1.2556e-07 1.0608e-07 0.00067383 2.886e-06 2.1819e-08 8.6305e-08 8.7063e-07
6.4614e-07 0.85869 9.4268e-08 1.0493e-07 0.00080751 2.8524e-06 2.3534e-08 1.0372e-07 7.1972e-07
6.6745e-07 0.85808 6.0537e-08 1.0192e-07 0.00093863 2.8084e-06 2.4405e-08 1.1972e-07 5.5207e-07
6.8637e-07 0.85733 2.4285e-08 9.7014e-08 0.0010671 2.7541e-06 2.4426e-08 1.3431e-07 3.6686e-07
6.9987e-07 0.8608 2.1911e-08 8.9297e-08 0.0011924 2.6884e-06 2.3512e-08 1.4625e-07 3.956e-07
7.1072e-07 0.8639 1.7795e-08 7.9433e-08 0.0013146 2.6116e-06 2.1674e-08 1.5668e-07 4.1126e-07
7.2681e-07 0.86861 1.3443e-08 7.1565e-08 0.0014481 2.5397e-06 2.0388e-08 1.6888e-07 4.3638e-07
7.4945e-07 0.87616 8.8946e-09 6.5727e-08 0.0015734 2.4482e-06 2.0008e-08 1.8345e-07 4.7445e-07
7.6828e-07 0.88281 1.5301e-08 5.784e-08 0.0016952 2.3451e-06 1.8709e-08 1.9626e-07 4.9837e-07
7.9437e-07 0.89362 2.1805e-08 5.1825e-08 0.0018303 2.2491e-06 1.8024e-08 2.1178e-07 5.372e-07
8.1728e-07 0.90312 2.6497e-08 4.3847e-08 0.0019617 2.1416e-06 1.6437e-08 2.2554e-07 5.6164e-07
8.3536e-07 0.91116 7.3959e-08 3.3541e-08 0.0020882 2.021e-06 1.3807e-08 2.3712e-07 5.694e-07
8.6312e-07 0.91378 1.3079e-07 2.5653e-08 0.0022321 1.9108e-06 1.2048e-08 2.525e-07 5.9872e-07
8.4375e-07 0.91451 2.0078e-07 1.9713e-08 0.0023973 1.8114e-06 1.1059e-08 2.7264e-07 6.5449e-07
8.1948e-07 0.91439 2.6398e-07 1.7887e-08 0.0025847 1.7206e-06 1.0721e-08 2.8952e-07 8.8999e-07
8.0534e-07 0.91502 3.4213e-07 1.6922e-08 0.0026471 1.6411e-06 1.1025e-08 3.1242e-07 9.3109e-07
7.8647e-07 0.91539 4.1268e-07 1.4437e-08 0.0027064 1.548e-06 1.03e-08 3.3222e-07 9.4954e-07
7.9389e-07 0.91517 4.3814e-07 1.6304e-08 0.0027415 1.599e-06 7.1739e-09 3.7631e-07 8.7818e-07
7.9639e-07 0.91561 4.5835e-07 1.8876e-08 0.0027515 1.662e-06 4.7261e-09 4.1352e-07 8.4584e-07
8.0763e-07 0.91693 4.8624e-07 2.2461e-08 0.0027635 1.733e-06 2.7689e-09 4.5992e-07 8.4322e-07
8.1453e-07 0.91793 5.0946e-07 2.4063e-08 0.0027747 1.7906e-06 4.2448e-09 5.0186e-07 8.1966e-07
8.3036e-07 0.92009 5.4093e-07 2.6795e-08 0.002788 1.8565e-06 6.0486e-09 5.54e-07 8.2441e-07
8.4221e-07 0.92185 5.6797e-07 2.7616e-08 0.0028006 1.9098e-06 6.9646e-09 6.0182e-07 8.1018e-07
8.5013e-07 0.92328 5.9066e-07 2.6532e-08 0.0028127 1.9506e-06 7.0013e-09 6.455e-07 7.768e-07
8.5414e-07 0.92457 6.0907e-07 2.3522e-08 0.002824 1.98e-06 6.1528e-09 6.8517e-07 7.238e-07
8.6719e-07 0.92718 6.3591e-07 2.1659e-08 0.0028227 2.0243e-06 5.6557e-09 7.3526e-07 6.9922e-07
8.7622e-07 0.92955 6.5825e-07 1.7917e-08 0.0028209 2.0559e-06 4.292e-09 7.8096e-07 6.5585e-07
8.8123e-07 0.93062 6.7613e-07 1.9213e-08 0.0028204 2.0948e-06 3.2034e-09 8.2226e-07 5.8411e-07
8.9536e-07 0.93285 7.0269e-07 2.137e-08 0.002821 2.1424e-06 2.2476e-09 8.7449e-07 5.3978e-07
9.0504e-07 0.93463 7.2426e-07 2.1611e-08 0.0028212 2.1762e-06 4.2685e-09 9.217e-07 4.758e-07
9.2422e-07 0.93827 7.5513e-07 2.2781e-08 0.0028209 2.1951e-06 6.9581e-09 9.8104e-07 4.3555e-07
9.3892e-07 0.94159 7.809e-07 2.2046e-08 0.0028202 2.2009e-06 8.6691e-09 1.0351e-06 3.7715e-07
9.4941e-07 0.94435 8.0187e-07 1.9431e-08 0.0028191 2.1938e-06 9.4409e-09 1.0843e-06 3.0041e-07
9.5581e-07 0.9465 8.1818e-07 1.4831e-08 0.0028191 2.1947e-06 1.0947e-08 1.1291e-06 2.0446e-07
9.7092e-07 0.95033 8.4305e-07 1.1038e-08 0.0028202 2.2031e-06 1.3087e-08 1.1848e-06 1.3044e-07
9.8234e-07 0.95362 8.6361e-07 5.5094e-09 0.0028211 2.1995e-06 1.4269e-08 1.2363e-06 1.617e-07
9.8973e-07 0.95639 8.7952e-07 7.5441e-09 0.0028215 2.1833e-06 1.4452e-08 1.2832e-06 1.8166e-07
1.0057e-06 0.96112 9.0395e-07 9.6437e-09 0.0028231 2.1742e-06 1.527e-08 1.3413e-06 2.1031e-07
1.018e-06 0.96524 9.2418e-07 3.4124e-08 0.0028243 2.1533e-06 1.5155e-08 1.3953e-06 2.2599e-07
1.027e-06 0.96888 9.4032e-07 5.5784e-08 0.0028252 2.1207e-06 1.4112e-08 1.4453e-06 2.2892e-07
9.7102e-07 0.97492 9.6628e-07 8.2933e-08 0.0028272 2.0949e-06 1.3676e-08 1.4269e-06 2.4087e-07
9.2736e-07 0.97662 1.0017e-06 1.172e-07 0.0028141 2.0771e-06 1.3787e-08 1.4161e-06 2.6231e-07
8.9361e-07 0.97947 1.0469e-06 1.5999e-07 0.0028027 2.0647e-06 1.4377e-08 1.4122e-06 2.9374e-07
8.5608e-07 0.98195 1.0875e-06 1.9872e-07 0.0027908 2.0409e-06 1.4074e-08 1.4053e-06 3.1173e-07
8.1467e-07 0.984 1.1234e-06 2.3334e-07 0.0027803 2.0223e-06 1.4437e-08 1.3956e-06 3.1641e-07
7.8231e-07 0.98452 1.1693e-06 2.2993e-07 0.0027313 2.022e-06 1.552e-08 1.3924e-06 3.315e-07
7.5691e-07 0.98541 1.2248e-06 2.3003e-07 0.0026864 2.0249e-06 1.7031e-08 1.395e-06 3.55e-07
7.2916e-07 0.98622 1.2767e-06 2.2805e-07 0.0026408 2.0182e-06 1.7751e-08 1.3955e-06 3.6717e-07
6.9886e-07 0.98696 1.3249e-06 2.239e-07 0.0025944 2.0015e-06 1.7663e-08 1.3939e-06 3.6774e-07
6.66e-07 0.98764 1.3695e-06 2.176e-07 0.0025471 1.975e-06 1.6771e-08 1.3902e-06 3.5677e-07
6.3872e-07 0.98757 1.4222e-06 2.141e-07 0.0025037 1.951e-06 1.6251e-08 1.3911e-06 3.5167e-07
6.0902e-07 0.98747 1.4712e-06 2.085e-07 0.0024595 1.9171e-06 1.4939e-08 1.39e-06 3.3519e-07
5.8439e-07 0.98754 1.5287e-06 2.0549e-07 0.0024186 1.8847e-06 1.3861e-08 1.3935e-06 3.2409e-07
5.5762e-07 0.98757 1.5826e-06 2.0052e-07 0.0023771 1.8428e-06 1.2023e-08 1.3951e-06 3.0213e-07
5.356e-07 0.98777 1.6458e-06 1.9809e-07 0.0023387 1.8022e-06 1.0385e-08 1.2921e-06 2.8524e-07
5.1842e-07 0.98819 1.7203e-06 1.9854e-07 0.0023035 1.7639e-06 8.9625e-09 1.202e-06 2.7424e-07
4.9901e-07 0.98854 1.7904e-06 1.9677e-07 0.0022052 1.8341e-06 9.804e-09 1.1081e-06 2.5336e-07
4.8368e-07 0.98912 1.8717e-06 1.9752e-07 0.0021142 1.9063e-06 1.0735e-08 1.0249e-06 2.3672e-07
4.7261e-07 0.99005 1.9669e-06 2.0123e-07 0.0020307 1.9819e-06 1.1871e-08 9.5236e-07 2.2499e-07
4.5944e-07 0.9909 2.0571e-06 2.0278e-07 0.0019457 2.0473e-06 1.2228e-08 8.7651e-07 2.0219e-07
4.5049e-07 0.99222 2.1631e-06 2.0753e-07 0.0018679 2.1167e-06 1.2852e-08 8.1072e-07 1.8425e-07
4.4544e-07 0.99426 2.2867e-06 2.1555e-07 0.0017968 2.1902e-06 1.3762e-08 7.5364e-07 1.7012e-07
4.4664e-07 0.99492 2.2855e-06 1.9339e-07 0.0017338 2.2725e-06 1.5393e-08 7.0827e-07 1.6453e-07
4.4505e-07 0.99548 2.2787e-06 1.6768e-07 0.0016686 2.3422e-06 1.6042e-08 6.5901e-07 1.4644e-07
4.4051e-07 0.99594 2.2658e-06 1.3799e-07 0.0016004 2.3983e-06 1.5583e-08 6.0546e-07 1.1537e-07
4.3259e-07 0.99631 2.2457e-06 1.0341e-07 0.0015288 2.4404e-06 1.4034e-08 5.4661e-07 1.7786e-07
4.3019e-07 0.99637 2.2395e-06 7.7004e-08 0.0014657 2.4914e-06 1.3192e-08 4.9832e-07 1.663e-07
3.8724e-07 0.99659 2.2474e-06 5.6702e-08 0.0014099 2.5515e-06 1.298e-08 4.5899e-07 1.6194e-07
3.5535e-07 0.99658 2.1542e-06 4.1613e-08 0.0013608 2.6217e-06 1.3591e-08 4.2816e-07 1.6616e-07
3.1926e-07 0.99653 2.0513e-06 2.3544e-08 0.0013095 2.6782e-06 1.3194e-08 3.9385e-07 1.5716e-07
2.9218e-07 0.99664 1.9722e-06 9.5959e-09 0.0012649 2.7466e-06 1.3556e-08 3.6695e-07 1.5654e-07
2.6084e-07 0.99671 1.8832e-06 9.3834e-09 0.001218 2.8003e-06 1.2845e-08 3.3647e-07 1.4194e-07
2.2498e-07 0.99672 1.7836e-06 7.4525e-09 0.0011767 2.8643e-06 1.2848e-08 3.0223e-07 1.1323e-07
1.9686e-07 0.99695 1.7049e-06 5.6624e-09 0.0011327 2.9106e-06 9.8396e-09 2.7586e-07 9.122e-08
2.1064e-07 0.9971 1.6157e-06 2.2243e-09 0.001086 2.9397e-06 1.1442e-08 2.4629e-07 5.6216e-08
2.2137e-07 0.9972 1.5161e-06 2.9469e-09 0.0010368 2.9541e-06 1.1984e-08 2.1311e-07 7.9536e-08
2.3669e-07 0.9971 1.4366e-06 3.4016e-09 0.0009935 2.9787e-06 1.3138e-08 1.8582e-07 1.0783e-07
2.4875e-07 0.99744 1.3474e-06 8.608e-09 0.0009479 2.9883e-06 1.3135e-08 1.5501e-07 1.2019e-07
2.3769e-07 0.99759 1.288e-06 8.9297e-09 0.00090774 3.0084e-06 1.3834e-08 1.3303e-07 1.4747e-07
2.3146e-07 0.99797 1.2444e-06 9.5164e-09 0.00086525 3.0124e-06 1.2869e-08 1.154e-07 1.8599e-07
2.1781e-07 0.99812 1.177e-06 1.2289e-08 0.00082784 3.0269e-06 1.2646e-08 1.1359e-07 1.8409e-07
2.0122e-07 0.99824 1.1049e-06 1.3333e-08 0.00078874 3.0275e-06 1.1417e-08 1.1009e-07 1.6853e-07
1.8919e-07 0.99851 1.0479e-06 1.4784e-08 0.00075429 3.0386e-06 1.0775e-08 1.0836e-07 1.6072e-07
1.741e-07 0.99873 9.8658e-07 1.4741e-08 0.00074887 3.0156e-06 9.0481e-09 1.0482e-07 1.3868e-07
1.6315e-07 0.99916 9.3857e-07 1.5149e-08 0.00074431 3.003e-06 7.8441e-09 1.0298e-07 1.236e-07
1.5625e-07 0.99931 9.0367e-07 1.6312e-08 0.00074056 3.0009e-06 7.0578e-09 8.3009e-08 3.2268e-08
1.4693e-07 0.99944 8.6315e-07 1.5691e-08 0.00073652 2.9849e-06 5.3479e-09 6.0661e-08 2.3216e-08
1.4129e-07 0.99949 8.3421e-07 1.7794e-08 0.00073212 2.9531e-06 5.3759e-09 4.2255e-08 1.3413e-08
1.3311e-07 0.99952 7.994e-07 1.7911e-08 0.00072733 2.9043e-06 8.2031e-09 2.1443e-08 2.8008e-08
1.2165e-07 0.99954 7.5611e-07 1.6041e-08 0.00072216 2.8406e-06 9.9684e-09 1.9286e-08 1.2225e-07
1.1337e-07 0.99948 7.2307e-07 1.4841e-08 0.00071794 2.7897e-06 1.2486e-08 1.7454e-08 1.3686e-07
1.0819e-07 0.99949 7.0001e-07 1.429e-08 0.00071449 2.7489e-06 1.5948e-08 1.5981e-08 1.5992e-07
1.0071e-07 0.99948 6.7168e-07 1.1914e-08 0.00071071 2.6936e-06 1.8199e-08 1.3313e-08 1.6886e-07
9.606e-08 0.99955 6.525e-07 1.0084e-08 0.00070774 2.6498e-06 2.1718e-08 1.094e-08 1.8724e-07
8.9349e-08 0.9996 6.2878e-07 6.5478e-09 0.0007045 2.5924e-06 2.4035e-08 7.4451e-09 1.9196e-07
8.5234e-08 0.99958 6.1357e-07 3.3989e-09 0.00070203 2.5464e-06 2.787e-08 4.1624e-09 2.0707e-07
7.9007e-08 0.99955 5.9358e-07 5.2984e-09 0.0006993 2.4868e-06 3.0414e-08 5.7174e-09 2.0747e-07
7.0739e-08 0.99952 5.6909e-07 5.6592e-09 0.00069631 2.4136e-06 3.1978e-08 6.2701e-09 1.9392e-07
6.0177e-08 0.99947 5.3941e-07 1.5701e-08 0.00069302 2.3256e-06 3.2178e-08 5.9068e-09 1.6495e-07
5.2245e-08 0.9995 5.1835e-07 2.8499e-08 0.00068937 2.221e-06 3.4185e-08 5.467e-09 1.4652e-07
4.6148e-08 0.99959 5.0407e-07 4.4694e-08 0.00067881 2.2003e-06 3.7873e-08 4.8019e-09 1.3507e-07
4.1817e-08 0.9996 4.9682e-07 6.6361e-08 0.00066977 2.1894e-06 3.3957e-08 3.9447e-09 1.3113e-07
3.5472e-08 0.9996 4.8462e-07 8.4432e-08 0.00066027 2.1655e-06 2.8613e-08 7.5227e-09 1.1216e-07
3.0462e-08 0.99953 4.7842e-07 1.0828e-07 0.000652 2.1493e-06 2.4958e-08 1.1259e-08 9.8601e-08
3.1295e-08 0.99939 4.4325e-07 1.1976e-07 0.00064499 2.1428e-06 2.3168e-08 2.0197e-08 5.2918e-08
3.0596e-08 0.99923 4.0322e-07 1.2818e-07 0.00063758 2.1232e-06 2.0178e-08 2.7686e-08 6.8112e-08
3.0696e-08 0.99916 3.7136e-07 1.4105e-07 0.00063121 2.1112e-06 1.829e-08 3.6357e-08 8.6189e-08
3.1604e-08 0.99893 3.4649e-07 1.6108e-07 0.00062575 2.1067e-06 1.7325e-08 3.4819e-08 1.0886e-07
3.0979e-08 0.99867 3.1746e-07 1.7738e-07 0.00061997 2.0894e-06 1.5263e-08 3.1981e-08 1.1891e-07
3.1161e-08 0.99856 2.9472e-07 2.0032e-07 0.00061505 2.0794e-06 1.4025e-08 2.9781e-08 1.3437e-07
2.9812e-08 0.9984 2.6804e-07 2.1891e-07 0.00061093 2.077e-06 1.3765e-08 2.63e-08 1.3691e-07
2.6922e-08 0.99842 2.373e-07 2.308e-07 0.00060753 2.0821e-06 1.4295e-08 2.152e-08 1.26e-07
2.4819e-08 0.99835 2.1253e-07 2.5073e-07 0.00060386 2.074e-06 1.3533e-08 1.7341e-08 1.2081e-07
2.3392e-08 0.99807 1.9279e-07 2.4212e-07 0.00060088 2.0732e-06 1.3436e-08 1.3613e-08 1.2069e-07
2.2567e-08 0.99795 1.7733e-07 2.3915e-07 0.0005976 2.0586e-06 1.2028e-08 1.0199e-08 1.2557e-07
2.2456e-08 0.99796 1.6606e-07 2.0242e-07 0.00059504 2.0529e-06 1.1375e-08 7.0758e-09 1.3738e-07
2.3053e-08 0.99778 1.5845e-07 1.7615e-07 0.00059316 2.0559e-06 1.1401e-08 4.1056e-09 1.5737e-07
2.4394e-08 0.99775 1.5416e-07 1.5787e-07 0.00059192 2.0678e-06 1.2104e-08 1.1571e-09 1.8768e-07
2.4165e-08 0.99769 1.4671e-07 1.3538e-07 0.00059043 2.0661e-06 1.1761e-08 1.1034e-09 2.03e-07
2.2365e-08 0.99759 1.3607e-07 1.0842e-07 0.00058869 2.0508e-06 1.0366e-08 3.6869e-09 2.0355e-07
9.3088e-09 0.99761 1.2836e-07 8.8101e-08 0.00058752 2.0427e-06 9.5207e-09 6.1398e-09 2.1303e-07
8.7927e-09 0.9976 1.1726e-07 6.3727e-08 0.0005861 2.021e-06 7.6472e-09 7.5124e-09 2.0766e-07
8.3877e-09 0.99752 1.0922e-07 2.5385e-08 0.00058441 1.985e-06 4.5617e-09 8.8876e-09 2.1864e-07
6.7305e-09 0.9974 9.8457e-08 2.0773e-08 0.00058249 1.9356e-06 5.673e-09 9.2164e-09 2.152e-07
5.1306e-09 0.99697 9.0415e-08 1.7449e-08 0.00058121 1.8952e-06 7.1961e-09 9.5578e-09 2.2306e-07
9.6504e-09 0.99643 7.9457e-08 1.2555e-08 0.00057971 1.842e-06 7.8003e-09 8.8397e-09 2.1675e-07
1.2747e-08 0.99578 6.5649e-08 1.8349e-08 0.00057799 1.7759e-06 7.4907e-09 1.7001e-08 1.9547e-07
1.64e-08 0.99547 5.4396e-08 2.5783e-08 0.00057689 1.7184e-06 7.611e-09 2.649e-08 1.851e-07
2.0848e-08 0.99485 4.5192e-08 3.7067e-08 0.00057554 1.647e-06 6.561e-09 3.7755e-08 1.8936e-07
2.374e-08 0.99406 3.3459e-08 4.5738e-08 0.00057395 1.5622e-06 4.549e-09 4.7295e-08 1.7939e-07
2.7534e-08 0.99369 2.3392e-08 5.7564e-08 0.00057296 1.4856e-06 2.9323e-09 5.8812e-08 1.7863e-07
3.2466e-08 0.99257 1.4539e-08 7.3616e-08 0.00057255 1.4165e-06 1.5268e-09 7.2788e-08 1.8701e-07
3.5636e-08 0.99121 1.8559e-08 8.6691e-08 0.00057195 1.3351e-06 2.572e-09 8.4863e-08 1.8198e-07
3.7156e-08 0.98953 2.0623e-08 9.6694e-08 0.00057112 1.2407e-06 2.8139e-09 9.5017e-08 1.6281e-07
3.6822e-08 0.98744 4.9483e-08 1.0373e-07 0.00057006 1.1333e-06 2.2565e-09 1.0319e-07 2.6913e-07
3.7427e-08 0.98134 5.429e-08 1.1431e-07 0.00056952 1.0316e-06 1.6256e-09 1.134e-07 4.0595e-07
3.6465e-08 0.97397 5.6882e-08 1.2196e-07 0.00056877 9.1731e-07 3.5786e-09 1.2181e-07 5.2014e-07
3.6435e-08 0.96512 6.0576e-08 1.2658e-07 0.00056782 7.9098e-07 4.699e-09 1.3282e-07 5.9753e-07
3.4995e-08 0.95476 6.2235e-08 1.2876e-07 0.00056672 6.5318e-07 5.0339e-09 1.4223e-07 6.5836e-07
3.4032e-08 0.94824 6.4445e-08 1.3349e-07 0.00056602 5.1864e-07 5.359e-09 1.5337e-07 7.3795e-07
3.1762e-08 0.94084 6.4742e-08 1.36e-07 0.00056467 5.6991e-07 4.9147e-09 1.6304e-07 8.0223e-07
2.9897e-08 0.9361 6.5559e-08 1.4106e-07 0.00056373 6.2028e-07 4.5378e-09 1.7451e-07 8.8668e-07
2.8488e-08 0.93317 6.7073e-08 1.4924e-07 0.00056322 6.7055e-07 4.1535e-09 1.8824e-07 9.9768e-07
2.5829e-08 0.9299 6.6712e-08 1.5518e-07 0.00056259 7.1131e-07 3.044e-09 2.0046e-07 1.0925e-06
2.3445e-08 0.9278 6.6852e-08 1.6404e-07 0.00056236 7.5137e-07 1.842e-09 2.1482e-07 1.2137e-06
1.9766e-08 0.9254 6.5023e-08 1.704e-07 0.00056197 7.814e-07 3.7017e-09 2.2749e-07 1.3163e-06
1.6335e-08 0.91573 6.3733e-08 1.801e-07 0.00056199 8.1101e-07 5.6288e-09 2.4253e-07 1.1914e-06
1.3824e-08 0.90435 6.4651e-08 1.846e-07 0.00057554 8.1837e-07 6.6191e-09 2.3573e-07 1.1761e-06
1.1349e-08 0.89695 6.6146e-08 1.9246e-07 0.0005905 8.2531e-07 7.7233e-09 2.3095e-07 1.1828e-06
2.1649e-08 0.88888 6.5711e-08 1.9816e-07 0.00060514 8.2308e-07 8.0855e-09 2.248e-07 1.1753e-06
3.0647e-08 0.88011 6.3519e-08 2.0181e-07 0.0006195 8.1184e-07 7.7214e-09 2.1735e-07 1.1541e-06
3.837e-08 0.8706 5.9582e-08 2.0345e-07 0.0006336 7.9163e-07 6.6358e-09 2.086e-07 1.1194e-06
4.4832e-08 0.86027 5.3902e-08 2.0309e-07 0.00064738 7.6214e-07 4.8171e-09 1.9856e-07 1.0713e-06
5.2137e-08 0.8534 4.8616e-08 2.0568e-07 0.00066246 7.315e-07 3.0431e-09 1.9028e-07 1.0423e-06
6.0462e-08 0.84885 4.3626e-08 2.1131e-07 0.00067893 6.996e-07 1.2302e-09 1.8363e-07 1.0314e-06
6.7408e-08 0.84386 3.6882e-08 2.1479e-07 0.00069506 6.5854e-07 2.1062e-09 1.7567e-07 1.0067e-06
7.5536e-08 0.8406 3.0368e-08 2.2147e-07 0.0007127 6.1619e-07 2.7664e-09 1.6927e-07 9.9971e-07
8.5087e-08 0.83854 2.3987e-08 2.3168e-07 0.00073201 5.7249e-07 3.2472e-09 1.6434e-07 1.0106e-06
9.3095e-08 0.83623 1.5845e-08 2.3947e-07 0.00074865 7.5148e-07 3.0172e-09 1.5806e-07 1.0069e-06
9.9285e-08 0.83354 2.3448e-08 2.4471e-07 0.00076488 9.193e-07 4.5743e-09 1.5034e-07 9.8795e-07
1.0714e-07 0.83197 3.1294e-08 2.5398e-07 0.00078275 1.0926e-06 6.1971e-09 1.4421e-07 9.887e-07
1.1348e-07 0.83019 3.7375e-08 2.6087e-07 0.00080023 1.2553e-06 7.0756e-09 1.3677e-07 9.753e-07
1.1821e-07 0.82814 4.1629e-08 2.6518e-07 0.00081727 1.4069e-06 7.1849e-09 1.2793e-07 9.4657e-07
1.2127e-07 0.82575 4.4022e-08 2.6679e-07 0.00083384 1.5472e-06 6.508e-09 1.1759e-07 9.0166e-07
1.2619e-07 0.81674 4.6795e-08 2.7288e-07 0.0008368 1.6985e-06 5.9564e-09 1.0898e-07 8.7807e-07
1.3355e-07 0.8056 5.0277e-08 2.7139e-07 0.00083951 1.837e-06 4.5477e-09 1.0221e-07 8.8639e-07
1.4371e-07 0.79913 5.4609e-08 2.752e-07 0.00084294 1.9849e-06 3.3147e-09 9.7075e-08 9.1949e-07
1.518e-07 0.79154 5.6871e-08 2.7589e-07 0.00086964 2.0927e-06 5.9278e-09 9.0448e-08 9.3456e-07
1.5769e-07 0.78321 5.696e-08 2.7421e-07 0.00089527 2.1874e-06 7.6171e-09 8.2188e-08 9.3013e-07
1.6671e-07 0.77859 5.8051e-08 2.2981e-07 0.00092427 2.2913e-06 9.7881e-09 7.5622e-08 9.5299e-07
1.6348e-07 0.77293 7.3063e-08 2.4129e-07 0.0009521 2.382e-06 1.0993e-08 7.9888e-08 9.4439e-07
1.5836e-07 0.7704 8.5761e-08 2.4722e-07 0.00098296 2.4796e-06 1.2643e-08 8.2824e-08 9.1788e-07
1.5154e-07 0.76754 9.6351e-08 2.5066e-07 0.0010131 2.5661e-06 1.3464e-08 8.4542e-08 8.7611e-07
1.431e-07 0.76434 1.0496e-07 2.5183e-07 0.0010426 2.6421e-06 1.3495e-08 8.511e-08 8.2002e-07
1.3627e-07 0.76227 1.1451e-07 2.5599e-07 0.0010745 2.7217e-06 1.3699e-08 8.6253e-08 7.7874e-07
1.3115e-07 0.76111 1.2538e-07 2.6367e-07 0.0011093 2.8062e-06 1.4157e-08 8.8119e-08 7.5278e-07
1.2462e-07 0.7598 1.3434e-07 2.6927e-07 0.0011435 2.8808e-06 1.3866e-08 8.8904e-08 7.1441e-07
1.1943e-07 0.75917 1.4448e-07 2.2421e-07 0.0011805 2.9594e-06 1.3749e-08 9.0284e-08 6.8822e-07
1.1573e-07 0.7592 1.5627e-07 1.8668e-07 0.0012208 3.0435e-06 1.3884e-08 9.243e-08 6.7537e-07
1.1345e-07 0.75631 1.6995e-07 1.5566e-07 0.0012592 3.11e-06 1.4911e-08 9.5467e-08 6.7564e-07
1.098e-07 0.75298 1.8161e-07 1.2205e-07 0.0013008 3.1809e-06 1.6293e-08 9.7401e-08 6.6381e-07
1.0746e-07 0.73777 1.9526e-07 9.372e-08 0.0013461 3.2575e-06 1.8052e-08 1.0016e-07 6.6442e-07
1.0373e-07 0.72123 2.0681e-07 6.2963e-08 0.0013905 3.3237e-06 1.9017e-08 1.0179e-07 6.5275e-07
1.0122e-07 0.71005 2.2044e-07 3.6606e-08 0.0014389 3.3953e-06 2.0383e-08 1.0423e-07 6.529e-07
9.7393e-08 0.69801 2.3206e-07 8.1321e-09 0.0014865 3.4571e-06 2.0978e-08 1.0558e-07 6.414e-07
9.2199e-08 0.68489 2.4156e-07 6.1355e-09 0.0015333 3.5086e-06 2.0774e-08 1.0582e-07 6.1767e-07
8.8162e-08 0.67605 2.5326e-07 3.7513e-09 0.0015842 3.5656e-06 2.0988e-08 1.0688e-07 6.0552e-07
8.501e-08 0.6699 2.67e-07 8.3776e-10 0.0016391 3.6272e-06 2.1533e-08 1.0862e-07 6.0271e-07
8.0498e-08 0.66316 2.7852e-07 1.1703e-09 0.0016931 3.6783e-06 2.1265e-08 1.0922e-07 5.8763e-07
7.7049e-08 0.65874 2.927e-07 6.3124e-10 0.0017518 3.7358e-06 2.1458e-08 1.1073e-07 5.8464e-07
7.2234e-08 0.65402 3.0457e-07 2.3304e-09 0.0018094 3.7825e-06 2.0822e-08 1.1106e-07 5.6913e-07
6.8238e-08 0.63291 3.1889e-07 3.3069e-09 0.0018205 3.8375e-06 2.0558e-08 1.1215e-07 5.6307e-07
6.2961e-08 0.61009 3.3103e-07 1.7909e-08 0.0018313 3.8823e-06 1.9509e-08 1.1213e-07 5.4534e-07
5.8549e-08 0.59468 3.4606e-07 3.4374e-08 0.0018433 3.9334e-06 1.8869e-08 1.13e-07 5.3798e-07
5.2845e-08 0.57791 3.5882e-07 4.8985e-08 0.001855 3.974e-06 1.7435e-08 1.1272e-07 5.1877e-07
4.7746e-08 0.56615 3.7418e-07 6.5487e-08 0.0018678 4.0197e-06 1.6279e-08 1.1316e-07 5.0771e-07
4.3307e-08 0.55825 3.9284e-07 8.4723e-08 0.0018819 4.0718e-06 1.545e-08 1.1449e-07 5.0615e-07
3.9299e-08 0.54746 4.1464e-07 1.0708e-07 0.0018956 4.1133e-06 1.3824e-08 1.1657e-07 5.1248e-07
3.5651e-08 0.50157 4.3991e-07 1.0024e-07 0.0019107 4.1602e-06 1.242e-08 1.1943e-07 5.2711e-07
3.2418e-08 0.47057 4.6958e-07 9.5228e-08 0.0019271 4.214e-06 1.1258e-08 1.233e-07 5.5217e-07
2.7974e-08 0.43677 4.9659e-07 8.8405e-08 0.0019433 4.2571e-06 9.333e-09 1.2599e-07 5.6513e-07
2.3773e-08 0.41317 5.2784e-07 8.3024e-08 0.0019609 4.3061e-06 7.536e-09 1.2956e-07 5.8746e-07
1.9763e-08 0.31134 5.6398e-07 7.9009e-08 0.00198 4.3613e-06 5.8205e-09 1.3412e-07 6.2051e-07
1.457e-08 0.30129 5.9722e-07 7.3223e-08 0.0019988 4.4058e-06 3.3647e-09 1.3746e-07 6.4098e-07
9.5397e-09 0.2945 6.3607e-07 6.8802e-08 0.0020193 4.4573e-06 9.5479e-10 1.4193e-07 6.7385e-07
1.4485e-08 0.28685 6.7066e-07 6.2439e-08 0.0020393 4.4967e-06 1.2024e-09 1.4499e-07 6.9226e-07
1.818e-08 0.27818 7.017e-07 5.4091e-08 0.0020587 4.524e-06 7.8246e-10 1.4666e-07 6.9616e-07
2.0614e-08 0.26821 7.2911e-07 4.3659e-08 0.0020775 4.5385e-06 2.2756e-09 1.469e-07 6.8513e-07
2.3386e-08 0.26221 7.6388e-07 3.5194e-08 0.0020985 4.5638e-06 3.7392e-09 1.4874e-07 6.9164e-07
2.4857e-08 0.25526 7.9471e-07 2.4699e-08 0.0021189 4.5762e-06 4.4444e-09 1.4911e-07 6.8282e-07
2.4834e-08 0.24544 8.2034e-07 2.855e-08 0.0021423 4.6048e-06 5.5256e-09 1.4762e-07 6.5318e-07
2.573e-08 0.24042 8.565e-07 3.404e-08 0.0021478 4.653e-06 6.9721e-09 1.4847e-07 6.4876e-07
2.7474e-08 0.23799 8.3423e-07 4.1689e-08 0.0021547 4.7185e-06 8.9573e-09 1.5173e-07 6.6935e-07
2.7636e-08 0.23483 8.0858e-07 4.6893e-08 0.0021611 4.7672e-06 9.9273e-09 1.5304e-07 6.7003e-07
2.8505e-08 0.22583 7.916e-07 5.4288e-08 0.0021688 4.8315e-06 1.1433e-08 1.5653e-07 6.9345e-07
3.0435e-08 0.20355 6.9707e-07 6.5139e-08 0.002176 4.8799e-06 1.1791e-08 1.6278e-07 7.4619e-07
3.068e-08 0.20073 7.1178e-07 7.3299e-08 0.0021827 4.9125e-06 1.116e-08 1.6707e-07 7.7885e-07
3.204e-08 0.19704 7.3634e-07 7.8287e-08 0.0021889 4.9283e-06 9.4723e-09 1.7483e-07 7.7368e-07
3.1774e-08 0.19221 7.5565e-07 8.0536e-08 0.0021857 4.9853e-06 8.6099e-09 1.8046e-07 7.4742e-07
2.9884e-08 0.1924 7.6985e-07 8.0104e-08 0.002182 5.0252e-06 6.7388e-09 1.8399e-07 6.998e-07
3.1187e-08 0.19228 8.1024e-07 7.7157e-08 0.0021779 5.0495e-06 3.8921e-09 1.8254e-07 6.301e-07
3.3343e-08 0.19045 7.9249e-07 7.6887e-08 0.002173 5.0479e-06 1.9876e-09 1.835e-07 5.8619e-07
3.4044e-08 0.18818 7.7053e-07 7.4356e-08 0.0021677 5.0316e-06 2.9551e-09 1.8273e-07 5.2486e-07
3.3413e-08 0.18552 7.4496e-07 6.9797e-08 0.0021622 5.0026e-06 3.1976e-09 1.8045e-07 4.4786e-07
3.144e-08 0.18239 7.1568e-07 6.3166e-08 0.0021563 4.9607e-06 2.7145e-09 1.7665e-07 5.884e-07
2.9885e-08 0.18055 6.9257e-07 5.8162e-08 0.0021514 4.9288e-06 2.0799e-09 1.7447e-07 7.6112e-07
2.8664e-08 0.17958 6.7494e-07 5.4484e-08 0.0021474 4.9063e-06 1.2475e-09 1.7381e-07 9.7334e-07
2.6214e-08 0.17842 6.5433e-07 4.9036e-08 0.0021431 4.872e-06 3.0549e-09 1.7181e-07 1.1653e-06
2.254e-08 0.17706 6.3076e-07 7.7038e-08 0.0021386 4.8262e-06 4.1476e-09 1.6848e-07 1.3378e-06
1.9014e-08 0.17636 6.1163e-07 7.5761e-08 0.0021348 4.7875e-06 5.1337e-09 1.6636e-07 1.5474e-06
1.4335e-08 0.17552 5.8991e-07 7.2797e-08 0.0021309 4.7374e-06 5.4148e-09 1.6303e-07 1.7386e-06
9.6967e-09 0.17524 5.7217e-07 7.0887e-08 0.0021276 4.6938e-06 5.5868e-09 1.6079e-07 1.9702e-06
5.0006e-09 0.17548 5.581e-07 6.9964e-08 0.0020988 4.6593e-06 5.6529e-09 1.5961e-07 2.2491e-06
7.8747e-09 0.17561 5.4127e-07 6.7421e-08 0.0020696 4.6144e-06 5.0324e-09 1.5725e-07 2.5081e-06
9.6809e-09 0.17561 5.2195e-07 6.3208e-08 0.0020398 4.559e-06 3.7135e-09 1.537e-07 2.7464e-06
1.117e-08 0.17612 5.0605e-07 5.9888e-08 0.0020123 4.5094e-06 2.2626e-09 1.5114e-07 3.035e-06
1.1589e-08 0.1765 4.8771e-07 5.4921e-08 0.0019843 4.4491e-06 4.7142e-09 1.4739e-07 3.3016e-06
1.1703e-08 0.17743 4.7261e-07 5.0756e-08 0.0019583 4.3944e-06 7.1948e-09 1.4458e-07 3.6247e-06
1.1512e-08 0.17904 4.6055e-07 4.7282e-08 0.0019343 4.3453e-06 9.7859e-09 1.4269e-07 4.0138e-06
1.0269e-08 0.18048 4.4626e-07 4.2262e-08 0.0019099 4.286e-06 1.1644e-08 1.3967e-07 4.3796e-06
8.7792e-09 0.18285 4.3534e-07 3.8039e-08 0.0018875 4.2336e-06 1.3761e-08 1.3773e-07 4.8302e-06
6.2174e-09 0.18499 4.2206e-07 3.2221e-08 0.0018647 4.1706e-06 1.5102e-08 1.3461e-07 5.2523e-06
3.4023e-09 0.18484 4.1219e-07 2.8435e-08 0.0018408 4.0898e-06 1.8166e-08 1.3263e-07 5.1753e-06
6.5171e-09 0.18456 3.9951e-07 2.3076e-08 0.0018164 3.9981e-06 2.0396e-08 1.2944e-07 5.0774e-06
9.4131e-09 0.18487 3.9008e-07 1.8212e-08 0.0017941 3.9139e-06 2.3192e-08 1.2732e-07 5.0296e-06
1.2089e-08 0.18411 3.8335e-07 1.6661e-08 0.0017713 3.8181e-06 2.2868e-08 1.2612e-07 4.5201e-06
1.4572e-08 0.18391 3.7908e-07 1.4992e-08 0.0017502 3.7278e-06 2.2914e-08 1.2573e-07 4.0962e-06
1.6899e-08 0.18422 3.7718e-07 1.315e-08 0.0017307 3.6426e-06 2.332e-08 1.2613e-07 3.7446e-06
1.8142e-08 0.18441 3.7317e-07 9.9269e-09 0.001711 3.5474e-06 2.2951e-08 1.2543e-07 3.3702e-06
1.9252e-08 0.18171 3.7148e-07 6.4718e-09 0.0016927 3.457e-06 2.2939e-08 1.2551e-07 3.0592e-06
2.0335e-08 0.18002 3.7246e-07 2.7785e-09 0.001676 3.3724e-06 2.3382e-08 1.2654e-07 2.8083e-06
2.0303e-08 0.17813 3.7124e-07 5.1837e-09 0.0016589 3.2776e-06 2.3023e-08 1.2642e-07 2.5363e-06
2.0165e-08 0.16868 3.7231e-07 7.0675e-09 0.0016432 3.1872e-06 2.3021e-08 1.2709e-07 2.3114e-06
2.0006e-08 0.1623 3.7607e-07 8.5568e-09 0.0016288 3.1022e-06 2.3475e-08 1.2871e-07 2.1317e-06
1.8733e-08 0.16249 3.7762e-07 8.6932e-09 0.0016142 3.007e-06 2.3126e-08 1.2919e-07 1.9337e-06
1.7426e-08 0.15997 3.8189e-07 8.456e-09 0.0016008 2.917e-06 2.3236e-08 1.3064e-07 1.7754e-06
1.6054e-08 0.15839 3.8895e-07 7.8366e-09 0.0015886 2.8318e-06 2.3807e-08 1.3308e-07 1.6511e-06
1.3581e-08 0.15663 3.9378e-07 2.294e-08 0.0015762 2.7365e-06 2.3574e-08 1.3436e-07 1.5105e-06
1.0002e-08 0.15467 3.9638e-07 3.628e-08 0.0015635 2.6312e-06 2.2537e-08 1.3449e-07 1.3535e-06
6.3285e-09 0.15351 4.0182e-07 5.147e-08 0.001552 2.5306e-06 2.1959e-08 1.3563e-07 1.2275e-06
1.5827e-09 0.1567 4.0512e-07 6.4896e-08 0.0015402 2.4203e-06 2.0605e-08 1.3566e-07 1.0869e-06
1.8655e-09 0.15964 4.0599e-07 7.6571e-08 0.0015283 2.3002e-06 1.8475e-08 1.3457e-07 9.3134e-07
1.4969e-09 0.16409 4.0975e-07 9.0399e-08 0.0015174 2.1847e-06 1.6775e-08 1.345e-07 8.037e-07
5.784e-09 0.1682 4.1106e-07 1.024e-07 0.0015064 2.0594e-06 1.4306e-08 1.333e-07 6.6184e-07
9.0069e-09 0.17212 4.102e-07 1.1259e-07 0.0014951 1.9244e-06 1.1063e-08 1.3098e-07 5.0551e-07
1.2076e-08 0.17802 4.1229e-07 1.2522e-07 0.0014849 1.7938e-06 8.1968e-09 1.2968e-07 3.7409e-07
1.4984e-08 0.18159 4.1698e-07 1.2675e-07 0.0014744 1.6523e-06 9.8978e-09 1.2924e-07 2.6388e-07
1.7877e-08 0.18486 4.2477e-07 1.265e-07 0.0014637 1.501e-06 1.087e-08 1.2983e-07 1.3755e-07
1.9643e-08 0.18784 4.3023e-07 1.2439e-07 0.0014527 1.3396e-06 1.1095e-08 1.2926e-07 1.5975e-07
2.1427e-08 0.18779 4.3884e-07 1.2423e-07 0.0014428 1.1824e-06 1.1474e-08 1.2968e-07 1.8477e-07
2.211e-08 0.18762 4.4524e-07 1.2233e-07 0.0014509 1.006e-06 1.1124e-08 1.2899e-07 1.9969e-07
2.2823e-08 0.18804 4.5484e-07 1.223e-07 0.0014599 8.3362e-07 1.0916e-08 1.2927e-07 2.1788e-07
2.2436e-08 0.18834 4.6224e-07 1.2055e-07 0.0014687 6.5168e-07 9.9914e-09 1.2845e-07 2.2596e-07
2.2079e-08 0.18926 4.7293e-07 1.2065e-07 0.0014784 4.7336e-07 9.1883e-09 1.286e-07 2.3766e-07
2.1745e-08 0.19094 4.8709e-07 1.226e-07 0.0014892 2.9812e-07 8.4753e-09 1.2971e-07 2.5343e-07
2.0287e-08 0.19244 4.9886e-07 1.2273e-07 0.0014984 3.1628e-07 7.019e-09 1.2967e-07 2.5859e-07
1.8843e-08 0.1937 5.1429e-07 1.1894e-07 0.0015073 3.2595e-07 4.827e-09 1.3063e-07 2.7084e-07
1.7382e-08 0.19585 5.3365e-07 1.1705e-07 0.0015173 3.3189e-07 2.698e-09 1.3259e-07 2.8809e-07
1.4827e-08 0.19779 5.5065e-07 1.1342e-07 0.001527 3.2944e-07 4.965e-09 1.3343e-07 2.9483e-07
1.115e-08 0.19953 5.6513e-07 1.0794e-07 0.0015353 5.6261e-07 6.495e-09 1.3309e-07 2.9204e-07
7.4267e-09 0.20233 5.8374e-07 1.0431e-07 0.0015444 8.0225e-07 8.0845e-09 1.3379e-07 2.9453e-07
1.306e-08 0.20488 5.9914e-07 9.894e-08 0.0015534 1.0317e-06 8.9612e-09 1.3323e-07 2.8585e-07
1.8784e-08 0.20867 6.1828e-07 9.5004e-08 0.0015633 1.2668e-06 9.8686e-09 1.3352e-07 2.8103e-07
2.3336e-08 0.21212 6.3486e-07 8.9293e-08 0.0015729 1.4913e-06 1.0042e-08 1.3265e-07 2.6543e-07
2.672e-08 0.21526 6.4888e-07 8.1795e-08 0.0015823 1.7052e-06 9.4805e-09 1.3061e-07 2.39e-07
2.8935e-08 0.21811 6.6034e-07 7.2489e-08 0.0015915 1.9085e-06 8.181e-09 1.274e-07 2.0165e-07
3.1288e-08 0.22232 6.757e-07 6.4626e-08 0.0016017 2.1179e-06 6.9254e-09 1.2506e-07 1.6825e-07
3.2456e-08 0.22617 6.8845e-07 5.4973e-08 0.0016129 2.3367e-06 4.4909e-09 1.2155e-07 1.2402e-07
3.3882e-08 0.23188 7.0568e-07 4.677e-08 0.0016252 2.5642e-06 2.147e-09 1.1902e-07 8.3693e-08
3.3982e-08 0.23694 7.1963e-07 3.6494e-08 0.0016372 2.7783e-06 3.2022e-09 1.1511e-07 1.3128e-07
3.462e-08 0.23964 7.4027e-07 2.878e-08 0.0016488 2.9798e-06 3.4602e-09 1.1275e-07 1.8915e-07
3.3927e-08 0.24201 7.5755e-07 1.9166e-08 0.00166 3.1685e-06 2.9845e-09 1.0904e-07 2.3419e-07
3.1904e-08 0.24408 7.7152e-07 7.6125e-09 0.0016709 3.3444e-06 1.7729e-09 1.0398e-07 2.6667e-07
2.8538e-08 0.24581 7.8218e-07 8.3195e-09 0.0016814 3.5071e-06 3.4212e-09 9.7532e-08 2.8647e-07
2.5686e-08 0.24875 7.9875e-07 8.8378e-09 0.0016932 3.6813e-06 5.1151e-09 9.2358e-08 3.1481e-07
2.3247e-08 0.25342 8.2157e-07 9.1869e-09 0.0017064 3.8677e-06 6.9575e-09 8.8444e-08 3.5315e-07
1.9524e-08 0.2576 8.4099e-07 8.0689e-09 0.0017193 4.0411e-06 8.0015e-09 8.323e-08 3.7847e-07
1.603e-08 0.26386 8.6625e-07 6.68e-09 0.0017334 4.2255e-06 9.183e-09 7.8913e-08 4.1321e-07
1.2695e-08 0.27322 8.9803e-07 4.986e-09 0.001749 4.4222e-06 1.0588e-08 7.5454e-08 4.5953e-07
1.3143e-08 0.28046 8.8836e-07 6.9813e-09 0.0017641 4.6039e-06 1.1045e-08 8.1141e-08 4.5306e-07
1.2351e-08 0.28688 8.7476e-07 7.4658e-09 0.0017787 4.7706e-06 1.061e-08 8.5418e-08 4.3176e-07
1.164e-08 0.29711 8.6833e-07 7.8352e-09 0.0017951 4.9543e-06 1.0582e-08 9.1031e-08 4.2478e-07
1.1021e-08 0.29971 8.6929e-07 8.1662e-09 0.0017968 5.1687e-06 1.1026e-08 9.8238e-08 4.3265e-07
9.1815e-09 0.30194 8.6641e-07 6.9775e-09 0.0017982 5.3676e-06 1.0583e-08 1.0396e-07 4.2594e-07
7.4392e-09 0.30182 8.7137e-07 5.7748e-09 0.0018006 5.5883e-06 1.0629e-08 9.1769e-08 4.3522e-07
9.2332e-09 0.30143 8.4817e-07 1.2664e-08 0.0018027 5.7927e-06 9.7682e-09 9.3878e-08 4.2361e-07
1.1011e-08 0.30181 8.3229e-07 2.0605e-08 0.0018056 6.0167e-06 9.2559e-09 9.7261e-08 4.2536e-07
1.2845e-08 0.29992 8.2329e-07 3.0086e-08 0.0018094 6.2616e-06 9.048e-09 1.0202e-07 4.4057e-07
1.3428e-08 0.29753 8.104e-07 3.7371e-08 0.0018142 6.5291e-06 9.303e-09 1.0529e-07 4.4083e-07
1.2722e-08 0.29469 7.9324e-07 4.2501e-08 0.0018186 6.7782e-06 8.6563e-09 1.07e-07 4.2536e-07
1.2173e-08 0.2932 7.8362e-07 4.9579e-08 0.0018241 7.0535e-06 8.3763e-09 1.1032e-07 4.254e-07
1.0336e-08 0.29156 7.6976e-07 5.4387e-08 0.0018292 7.3097e-06 7.1962e-09 1.1205e-07 4.0971e-07
8.5311e-09 0.28456 7.6252e-07 6.1129e-08 0.0018354 7.5904e-06 6.2688e-09 1.1524e-07 4.0719e-07
6.7786e-09 0.28038 7.6263e-07 7.0666e-08 0.0018428 7.901e-06 5.612e-09 1.2029e-07 4.2022e-07
3.77e-09 0.27546 7.584e-07 7.7587e-08 0.0018497 8.1909e-06 4.0806e-09 1.2362e-07 4.1711e-07
5.435e-09 0.26943 7.4681e-07 8.1779e-08 0.001856 8.4414e-06 6.4231e-09 1.2503e-07 3.9651e-07
5.9251e-09 0.26221 7.3092e-07 8.3543e-08 0.0018619 8.6727e-06 7.849e-09 1.2481e-07 3.5996e-07
5.2076e-09 0.25429 7.1024e-07 8.271e-08 0.0018673 8.8833e-06 8.3275e-09 1.2282e-07 3.0592e-07
4.2639e-09 0.24979 6.9693e-07 8.438e-08 0.0018739 9.1208e-06 9.1642e-09 1.2256e-07 2.6739e-07
2.1544e-09 0.24437 6.7935e-07 8.3617e-08 0.0018801 9.3389e-06 9.0843e-09 1.2066e-07 2.1325e-07
3.405e-09 0.2376 6.5491e-07 8.0126e-08 0.0018858 9.5357e-06 8.0288e-09 1.1657e-07 2.8078e-07
4.3389e-09 0.2339 6.3807e-07 7.9217e-08 0.0018927 9.7605e-06 7.3524e-09 1.1427e-07 2.5911e-07
4.0926e-09 0.22923 6.164e-07 7.5655e-08 0.0018992 9.9635e-06 5.7163e-09 1.1017e-07 4.0222e-07
1.0464e-08 0.22333 5.8944e-07 6.9505e-08 0.0018992 1.0495e-05 5.8688e-09 1.0433e-07 5.2221e-07
1.7704e-08 0.22013 5.6992e-07 6.5858e-08 0.0019001 1.1075e-05 6.2281e-09 1.0024e-07 5.1297e-07
2.321e-08 0.21115 5.4523e-07 6.6211e-08 0.0018911 1.1787e-05 7.0456e-09 9.3801e-08 5.3927e-07
2.7282e-08 0.20067 5.1663e-07 6.4442e-08 0.0018816 1.2471e-05 7.0288e-09 8.5838e-08 5.5001e-07
3.2015e-08 0.19425 4.9406e-07 6.4334e-08 0.0018733 1.3207e-05 7.1689e-09 7.9254e-08 5.7612e-07
3.5428e-08 0.18706 4.6843e-07 6.2372e-08 0.0018647 1.3922e-05 6.5417e-09 7.1382e-08 5.8854e-07
3.7536e-08 0.17899 4.3971e-07 5.8561e-08 0.0018559 1.4615e-05 5.1474e-09 6.2217e-08 5.8744e-07
3.8343e-08 0.1699 4.0785e-07 5.2886e-08 0.0018467 1.5288e-05 2.9793e-09 5.1742e-08 5.7278e-07
3.9643e-08 0.16406 3.8101e-07 4.851e-08 0.0018386 1.6006e-05 8.7103e-10 4.2352e-08 5.708e-07
3.9609e-08 0.15742 3.5103e-07 4.2266e-08 0.0018302 1.67e-05 1.0512e-09 3.1656e-08 5.5497e-07
4.0308e-08 0.15346 3.2654e-07 3.7507e-08 0.001823 1.745e-05 9.3853e-10 2.2157e-08 5.5471e-07
4.1696e-08 0.15108 3.0658e-07 3.3863e-08 0.0018167 1.8257e-05 5.1148e-10 1.3527e-08 5.69e-07
4.1387e-08 0.14807 2.8248e-07 2.802e-08 0.00181 1.9026e-05 1.1614e-09 1.5595e-08 5.6497e-07
4.2334e-08 0.13949 2.6442e-07 2.3864e-08 0.0018046 1.9875e-05 1.6639e-09 1.0925e-08 5.8366e-07
4.439e-08 0.13485 2.5101e-07 2.0805e-08 0.0017987 2.0684e-05 1.3307e-09 6.6062e-09 6.2393e-07
4.4667e-08 0.12875 2.3378e-07 3.221e-08 0.0017923 2.1449e-05 3.0272e-09 8.7396e-09 6.429e-07
4.6106e-08 0.11306 2.2092e-07 3.1908e-08 0.0017871 2.229e-05 2.0813e-09 1.0892e-08 6.8615e-07
4.5791e-08 0.093344 2.0449e-07 2.9478e-08 0.0017813 2.3089e-05 3.8643e-09 1.1923e-08 7.0881e-07
4.3731e-08 0.068677 1.8441e-07 2.4906e-08 0.0017906 2.3768e-05 4.7387e-09 1.184e-08 7.1133e-07
4.2779e-08 0.054937 1.6844e-07 2.1478e-08 0.0018013 2.4515e-05 5.7947e-09 1.1766e-08 7.3685e-07
4.3097e-08 0.047716 1.5647e-07 1.9152e-08 0.001814 2.5345e-05 7.2291e-09 1.1781e-08 7.9123e-07
4.181e-08 0.038957 1.4153e-07 1.4962e-08 0.001826 2.6139e-05 7.7615e-09 1.0729e-08 8.2582e-07
4.1575e-08 0.034094 1.2975e-07 1.1501e-08 0.0018369 2.6858e-05 8.9276e-09 9.6747e-09 8.8854e-07
3.9004e-08 0.026817 1.1308e-07 1.4811e-08 0.0018499 2.7677e-05 7.9792e-09 1.5146e-08 9.0956e-07
3.4704e-08 0.017737 9.313e-08 1.6267e-08 0.0018622 2.8455e-05 6.0438e-09 1.9326e-08 9.0898e-07
3.1459e-08 0.012679 7.6431e-08 1.8281e-08 0.0018764 2.9312e-05 4.4864e-09 2.4027e-08 9.3554e-07
2.6625e-08 0.0065177 5.6827e-08 1.8496e-08 0.0018899 3.0131e-05 2.0254e-09 2.7466e-08 9.419e-07
1.9795e-08 0.0056238 6.4043e-08 1.672e-08 0.0019026 3.0904e-05 2.2928e-09 2.9517e-08 9.2548e-07
1.4206e-08 0.0051873 7.3209e-08 1.5713e-08 0.0019174 3.1768e-05 2.5386e-09 3.2279e-08 9.4057e-07
9.5048e-09 0.0050112 8.4752e-08 1.5385e-08 0.0019347 3.273e-05 2.7925e-09 3.5873e-08 9.8883e-07
5.4065e-09 0.004365 9.9231e-08 1.5726e-08 0.0019383 3.3856e-05 3.1073e-09 4.0467e-08 1.0757e-06
7.4379e-09 0.0043931 1.1049e-07 1.4125e-08 0.0019414 3.4929e-05 2.5732e-09 4.356e-08 1.1422e-06
9.5023e-09 0.0045784 1.2453e-07 1.297e-08 0.0019456 3.6107e-05 2.0134e-09 4.7557e-08 1.2476e-06
1.0197e-08 0.0046715 2.4296e-07 2.3153e-08 0.0019479 4.1775e-05 3.5673e-09 5.0031e-08 1.3231e-06
1.0957e-08 0.0049339 3.843e-07 3.5693e-08 0.0019513 4.7932e-05 5.3297e-09 5.3462e-08 1.4408e-06
1.1683e-08 0.0054071 5.4906e-07 5.0804e-08 0.0019556 5.455e-05 7.3297e-09 5.7718e-08 1.6019e-06
1.2615e-08 0.0054462 5.8709e-07 4.8948e-08 0.001961 6.1715e-05 9.8408e-09 6.3297e-08 1.8297e-06
1.2412e-08 0.0054477 6.2183e-07 4.5361e-08 0.0019662 6.8763e-05 1.1533e-08 6.7692e-08 2.0347e-06
1.1081e-08 0.0054128 6.5344e-07 4.0047e-08 0.0019711 7.5702e-05 1.2422e-08 7.0925e-08 2.2183e-06
8.6329e-09 0.0053427 6.8207e-07 3.3029e-08 0.0019758 8.254e-05 1.2526e-08 7.3028e-08 2.3821e-06
5.945e-09 0.0053691 7.1577e-07 2.6745e-08 0.0019813 8.9751e-05 1.2792e-08 7.5655e-08 2.5867e-06
3.021e-09 0.0055069 7.558e-07 2.1172e-08 0.0019877 9.7401e-05 1.3309e-08 7.8988e-08 2.8452e-06
5.5958e-09 0.0056084 7.9249e-07 1.3995e-08 0.0019938 0.00010494 1.3041e-08 8.1177e-08 3.081e-06
7.8258e-09 0.0058235 8.3524e-07 7.2069e-09 0.0020007 0.0001129 1.2953e-08 8.3972e-08 2.9363e-06
8.9696e-09 0.0059973 8.7471e-07 1.0809e-08 0.0020075 0.00012074 1.2079e-08 8.5613e-08 2.7713e-06
9.8123e-09 0.0056946 8.3015e-07 1.4319e-08 0.0020137 0.00012825 1.1546e-08 8.7893e-08 2.6454e-06
9.6017e-09 0.0053514 7.8263e-07 1.6417e-08 0.0020197 0.00013568 1.0277e-08 8.9097e-08 2.5025e-06
9.1012e-09 0.0051525 7.4192e-07 1.8529e-08 0.0020266 0.00014353 9.1696e-09 9.1008e-08 2.3972e-06
7.5574e-09 0.0049206 6.9845e-07 1.9234e-08 0.0020333 0.00015131 7.342e-09 9.1859e-08 2.2761e-06
5.642e-09 0.0047947 6.6048e-07 1.9864e-08 0.0020408 0.00015948 5.5564e-09 9.3278e-08 2.1849e-06
2.6721e-09 0.0046361 6.1961e-07 1.905e-08 0.0020482 0.00016756 3.0426e-09 9.3594e-08 2.0773e-06
4.9064e-09 0.0044386 5.7528e-07 4.2896e-08 0.0020553 0.00017554 4.9152e-09 9.2796e-08 1.953e-06
6.1187e-09 0.0042093 5.282e-07 6.4757e-08 0.0020623 0.00018345 6.0964e-09 9.0938e-08 1.8131e-06
6.8742e-09 0.0040799 4.8645e-07 8.9719e-08 0.0020701 0.00019176 7.2196e-09 8.9639e-08 1.7019e-06
6.6056e-09 0.0039225 4.4207e-07 1.1261e-07 0.0020777 0.00019999 7.6464e-09 8.7287e-08 1.5757e-06
5.3125e-09 0.0037319 3.9501e-07 1.3343e-07 0.0020862 0.00020869 8.1228e-09 8.3879e-08 1.4343e-06
1.3355e-08 0.0035077 3.4443e-07 1.521e-07 0.0020945 0.00021728 7.8828e-09 7.9363e-08 1.2765e-06
2.0197e-08 0.0032483 2.909e-07 1.6864e-07 0.0021027 0.00022578 6.926e-09 7.3746e-08 1.102e-06
2.7364e-08 0.0030879 2.4269e-07 1.8837e-07 0.0021117 0.00023471 5.9315e-09 6.8686e-08 9.5561e-07
3.5155e-08 0.0030154 1.9981e-07 2.1241e-07 0.0021217 0.00024416 4.9225e-09 6.4263e-08 8.3632e-07
4.0159e-08 0.0027861 1.4602e-07 2.1944e-07 0.0021204 0.00026027 5.0163e-09 7.3182e-08 8.787e-07
4.3965e-08 0.0025253 8.9477e-08 2.2449e-07 0.002119 0.00027623 4.4295e-09 8.0996e-08 9.0854e-07
4.654e-08 0.0022278 2.9932e-08 2.2746e-07 0.0021175 0.000292 3.1482e-09 8.7668e-08 9.2528e-07
4.7751e-08 0.001891 2.5907e-08 2.2837e-07 0.0021158 0.00030758 6.798e-09 9.3189e-08 9.2896e-07
4.9459e-08 0.0016725 2.1703e-08 2.3232e-07 0.0021147 0.00032405 1.082e-08 9.9597e-08 9.4832e-07
5.1558e-08 0.0015303 1.714e-08 2.3899e-07 0.0021143 0.00034137 1.5415e-08 1.0681e-07 9.8162e-07
5.2287e-08 0.0013629 3.173e-08 2.4358e-07 0.0021137 0.00035849 1.9175e-08 1.1286e-07 1.0018e-06
5.1793e-08 0.0011691 4.4512e-08 2.4612e-07 0.002113 0.00037543 2.211e-08 1.1776e-07 1.009e-06
5.1821e-08 0.0010468 5.808e-08 2.5184e-07 0.0021129 0.00039333 2.5666e-08 1.2366e-07 1.0326e-06
5.0667e-08 0.00090415 6.9867e-08 2.5559e-07 0.0021127 0.00041106 2.841e-08 1.2846e-07 1.0438e-06
4.8289e-08 0.00073824 7.982e-08 2.5727e-07 0.0021124 0.0004286 3.0314e-08 1.3209e-07 1.0419e-06
4.4725e-08 0.00086956 8.8001e-08 2.5698e-07 0.0021119 0.00044597 3.1411e-08 1.3462e-07 1.0276e-06
3.997e-08 0.00097928 9.4414e-08 2.5473e-07 0.0020918 0.00046508 3.3409e-08 1.3604e-07 1.0009e-06
3.4024e-08 0.0010703 9.9064e-08 2.5051e-07 0.0020714 0.00048401 3.4591e-08 1.3635e-07 9.6161e-07
2.6842e-08 0.0011418 1.019e-07 2.4421e-07 0.0020506 0.00050274 3.4924e-08 1.3552e-07 9.0921e-07
1.842e-08 0.0011941 1.0292e-07 2.3583e-07 0.0020295 0.00052127 3.4411e-08 1.3352e-07 8.4357e-07
1.0548e-08 0.0012985 1.0469e-07 2.3064e-07 0.0020101 0.00054084 3.4583e-08 1.3253e-07 7.9461e-07
1.5001e-09 0.0013835 1.047e-07 2.2352e-07 0.0019904 0.00056024 3.3942e-08 1.3044e-07 7.3337e-07
7.3085e-10 0.0014479 1.0271e-07 2.1432e-07 0.0019703 0.00057942 3.2452e-08 1.2718e-07 6.5912e-07
2.3308e-09 0.0014921 9.8719e-08 2.0305e-07 0.0019499 0.0005984 3.0111e-08 1.2276e-07 5.7172e-07
3.366e-09 0.0015928 9.5483e-08 1.9488e-07 0.0019312 0.00061845 2.8441e-08 1.1933e-07 5.0005e-07
3.8602e-09 0.001438 9.2958e-08 1.8957e-07 0.0019146 0.00062206 2.7406e-08 1.1684e-07 4.4155e-07
3.7854e-09 0.0013427 9.0905e-08 1.8657e-07 0.0018994 0.00062591 2.6825e-08 1.1509e-07 3.9228e-07
3.1408e-09 0.0012952 8.93e-08 1.8581e-07 0.0018854 0.00063 2.6679e-08 1.1406e-07 3.5079e-07
9.8689e-09 0.0012278 8.5725e-08 1.8309e-07 0.0018711 0.00063404 2.5711e-08 1.1189e-07 2.9774e-07
1.5438e-08 0.0011401 8.0343e-08 1.7839e-07 0.0018565 0.000638 2.3918e-08 1.0859e-07 2.3301e-07
1.985e-08 0.001031 7.314e-08 1.7171e-07 0.0018416 0.00064191 2.1292e-08 1.0413e-07 1.5641e-07
2.4493e-08 0.00043653 6.6631e-08 1.6772e-07 0.0018286 0.00064024 1.9256e-08 1.0061e-07 8.9112e-08
2.7534e-08 0.00039607 9.8911e-08 1.6106e-07 0.0018153 0.00063853 1.6413e-08 9.5322e-08 1.1684e-07
3.083e-08 0.00038059 1.3469e-07 1.5694e-07 0.0018033 0.00063701 1.4032e-08 9.0911e-08 1.4672e-07
3.565e-08 0.00035183 1.811e-07 1.5096e-07 0.001791 0.00063544 1.0878e-08 8.3236e-08 1.6632e-07
3.926e-08 0.00030892 2.2481e-07 1.4305e-07 0.0017785 0.00063384 6.925e-09 7.4407e-08 1.757e-07
4.3337e-08 0.00028779 2.7384e-07 1.3748e-07 0.0017671 0.00063241 3.3358e-09 6.6483e-08 1.8747e-07
4.6229e-08 0.00025333 3.2023e-07 1.3001e-07 0.0017555 0.00063094 4.7833e-09 5.7472e-08 1.8891e-07
4.9644e-08 0.00023716 3.7253e-07 1.247e-07 0.001745 0.00062965 6.1978e-09 4.9248e-08 1.9285e-07
5.3502e-08 0.00023457 4.3073e-07 1.2106e-07 0.0017354 0.00062852 7.5735e-09 4.1551e-08 1.9837e-07
5.803e-08 0.0002475 4.9649e-07 1.193e-07 0.0017267 0.00062756 9.0211e-09 3.4407e-08 2.067e-07
6.1343e-08 0.00024872 5.5925e-07 1.1583e-07 0.0017179 0.00062656 9.7594e-09 2.6245e-08 2.0502e-07
6.3399e-08 0.0002376 6.1878e-07 1.1055e-07 0.0017088 0.00062552 9.7709e-09 1.7024e-08 1.9304e-07
6.4179e-08 0.00021027 6.75e-07 1.0335e-07 0.0017007 0.00062465 9.9792e-09 2.181e-08 1.7054e-07
6.5659e-08 0.00019849 7.392e-07 9.7986e-08 0.0016935 0.00062395 1.0288e-08 2.6738e-08 1.5078e-07
6.787e-08 0.00020046 8.1242e-07 9.4279e-08 0.001687 0.00062342 1.0711e-08 3.1887e-08 1.3304e-07
7.0868e-08 0.00021653 8.9587e-07 9.212e-08 0.0016814 0.00062305 1.1268e-08 3.7335e-08 1.167e-07
7.2617e-08 0.00022099 9.766e-07 8.8284e-08 0.0016756 0.00062265 1.1101e-08 4.1788e-08 9.0596e-08
7.5223e-08 0.00024114 1.0689e-06 8.596e-08 0.0016705 0.00062241 1.1087e-08 4.6622e-08 6.5393e-08
7.8789e-08 0.00014987 1.1748e-06 8.5129e-08 0.0016376 0.00062239 1.1249e-08 5.1941e-08 4.0278e-08
8.1057e-08 0.00019155 1.2763e-06 8.2486e-08 0.0016042 0.00062232 1.0675e-08 5.6217e-08 7.7521e-08
8.2036e-08 0.00022077 1.3736e-06 7.815e-08 0.0015703 0.00062222 9.3663e-09 5.9455e-08 1.0487e-07
8.167e-08 0.00023706 1.4662e-06 7.2035e-08 0.0015358 0.00062208 7.298e-09 6.162e-08 1.2212e-07
7.9952e-08 0.00024317 1.5543e-06 6.4117e-08 0.0015006 0.00062189 4.4612e-09 6.2847e-08 1.2925e-07
7.9278e-08 0.00026694 1.6563e-06 5.7689e-08 0.0014683 0.00062187 1.7895e-09 6.458e-08 1.376e-07
7.7319e-08 0.00027981 1.7539e-06 4.9581e-08 0.0014354 0.00062181 2.6319e-09 6.5275e-08 1.3609e-07
7.6079e-08 0.00030931 1.8647e-06 4.2466e-08 0.001405 0.0006219 3.2372e-09 6.6332e-08 1.3476e-07
7.5523e-08 0.00035893 1.9899e-06 3.6133e-08 0.0013768 0.00062214 3.6225e-09 6.7754e-08 1.3349e-07
7.3722e-08 0.00039504 2.1106e-06 2.824e-08 0.0013482 0.00062234 3.3447e-09 6.8157e-08 1.2254e-07
7.2749e-08 0.00045917 2.249e-06 2.1153e-08 0.0013219 0.0006227 2.8858e-09 6.9055e-08 1.1231e-07
7.2586e-08 0.00056123 2.4073e-06 1.4646e-08 0.0012977 0.00062323 2.2278e-09 7.0464e-08 1.0243e-07
7.3286e-08 0.00050742 2.3944e-06 8.5181e-09 0.0012756 0.00062393 1.3468e-09 7.2421e-08 9.2606e-08
7.269e-08 0.00043638 2.3779e-06 1.3651e-08 0.001253 0.00062459 3.471e-09 7.3305e-08 7.3029e-08
7.0851e-08 0.00034967 2.3582e-06 1.7363e-08 0.00123 0.00062521 4.9083e-09 7.3158e-08 4.3923e-08
6.7771e-08 0.0002468 2.3352e-06 1.966e-08 0.0012067 0.00062579 5.661e-09 7.1981e-08 8.1607e-08
6.532e-08 0.0001738 2.3203e-06 2.1942e-08 0.0011851 0.00062652 6.313e-09 7.121e-08 1.2035e-07
6.3452e-08 0.00012158 2.3133e-06 2.4268e-08 0.0011626 0.00062713 6.9743e-09 7.0836e-08 1.6133e-07
6.0362e-08 0.00018725 2.3032e-06 2.5162e-08 0.0011397 0.0006277 6.9438e-09 6.9438e-08 1.9211e-07
5.7813e-08 0.00027833 2.3008e-06 2.6129e-08 0.0011184 0.00062842 6.8441e-09 6.8424e-08 2.2595e-07
5.576e-08 0.00040598 2.3062e-06 2.7195e-08 0.0010988 0.00062929 6.6717e-09 6.7779e-08 2.6385e-07
5.246e-08 0.00051464 2.3082e-06 2.6782e-08 0.0010788 0.00063012 5.7939e-09 6.6083e-08 2.9084e-07
4.977e-08 0.000678 2.319e-06 2.6618e-08 0.0010604 0.00063112 4.8849e-09 6.4873e-08 3.2413e-07
4.7648e-08 0.00092145 2.3389e-06 2.6717e-08 0.0010436 0.0006323 3.9138e-09 6.4147e-08 3.6513e-07
4.4256e-08 0.0011351 2.355e-06 2.5294e-08 0.0010264 0.00063344 2.2343e-09 6.2336e-08 3.9434e-07
4.1661e-08 0.0014645 2.3816e-06 2.4313e-08 0.0010108 0.00063477 5.1296e-10 6.1163e-08 4.3442e-07
3.772e-08 0.0017544 2.404e-06 2.1725e-08 0.00099482 0.00063604 5.2277e-10 5.883e-08 4.6151e-07
3.2371e-08 0.0019766 2.4218e-06 1.7436e-08 0.00097815 0.00063722 1.5353e-09 5.5289e-08 4.7516e-07
2.7744e-08 0.0023224 2.3014e-06 1.3595e-08 0.00096314 0.00063861 2.3446e-09 5.241e-08 5.0064e-07
2.3674e-08 0.0023293 2.1992e-06 1.0019e-08 0.00094962 0.00064021 2.9999e-09 5.0129e-08 5.3913e-07
2.0028e-08 0.0024058 2.1131e-06 6.5388e-09 0.00093746 0.00064204 3.5428e-09 4.8396e-08 5.9259e-07
1.501e-08 0.0033645 2.0201e-06 1.0086e-08 0.00092484 0.00064379 3.3112e-09 4.5419e-08 6.2898e-07
1.0476e-08 0.0049109 1.944e-06 1.3912e-08 0.00091365 0.00064579 3.0341e-09 4.3119e-08 6.8497e-07
6.253e-09 0.0074595 1.8827e-06 1.8271e-08 0.00090377 0.00064806 2.6978e-09 4.1447e-08 7.6471e-07
9.5313e-09 0.0095558 1.8154e-06 2.0866e-08 0.00089341 0.00065023 4.6259e-09 3.8579e-08 8.2696e-07
1.2969e-08 0.013093 1.7624e-06 2.4194e-08 0.00088431 0.00065268 6.8447e-09 3.6336e-08 9.1739e-07
1.8232e-08 0.016311 1.7378e-06 2.5687e-08 0.00087479 0.00065502 8.1846e-09 3.1373e-08 9.8636e-07
2.3924e-08 0.021238 1.7219e-06 2.7645e-08 0.00086626 0.0006576 9.727e-09 2.6829e-08 1.0792e-06
3.0169e-08 0.028744 1.7142e-06 3.0094e-08 0.00085893 0.00065525 1.1537e-08 2.2575e-08 1.1988e-06
3.7079e-08 0.040078 1.7143e-06 3.3067e-08 0.00085234 0.00065312 1.3661e-08 1.8489e-08 1.0934e-06
4.2682e-08 0.050375 1.7109e-06 3.4456e-08 0.00084558 0.00065094 1.4982e-08 1.3399e-08 9.7245e-07
4.8955e-08 0.065507 1.7148e-06 3.6312e-08 0.00083948 0.00064895 1.6614e-08 8.3617e-09 8.7441e-07
5.3844e-08 0.21811 1.715e-06 3.6533e-08 0.0008332 0.00064691 1.7411e-08 1.2291e-08 7.6072e-07
5.9434e-08 0.25376 1.7222e-06 3.7189e-08 0.00082753 0.00064505 1.8522e-08 1.6133e-08 6.6655e-07
6.5967e-08 0.30686 1.7372e-06 3.8415e-08 0.00082249 0.00064339 2.0058e-08 1.9998e-08 5.9058e-07
7.358e-08 0.31914 1.7601e-06 4.0239e-08 0.00081802 0.00064192 2.2075e-08 2.3939e-08 5.2974e-07
7.9891e-08 0.3305 1.78e-06 4.0552e-08 0.00081343 0.00064041 2.3305e-08 2.6927e-08 4.5688e-07
8.4912e-08 0.34103 1.7969e-06 3.9359e-08 0.00080873 0.00063886 2.3752e-08 2.8967e-08 3.7194e-07
8.8594e-08 0.3507 1.8105e-06 3.6613e-08 0.0008039 0.00063726 2.3389e-08 3.0036e-08 2.7422e-07
9.3374e-08 0.36504 1.832e-06 3.4427e-08 0.00079961 0.00063585 2.3504e-08 3.1183e-08 1.9008e-07
9.6847e-08 0.37834 1.8505e-06 3.0739e-08 0.00079522 0.0006344 2.2833e-08 3.1377e-08 9.4171e-08
9.8934e-08 0.3901 1.8654e-06 4.8471e-08 0.00079069 0.0006329 2.1328e-08 3.057e-08 1.0309e-07
9.9641e-08 0.40087 1.877e-06 6.4227e-08 0.00078602 0.00063136 1.8992e-08 2.8775e-08 1.0217e-07
9.8958e-08 0.41074 1.885e-06 7.8017e-08 0.0007812 0.00062976 1.5812e-08 2.5986e-08 9.1366e-08
9.9508e-08 0.41271 1.9017e-06 9.4513e-08 0.00077697 0.00062837 1.317e-08 2.3329e-08 8.0719e-08
1.0135e-07 0.41601 1.9275e-06 1.1445e-07 0.0007733 0.00062717 1.0954e-08 2.0772e-08 6.9911e-08
1.0445e-07 0.42117 1.9625e-06 1.3844e-07 0.00077014 0.00062615 9.0201e-09 1.8237e-08 5.8189e-08
1.0575e-07 0.42553 1.9919e-06 1.5899e-07 0.00076586 0.000632 6.1111e-09 1.4591e-08 1.2549e-07
1.0516e-07 0.42917 2.0152e-06 1.7616e-07 0.00076132 0.00063767 8.8314e-09 2.1966e-08 1.7823e-07
1.066e-07 0.42958 2.0517e-06 1.9961e-07 0.00075752 0.00064386 1.2221e-08 3.0278e-08 2.4505e-07
1.0629e-07 0.42969 2.0826e-06 2.1962e-07 0.00075347 0.00064987 1.4561e-08 3.7286e-08 2.9709e-07
1.0421e-07 0.42941 2.1081e-06 2.3611e-07 0.00075007 0.00065638 1.7862e-08 4.3008e-08 3.3463e-07
1.0037e-07 0.42884 2.1282e-06 2.494e-07 0.00074645 0.00066273 2.0151e-08 4.7459e-08 3.5799e-07
9.4722e-08 0.42795 2.1428e-06 2.5953e-07 0.00074262 0.00066892 2.1437e-08 5.0644e-08 3.6722e-07
8.7069e-08 0.42672 2.1513e-06 2.6613e-07 0.00073855 0.00067494 2.1696e-08 5.2478e-08 3.6118e-07
7.7326e-08 0.42739 2.1535e-06 2.6644e-07 0.00073523 0.00068155 2.3084e-08 5.2946e-08 3.3859e-07
6.5419e-08 0.42769 2.1494e-06 2.6327e-07 0.00073165 0.00068795 2.3357e-08 5.2047e-08 3.001e-07
5.6156e-08 0.42928 2.1591e-06 2.6598e-07 0.0007288 0.00069498 2.4708e-08 5.2111e-08 2.7833e-07
4.4781e-08 0.43039 2.1622e-06 2.6505e-07 0.00072569 0.00070178 2.4879e-08 5.0769e-08 2.4088e-07
3.5607e-08 0.4295 2.0605e-06 2.698e-07 0.00072325 0.00070922 2.6136e-08 5.0322e-08 2.1571e-07
2.8201e-08 0.42667 1.9808e-06 2.5313e-07 0.00072147 0.00071736 2.8797e-08 5.0878e-08 1.1589e-07
3.5545e-08 0.42346 1.8902e-06 2.323e-07 0.00071945 0.00072525 3.0211e-08 5.0006e-08 1.264e-07
4.4929e-08 0.4189 1.8216e-06 1.9888e-07 0.00071714 0.00073285 3.0228e-08 5.0253e-08 1.4937e-07
5.2269e-08 0.41309 1.7437e-06 1.5971e-07 0.00071454 0.00074017 2.8927e-08 4.9038e-08 1.5832e-07
6.163e-08 0.3971 1.6836e-06 1.302e-07 0.0007126 0.00074818 2.8865e-08 4.8708e-08 1.7461e-07
7.3649e-08 0.35403 1.463e-06 1.081e-07 0.00071163 0.00075004 3.0087e-08 4.9266e-08 1.9969e-07
7.0871e-08 0.33201 1.2876e-06 9.238e-08 0.00071133 0.00075227 2.386e-08 5.0915e-08 2.38e-07
6.6214e-08 0.32942 1.0979e-06 7.3304e-08 0.0007108 0.00075437 1.6111e-08 5.1181e-08 2.6125e-07
5.9648e-08 0.32644 8.9296e-07 5.0664e-08 0.00071003 0.00075634 1.7737e-08 5.0064e-08 2.6966e-07
5.4874e-08 0.32512 7.2408e-07 3.3099e-08 0.00070986 0.00075864 2.0328e-08 4.984e-08 2.8986e-07
5.1642e-08 0.32049 5.8482e-07 1.9278e-08 0.00071028 0.00076129 2.4129e-08 5.0499e-08 3.2358e-07
4.6391e-08 0.31473 5.7993e-07 2.1484e-08 0.00071047 0.0007638 2.6686e-08 4.9714e-08 3.4115e-07
4.2785e-08 0.31193 5.8222e-07 2.4821e-08 0.00071131 0.00076671 3.0866e-08 4.998e-08 3.7609e-07
3.7369e-08 0.30832 5.801e-07 2.6124e-08 0.00071191 0.00076947 3.3636e-08 4.8798e-08 3.9371e-07
3.3585e-08 0.30681 5.2186e-07 2.9146e-08 0.00070771 0.00077417 3.0213e-08 4.8743e-08 4.3141e-07
3.0951e-08 0.30654 4.7558e-07 3.3672e-08 0.00070432 0.00077941 2.8351e-08 4.9673e-08 4.9143e-07
2.6692e-08 0.3059 4.2359e-07 3.6052e-08 0.00070064 0.00078444 2.5196e-08 4.9195e-08 5.3247e-07
2.3428e-08 0.3025 3.8205e-07 4.0108e-08 0.00069771 0.00079004 2.3406e-08 4.9691e-08 5.9879e-07
1.8676e-08 0.29836 3.3577e-07 4.2087e-08 0.00069455 0.00079545 2.0468e-08 4.8859e-08 6.4646e-07
1.4594e-08 0.29618 2.9771e-07 4.5612e-08 0.00069203 0.0008014 1.8552e-08 4.8826e-08 7.1943e-07
9.06e-09 0.29345 2.5516e-07 4.6998e-08 0.00068928 0.00080714 1.5522e-08 4.7458e-08 7.7246e-07
9.8042e-09 0.29002 2.5981e-07 4.6217e-08 0.00068627 0.0008127 1.1321e-08 4.4428e-08 8.053e-07
4.1686e-09 0.28838 2.6861e-07 4.7121e-08 0.00068393 0.00081882 8.124e-09 4.2263e-08 8.6617e-07
4.7266e-09 0.28615 2.7335e-07 4.5693e-08 0.00068129 0.00082468 1.0776e-08 3.8627e-08 9.0421e-07
5.0386e-09 0.28529 2.8222e-07 4.5957e-08 0.00067931 0.00083114 8.9271e-09 3.5797e-08 9.7306e-07
4.1385e-09 0.28397 2.8861e-07 4.3905e-08 0.00067704 0.00083734 6.0017e-09 3.1549e-08 1.018e-06
3.0547e-09 0.2839 3.0002e-07 4.3813e-08 0.00067447 0.00084325 3.878e-09 2.819e-08 1.1018e-06
1.718e-09 0.28505 3.1698e-07 4.5674e-08 0.0006726 0.00084981 2.1516e-09 2.5575e-08 1.0312e-06
3.3727e-09 0.28573 3.297e-07 4.513e-08 0.00067045 0.00085611 3.1454e-09 2.1595e-08 1.2597e-06
9.0045e-09 0.28596 3.2694e-07 4.1949e-08 0.00066801 0.00086214 1.0762e-08 2.3901e-08 1.4364e-06
1.5349e-08 0.28736 3.2864e-07 4.0405e-08 0.00066528 0.00086793 1.6455e-08 2.6666e-08 1.6807e-06
2.272e-08 0.29051 3.348e-07 4.0395e-08 0.00066228 0.00087349 2.0063e-08 2.998e-08 2.013e-06
2.846e-08 0.29302 3.3759e-07 3.83e-08 0.00065897 0.00087881 2.2437e-08 3.2035e-08 2.3025e-06
3.5399e-08 0.29778 3.4482e-07 3.7587e-08 0.00065632 0.00088467 2.6003e-08 3.4667e-08 2.694e-06
4.0534e-08 0.30157 3.4954e-07 3.4715e-08 0.00065339 0.00089031 2.8263e-08 3.5965e-08 3.0325e-06
4.7292e-08 0.30243 3.5948e-07 3.3386e-08 0.00065117 0.00089656 3.2093e-08 3.8023e-08 3.5058e-06
5.6067e-08 0.30328 3.7504e-07 3.3467e-08 0.00064893 0.00090281 3.5341e-08 4.0914e-08 4.1596e-06
6.2728e-08 0.30412 5.4293e-07 3.1579e-08 0.00064667 0.00090907 3.8008e-08 4.2481e-08 4.7427e-06
7.1677e-08 0.30496 7.4758e-07 3.1098e-08 0.00064441 0.00091532 4.0093e-08 4.4936e-08 5.5484e-06
8.3436e-08 0.30726 9.9711e-07 3.1902e-08 0.00064279 0.00092223 4.4043e-08 4.8367e-08 6.654e-06
9.29e-08 0.30899 1.2285e-06 3.0671e-08 0.00064093 0.0009289 4.6521e-08 5.038e-08 7.6358e-06
1.0581e-07 0.31277 1.2909e-06 3.0733e-08 0.0006397 0.00093627 5.1114e-08 5.347e-08 8.9872e-06
2.11e-07 0.31581 1.3455e-06 2.8859e-08 0.00063826 0.00094341 5.4608e-08 5.5169e-08 1.0204e-05
3.0672e-07 0.31817 1.3931e-06 2.4929e-08 0.00063658 0.00095029 5.6548e-08 5.5426e-08 1.1282e-05
3.9365e-07 0.31994 1.4339e-06 1.8892e-08 0.00063464 0.00095692 8.7497e-08 5.424e-08 1.2234e-05
5.0703e-07 0.32378 1.4897e-06 1.4171e-08 0.00063334 0.00096425 1.3035e-07 5.4126e-08 1.3558e-05
6.1003e-07 0.3268 1.5382e-06 7.4478e-09 0.0006318 0.00097132 1.6784e-07 5.2572e-08 1.473e-05
7.033e-07 0.32912 1.5796e-06 9.6742e-09 0.00063001 0.00097813 2.004e-07 4.9562e-08 1.5762e-05
7.8747e-07 0.33086 1.614e-06 1.0202e-08 0.00062797 0.00098469 2.2847e-07 4.5075e-08 1.6668e-05
8.9368e-07 0.33058 1.6621e-06 1.0894e-08 0.00062652 0.0009919 2.6723e-07 4.1538e-08 1.7909e-05
9.892e-07 0.3301 1.7026e-06 9.84e-09 0.00063628 0.00099861 3.0041e-07 3.6523e-08 2.6754e-05
1.1103e-06 0.32719 1.758e-06 8.9599e-09 0.00064746 0.001006 3.4649e-07 3.2393e-08 3.8621e-05
1.2632e-06 0.32591 1.8304e-06 8.187e-09 0.00066023 0.0010141 4.0991e-07 2.8999e-08 5.4548e-05
1.3073e-06 0.32163 1.9306e-06 7.7812e-09 0.00066361 0.0010237 5.0289e-07 2.6651e-08 6.0282e-05
1.3454e-06 0.3223 2.0213e-06 5.7064e-09 0.00066672 0.001033 5.8542e-07 2.3035e-08 9.8532e-05
1.4259e-06 0.32239 2.1884e-06 8.3551e-09 0.00066953 0.0010419 6.5647e-07 1.5064e-08 0.00012616
1.4976e-06 0.322 2.3407e-06 9.259e-09 0.00067305 0.0010518 7.6138e-07 1.7483e-08 0.0001508
1.5615e-06 0.32122 2.4803e-06 8.5337e-09 0.0006763 0.0010613 8.5472e-07 1.8744e-08 0.00017305
1.6453e-06 0.32153 2.6529e-06 7.8795e-09 0.00068029 0.0010717 9.8283e-07 2.0276e-08 0.00020294
1.7534e-06 0.31993 2.865e-06 7.251e-09 0.00068507 0.001083 1.0214e-06 2.2137e-08 0.00024307
1.8513e-06 0.31779 3.0608e-06 5.0213e-09 0.00068955 0.0010941 1.0542e-06 2.2808e-08 0.00027934
1.9362e-06 0.31521 3.2347e-06 8.6429e-09 0.00069368 0.0011047 1.0804e-06 4.0779e-08 0.00031037
2.0118e-06 0.31662 3.3935e-06 1.0171e-08 0.00069749 0.001115 1.1006e-06 5.6533e-08 0.000441
2.1108e-06 0.31973 3.5901e-06 1.1941e-08 0.00070208 0.0011262 1.134e-06 7.5191e-08 0.00061599
2.2038e-06 0.32209 3.7687e-06 3.3745e-08 0.00070633 0.001137 1.1611e-06 9.1516e-08 0.00077217
2.3274e-06 0.32239 3.9942e-06 6.2848e-08 0.00071001 0.0011469 1.2172e-06 1.1157e-07 0.00098759
2.4843e-06 0.32387 4.2697e-06 1.003e-07 0.00071445 0.0011578 1.2207e-06 1.3557e-07 0.0010579
2.6295e-06 0.32496 4.5276e-06 1.3347e-07 0.00071863 0.0011684 1.2203e-06 1.5729e-07 0.001123
2.7629e-06 0.3257 4.7678e-06 1.6239e-07 0.00072255 0.0011787 1.2156e-06 1.7667e-07 0.0011832
2.9274e-06 0.32756 5.0544e-06 1.9922e-07 0.00072716 0.0011898 1.2204e-06 1.9967e-07 0.0012591
3.1343e-06 0.33128 5.4024e-06 2.4757e-07 0.0007326 0.0012019 1.2362e-06 2.2753e-07 0.0013575
5.0467e-06 0.35267 8.4805e-06 5.2607e-07 0.00077947 0.0012283 1.4499e-06 7.0397e-07 0.0015885
5.4332e-06 0.35367 9.0717e-06 5.9192e-07 0.00078618 0.0012306 1.4742e-06 1.0481e-06 0.0015898
5.9297e-06 0.35634 9.804e-06 6.824e-07 0.00079407 0.0012334 1.5158e-06 1.4698e-06 0.0015928
