

TREE # 1

  0  0.0000   3095.474003  x:  0.00173   0.00000   0.10071   0.28047   0.09194   0.06719   0.03078   0.02814   0.02441   0.46065   0.06612   0.01773   0.01169   1.19355   0.97161  
  1 99.0000   3094.380381  x:  0.00605   0.00574   0.10076   0.28043   0.09241   0.06766   0.02891   0.02682   0.02053   0.46115   0.06706   0.01623   0.00951   1.19616   0.96934  
  2 323.9108   3092.079104  x:  0.00195   0.00817   0.10039   0.28015   0.09349   0.06876   0.02379   0.02335   0.00848   0.46274   0.07036   0.01297   0.00578   1.20467   0.96194  
  3 318.8874   3090.980455  x:  0.00313   0.00688   0.09997   0.27992   0.09416   0.06951   0.02145   0.02196   0.00176   0.46396   0.07304   0.01277   0.00847   1.21128   0.95616  
  4 471.4425   3081.405989  x:  0.00667   0.00163   0.09435   0.27668   0.10298   0.08102   0.01002   0.01773   0.00209   0.48404   0.11877   0.02260   0.00310   1.31667   0.86366  
  5 304.5677   3069.140679  x:  0.00000   0.01101   0.08895   0.27294   0.11296   0.09314   0.01717   0.01800   0.00075   0.50883   0.16922   0.02480   0.01160   1.44894   0.74683  
  6 3443.1042   3066.776303  x:  0.00051   0.01026   0.08854   0.27253   0.11373   0.09391   0.01959   0.01883   0.00000   0.51164   0.17382   0.02327   0.01091   1.46474   0.73266  
  7 3403.4731   3045.506154  x:  0.00030   0.00991   0.09708   0.27059   0.10309   0.07346   0.00441   0.04819   0.00000   0.54253   0.17499   0.00746   0.01486   1.68409   0.52378  
  8 1231.2799   3031.672634  x:  0.00000   0.01050   0.10210   0.27023   0.09628   0.06213   0.00580   0.05422   0.00000   0.55612   0.16907   0.01497   0.01253   1.79065   0.42036  
  9 5407.7865   3012.702328  x:  0.00118   0.00695   0.10867   0.27205   0.08614   0.05719   0.00544   0.02217   0.00000   0.57431   0.14136   0.00821   0.01688   1.98158   0.22884  
 10 2631.5564   3010.276811  x:  0.00089   0.00644   0.10504   0.27621   0.09523   0.08006   0.00438   0.02872   0.00000   0.57034   0.12470   0.01100   0.01594   2.02038   0.20030  
 11 259.1466   3005.710522  x:  0.00107   0.00521   0.08697   0.30806   0.12328   0.07289   0.00360   0.02249   0.00000   0.52397   0.09737   0.01211   0.01631   2.16953   0.23252  
 12 82.7805   3004.764089  x:  0.00110   0.00476   0.09114   0.31540   0.11942   0.07734   0.00358   0.02087   0.01192   0.50689   0.09216   0.01226   0.01641   2.21540   0.24443  
 13 273.5284   3002.969212  x:  0.00111   0.00420   0.10550   0.32069   0.09997   0.09050   0.00378   0.01912   0.00470   0.48018   0.08857   0.01223   0.01651   2.27692   0.26252  
 14 291.6152   3002.688065  x:  0.00109   0.00475   0.09645   0.30812   0.09465   0.09106   0.00382   0.01954   0.00529   0.46767   0.08801   0.01213   0.01640   2.28639   0.26334  
 15 25.8989   3002.481771  x:  0.00110   0.00460   0.10098   0.29444   0.10044   0.08983   0.00388   0.01943   0.00543   0.45681   0.08776   0.01207   0.01640   2.29271   0.26322  
 16 26.4104   2998.185466  x:  0.00048   0.00183   0.09488   0.31464   0.11211   0.09473   0.00876   0.02286   0.00683   0.45823   0.07819   0.00566   0.01376   2.40763   0.26141  
 17  2.3955   2997.897842  x:  0.00048   0.00156   0.09418   0.30278   0.11226   0.09744   0.00882   0.02171   0.00724   0.47669   0.07146   0.00576   0.01369   2.42063   0.26985  
 18 23.1116   2993.012098  x:  0.00118   0.00000   0.09874   0.30508   0.10874   0.08893   0.01073   0.02599   0.00707   0.48046   0.06885   0.01099   0.01209   2.53900   0.26932  
 19  0.3591   2986.742344  x:  0.00228   0.00000   0.10738   0.27967   0.09207   0.06623   0.01740   0.02109   0.00129   0.51995   0.09443   0.01495   0.00869   3.09034   0.25650  
 20  0.4453   2984.985139  x:  0.00254   0.00000   0.10738   0.29774   0.09702   0.07456   0.02017   0.02921   0.00351   0.51189   0.08045   0.01608   0.00701   3.44095   0.27971  
 21  0.2473   2984.571433  x:  0.00285   0.00000   0.10165   0.30032   0.10094   0.07662   0.02200   0.02438   0.00417   0.50750   0.08026   0.01655   0.00919   3.58566   0.27491  
 22  0.1405   2984.475643  x:  0.00300   0.00000   0.10368   0.29286   0.09839   0.07550   0.02301   0.02513   0.00332   0.51139   0.08310   0.01625   0.00942   3.67829   0.27714  
 23  0.0722   2984.460420  x:  0.00305   0.00000   0.10401   0.29524   0.09836   0.07439   0.02343   0.02498   0.00350   0.51087   0.08196   0.01581   0.00928   3.70451   0.27472  
 24  0.0211   2984.446961  x:  0.00307   0.00000   0.10338   0.29623   0.09914   0.07545   0.02390   0.02493   0.00349   0.51229   0.08282   0.01510   0.00918   3.71048   0.27625  
 25  0.0039   2984.441696  x:  0.00306   0.00000   0.10346   0.29487   0.09868   0.07534   0.02396   0.02496   0.00332   0.51099   0.08238   0.01470   0.00922   3.68772   0.27621  
 26  0.0126   2984.438235  x:  0.00306   0.00000   0.10354   0.29477   0.09878   0.07486   0.02424   0.02486   0.00368   0.51091   0.08257   0.01481   0.00932   3.66794   0.27588  
 27  0.0066   2984.435347  x:  0.00309   0.00000   0.10357   0.29532   0.09870   0.07511   0.02473   0.02482   0.00338   0.51094   0.08248   0.01498   0.00934   3.66582   0.27588  
 28  0.0013   2984.435043  x:  0.00308   0.00000   0.10354   0.29504   0.09870   0.07516   0.02482   0.02493   0.00347   0.51096   0.08235   0.01498   0.00929   3.66778   0.27586  
 29  0.0017   2984.434984  x:  0.00306   0.00000   0.10358   0.29500   0.09870   0.07519   0.02482   0.02491   0.00345   0.51090   0.08241   0.01499   0.00926   3.66633   0.27569  
 30  0.0005   2984.434896  x:  0.00303   0.00000   0.10356   0.29509   0.09869   0.07516   0.02483   0.02491   0.00347   0.51093   0.08239   0.01498   0.00927   3.66815   0.27581  
 31  0.0004   2984.434894  x:  0.00302   0.00000   0.10356   0.29504   0.09870   0.07516   0.02484   0.02491   0.00347   0.51094   0.08238   0.01498   0.00928   3.66791   0.27582  
 32  0.0002   2984.434894  x:  0.00302   0.00000   0.10356   0.29504   0.09870   0.07516   0.02484   0.02491   0.00347   0.51094   0.08238   0.01498   0.00928   3.66790   0.27581  
 33  0.0000   2984.434894  x:  0.00302   0.00000   0.10356   0.29504   0.09870   0.07516   0.02484   0.02491   0.00347   0.51094   0.08238   0.01498   0.00928   3.66790   0.27581  
 34  0.0000   2984.434894  x:  0.00302   0.00000   0.10356   0.29504   0.09870   0.07516   0.02484   0.02491   0.00347   0.51094   0.08238   0.01498   0.00928   3.66790   0.27581  
 35  0.0000   2984.434894  x:  0.00302   0.00000   0.10356   0.29504   0.09870   0.07516   0.02484   0.02491   0.00347   0.51094   0.08238   0.01498   0.00928   3.66790   0.27581  