

TREE # 1

  0  0.0000   3021.301837  x:  0.00572   0.00000   0.09096   0.25829   0.09549   0.06196   0.03364   0.03275   0.01070   0.42464   0.07814   0.01449   0.01008   1.13681   1.04534  
  1 99.0000   3019.761538  x:  0.00651   0.01136   0.09128   0.25889   0.09641   0.06289   0.03059   0.02874   0.00624   0.42563   0.07811   0.01257   0.00898   1.14057   1.04263  
  2 385.4939   3017.756781  x:  0.00583   0.01035   0.09111   0.25970   0.09747   0.06418   0.02666   0.02349   0.00000   0.42717   0.07848   0.01130   0.00878   1.14665   1.03823  
  3 275.6982   3013.749838  x:  0.01789   0.00733   0.08791   0.26563   0.10527   0.07577   0.01901   0.01357   0.00000   0.43821   0.08471   0.02139   0.01162   1.19054   1.00617  
  4 418.1343   2995.102358  x:  0.01159   0.00071   0.07907   0.28622   0.12878   0.10722   0.01708   0.02095   0.00000   0.47788   0.10140   0.01710   0.00134   1.35395   0.88557  
  5 895.4327   2991.652774  x:  0.01020   0.00000   0.07791   0.28912   0.13200   0.11146   0.01701   0.02201   0.00000   0.48349   0.10362   0.01613   0.00238   1.37727   0.86831  
  6 17728.7835   2991.652774  x:  0.01020   0.00000   0.07791   0.28912   0.13200   0.11146   0.01701   0.02201   0.00000   0.48349   0.10362   0.01613   0.00238   1.37727   0.86831  
  7 1270.8980   2989.176986  x:  0.00872   0.00195   0.07852   0.28893   0.13124   0.11005   0.01870   0.02203   0.00000   0.48338   0.10277   0.01538   0.01241   1.37818   0.86733  
  8 861.4520   2986.884483  x:  0.00253   0.00378   0.08117   0.28792   0.12733   0.10295   0.02516   0.02196   0.00000   0.48276   0.09842   0.01099   0.01167   1.38283   0.86230  
  9 264.5648   2984.030743  x:  0.00817   0.00539   0.08702   0.28549   0.11825   0.08642   0.03548   0.02144   0.00000   0.48129   0.08849   0.00565   0.01107   1.39415   0.85004  
 10 570.4709   2980.945181  x:  0.00965   0.00428   0.09408   0.28206   0.10604   0.06462   0.04403   0.02049   0.00000   0.47918   0.07577   0.01457   0.01069   1.41042   0.83232  
 11 909.4569   2978.710053  x:  0.00845   0.00000   0.09603   0.27981   0.10029   0.05720   0.03759   0.02029   0.00000   0.47772   0.07224   0.01252   0.01158   1.42257   0.81880  
 12 294.4386   2975.541716  x:  0.00691   0.00792   0.10025   0.27472   0.08900   0.04562   0.02149   0.02071   0.00000   0.47428   0.06668   0.01050   0.01093   1.45278   0.78495  
 13 887.4167   2947.288790  x:  0.00725   0.00676   0.11808   0.23182   0.03442   0.07468   0.02022   0.04003   0.00000   0.44346   0.07315   0.01163   0.01085   1.74109   0.45616  
 14 474.2845   2924.785386  x:  0.00703   0.00541   0.12853   0.20530   0.04869   0.07716   0.01976   0.03839   0.00000   0.42236   0.07374   0.01173   0.01086   1.95499   0.20968  
 15 3144.0081   2922.509297  x:  0.00708   0.00608   0.11653   0.22840   0.04269   0.07531   0.02171   0.02295   0.00000   0.42607   0.07894   0.01157   0.01079   1.99788   0.18977  
 16 148.9578   2919.538461  x:  0.00734   0.00578   0.09926   0.27195   0.04494   0.06921   0.02261   0.04420   0.00000   0.43611   0.07788   0.01168   0.01078   2.08933   0.17931  
 17 207.5694   2910.146068  x:  0.00651   0.00247   0.12807   0.32565   0.05746   0.09314   0.01829   0.03266   0.00000   0.46394   0.04983   0.01156   0.01110   2.42828   0.22875  
 18 215.4681   2902.653899  x:  0.00682   0.00162   0.14158   0.33835   0.06664   0.07581   0.02235   0.02729   0.00000   0.48665   0.09948   0.01236   0.01082   2.76214   0.29138  
 19 647.8620   2898.222365  x:  0.00726   0.00428   0.08823   0.31064   0.06936   0.07212   0.02695   0.02072   0.00000   0.49160   0.09284   0.01218   0.01069   2.91557   0.32625  
 20 237.8033   2898.179010  x:  0.00726   0.00431   0.08793   0.31253   0.06968   0.07211   0.02700   0.02060   0.00000   0.47928   0.09292   0.01218   0.01069   2.91846   0.32758  
 21  3.9701   2891.050332  x:  0.00615   0.00000   0.09879   0.28961   0.09018   0.07910   0.02696   0.01855   0.00000   0.47997   0.08807   0.01210   0.01063   3.33843   0.28303  
 22  0.7866   2889.068892  x:  0.00506   0.00000   0.09045   0.28309   0.10676   0.07783   0.02553   0.02819   0.00000   0.47913   0.08279   0.01180   0.01023   3.76591   0.25968  
 23  0.4141   2888.444657  x:  0.00493   0.00000   0.09590   0.29226   0.11344   0.07628   0.02592   0.02057   0.00000   0.48159   0.08212   0.01191   0.00983   4.00741   0.26350  
 24  0.2161   2888.359558  x:  0.00527   0.00000   0.09374   0.29432   0.11369   0.07457   0.02606   0.02196   0.00000   0.48314   0.08274   0.01205   0.00963   4.10016   0.27492  
 25  0.0712   2888.323164  x:  0.00538   0.00000   0.09601   0.29351   0.11237   0.07566   0.02493   0.02199   0.00000   0.48583   0.08237   0.01201   0.00952   4.18523   0.27461  
 26  0.0346   2888.305115  x:  0.00541   0.00000   0.09521   0.29168   0.10988   0.07564   0.02583   0.02172   0.00000   0.48413   0.08178   0.01205   0.00947   4.20842   0.27474  
 27  0.0134   2888.301640  x:  0.00529   0.00000   0.09491   0.29273   0.10901   0.07543   0.02550   0.02185   0.00000   0.48364   0.08229   0.01198   0.00954   4.20437   0.27423  
 28  0.0036   2888.301311  x:  0.00530   0.00000   0.09510   0.29317   0.10900   0.07531   0.02562   0.02185   0.00000   0.48398   0.08238   0.01200   0.00956   4.20544   0.27390  
 29  0.0012   2888.301270  x:  0.00530   0.00000   0.09501   0.29321   0.10903   0.07532   0.02561   0.02181   0.00000   0.48410   0.08239   0.01201   0.00957   4.20682   0.27384  
 30  0.0014   2888.301264  x:  0.00530   0.00000   0.09500   0.29320   0.10904   0.07534   0.02561   0.02183   0.00000   0.48405   0.08239   0.01201   0.00958   4.20728   0.27381  
 31  0.0003   2888.301263  x:  0.00530   0.00000   0.09501   0.29319   0.10904   0.07533   0.02561   0.02182   0.00000   0.48405   0.08240   0.01201   0.00959   4.20726   0.27383  
 32  0.0000   2888.301263  x:  0.00530   0.00000   0.09501   0.29319   0.10904   0.07533   0.02561   0.02182   0.00000   0.48405   0.08240   0.01201   0.00959   4.20724   0.27383  
 33  0.0000   2888.301263  x:  0.00530   0.00000   0.09501   0.29319   0.10904   0.07533   0.02561   0.02182   0.00000   0.48405   0.08240   0.01201   0.00959   4.20724   0.27383  
 34  0.0000   2888.301263  x:  0.00530   0.00000   0.09501   0.29319   0.10904   0.07533   0.02561   0.02182   0.00000   0.48405   0.08240   0.01201   0.00959   4.20724   0.27383  
 35  0.0000   2888.301263  x:  0.00530   0.00000   0.09501   0.29319   0.10904   0.07533   0.02561   0.02182   0.00000   0.48405   0.08240   0.01201   0.00959   4.20724   0.27383  
 36  0.0000   2888.301263  x:  0.00530   0.00000   0.09501   0.29319   0.10904   0.07533   0.02561   0.02182   0.00000   0.48405   0.08240   0.01201   0.00959   4.20724   0.27383  
check convergence!
