

TREE # 1

  0  0.0000   2051.416939  x:  0.54389   0.06175   0.09443   0.00000   0.05834   0.05962   0.06557   0.02266   0.02685   0.03051   0.01613   0.02449   0.02318   0.07665   0.09498   0.01051   0.33711   1.18384   1.19364  
  1 99.0000   2051.413537  x:  0.54389   0.06176   0.09443   0.00000   0.05834   0.05962   0.06556   0.02265   0.02685   0.03051   0.01613   0.02449   0.02318   0.07665   0.09498   0.01051   0.33711   1.18384   1.19364  
  2 493.4019   2037.311634  x:  0.55934   0.06823   0.09706   0.00000   0.04783   0.05064   0.05425   0.00773   0.01741   0.03164   0.01499   0.01607   0.01556   0.06877   0.08849   0.00000   0.35433   1.18682   1.19005  
  3 1674.4533   2032.703850  x:  0.56559   0.06244   0.09619   0.00000   0.04377   0.04765   0.04945   0.00000   0.01559   0.03039   0.01565   0.01561   0.01526   0.06626   0.08652   0.00024   0.35932   1.18840   1.18828  
  4 691.2770   2027.369418  x:  0.59027   0.06186   0.09842   0.00000   0.03314   0.04405   0.03296   0.00000   0.03027   0.03778   0.01010   0.02634   0.02920   0.06172   0.08511   0.00000   0.36697   1.19727   1.17787  
  5 232.0361   2027.369418  x:  0.59027   0.06186   0.09842   0.00000   0.03314   0.04405   0.03296   0.00000   0.03027   0.03778   0.01010   0.02634   0.02920   0.06172   0.08511   0.00000   0.36697   1.19727   1.17787  
  6 273.8159   2008.866425  x:  0.61851   0.08785   0.10585   0.00000   0.01547   0.02758   0.01495   0.00000   0.00733   0.03698   0.02045   0.00414   0.00745   0.04705   0.08012   0.14923   0.40254   1.20305   1.17071  
  7 913.2353   2002.159569  x:  0.63253   0.09547   0.10807   0.00000   0.00938   0.02238   0.01176   0.00000   0.00401   0.03698   0.01809   0.00000   0.00562   0.04141   0.07285   0.14653   0.41828   1.20598   1.16689  
  8 303.2727   2002.159569  x:  0.63253   0.09547   0.10807   0.00000   0.00938   0.02238   0.01176   0.00000   0.00401   0.03698   0.01809   0.00000   0.00562   0.04141   0.07285   0.14653   0.41828   1.20598   1.16689  
  9 9704.1135   1998.953880  x:  0.64385   0.10038   0.10957   0.03801   0.00529   0.02039   0.01263   0.00000   0.01117   0.03712   0.01905   0.00209   0.00862   0.03803   0.06725   0.13730   0.43049   1.20847   1.16365  
 10 533.3543   1997.493866  x:  0.64643   0.10134   0.10976   0.03878   0.00543   0.02010   0.01266   0.00000   0.01061   0.03713   0.01919   0.00000   0.00844   0.03737   0.06578   0.13514   0.43323   1.20904   1.16290  
 11 373.0801   1994.682590  x:  0.65584   0.10378   0.10999   0.03959   0.00084   0.02083   0.01238   0.00000   0.01194   0.03710   0.01910   0.00000   0.01010   0.03670   0.06095   0.12700   0.44273   1.21129   1.15992  
 12 1287.7240   1974.936544  x:  0.75518   0.11952   0.10852   0.04195   0.00417   0.04401   0.00622   0.00000   0.05893   0.03691   0.01285   0.00000   0.04747   0.04581   0.01532   0.03865   0.53807   1.23663   1.12610  
 13 1464.7904   1970.936287  x:  0.79228   0.11963   0.10611   0.03909   0.00475   0.04590   0.02842   0.00000   0.07586   0.03602   0.02407   0.00000   0.05232   0.04982   0.02792   0.01567   0.56974   1.24769   1.11100  
 14 418.1411   1959.265373  x:  0.90347   0.10950   0.09676   0.02665   0.00574   0.03196   0.00498   0.00000   0.11666   0.03096   0.02242   0.00000   0.04281   0.05309   0.09298   0.01846   0.65524   1.28500   1.05897  
 15 302.2209   1957.446062  x:  0.92378   0.10572   0.09580   0.02312   0.00584   0.02950   0.01141   0.00000   0.12541   0.03245   0.01070   0.00000   0.03792   0.05242   0.09517   0.02695   0.66718   1.29366   1.04626  
 16 280.1031   1953.355410  x:  0.97312   0.08848   0.09708   0.00929   0.00570   0.02765   0.01669   0.00000   0.15614   0.04570   0.02603   0.00000   0.01147   0.05128   0.07545   0.05621   0.67921   1.32311   1.00062  
 17 206.4729   1951.342827  x:  0.99044   0.08582   0.10639   0.00327   0.00560   0.02552   0.01614   0.00000   0.16055   0.03464   0.02447   0.00000   0.00337   0.05066   0.07413   0.05179   0.66278   1.34476   0.96337  
 18 95.1513   1950.215089  x:  1.00178   0.08397   0.11188   0.00000   0.00568   0.02308   0.01629   0.00000   0.15957   0.03083   0.02501   0.00000   0.00650   0.04903   0.07323   0.05201   0.65285   1.35863   0.93943  
 19 586.9116   1938.919709  x:  1.16390   0.04026   0.16711   0.00521   0.00540   0.04016   0.01580   0.00000   0.12757   0.01817   0.02425   0.00000   0.01289   0.06128   0.07036   0.04830   0.53096   1.54706   0.61435  
 20 508.9863   1937.001227  x:  1.19029   0.04133   0.17767   0.00377   0.00522   0.03905   0.01381   0.00000   0.12483   0.03760   0.02013   0.00000   0.01138   0.06320   0.07505   0.04054   0.50428   1.58586   0.54425  
 21 507.3604   1935.729595  x:  1.18462   0.06562   0.16297   0.00439   0.00537   0.02986   0.01502   0.00000   0.13412   0.03252   0.02266   0.00000   0.01187   0.06529   0.07241   0.04599   0.50546   1.61495   0.48211  
 22 64.1239   1935.051592  x:  1.16795   0.05637   0.14473   0.00434   0.00533   0.02891   0.01432   0.00000   0.13425   0.03181   0.02169   0.00000   0.01157   0.05535   0.07186   0.04105   0.51424   1.63343   0.44596  
 23 56.6499   1934.866370  x:  1.15674   0.05736   0.14925   0.00365   0.00534   0.03903   0.01455   0.00000   0.13033   0.03191   0.02185   0.00000   0.01126   0.05640   0.07361   0.04347   0.52369   1.64525   0.43702  
 24 20.8421   1934.634227  x:  1.14146   0.05129   0.16017   0.00374   0.00527   0.03396   0.01450   0.00000   0.12739   0.03247   0.02161   0.00000   0.01129   0.06832   0.07251   0.04346   0.53716   1.66825   0.43181  
 25 23.6563   1933.881582  x:  1.11571   0.05150   0.17486   0.00435   0.00545   0.03021   0.01427   0.00000   0.13927   0.03281   0.02187   0.00000   0.01215   0.04726   0.07397   0.04172   0.55469   1.78575   0.45816  
 26 15.1191   1932.908830  x:  1.09131   0.06241   0.13968   0.00395   0.00522   0.03352   0.01378   0.00000   0.12586   0.03400   0.02068   0.00000   0.01151   0.06172   0.07240   0.03953   0.56399   1.95028   0.51036  
 27 44.8759   1901.928874  x:  1.27755   0.08702   0.11842   0.00636   0.00259   0.02992   0.00754   0.00000   0.00550   0.03825   0.00987   0.00000   0.01437   0.05249   0.05336   0.00000   0.74735   1.64028   0.49723  
 28  0.4407   1900.315904  x:  1.29213   0.08844   0.11730   0.00658   0.00254   0.02928   0.00776   0.00000   0.00161   0.03860   0.01039   0.00000   0.01459   0.05116   0.05071   0.00400   0.75970   1.62584   0.49612  
 29  1.0929   1893.182476  x:  1.43703   0.10220   0.11222   0.00850   0.00259   0.01710   0.00990   0.00000   0.02087   0.04124   0.01531   0.00000   0.01553   0.02947   0.03289   0.03118   0.87169   1.50582   0.47994  
 30  2.6667   1888.455507  x:  1.61030   0.11398   0.15255   0.00791   0.00449   0.02302   0.01302   0.00000   0.01821   0.04011   0.02185   0.00000   0.01266   0.02444   0.04210   0.02793   0.97201   2.01188   0.45578  
 31  0.3475   1887.783775  x:  1.66193   0.11583   0.14938   0.00798   0.00486   0.01560   0.01335   0.00000   0.01648   0.03923   0.02227   0.00000   0.01089   0.03585   0.04078   0.02639   0.99741   2.00663   0.43875  
 32  0.1062   1886.869730  x:  1.76262   0.11662   0.13087   0.00758   0.00556   0.01886   0.01329   0.00000   0.01190   0.03722   0.02180   0.00000   0.00693   0.03057   0.04044   0.02216   1.04271   1.90731   0.40438  
 33  0.1630   1886.675198  x:  1.78098   0.10969   0.13570   0.00811   0.00603   0.01836   0.01214   0.00000   0.00866   0.03676   0.01917   0.00000   0.00736   0.02918   0.04656   0.01984   1.04092   1.89824   0.41682  
 34  0.0143   1886.600665  x:  1.77469   0.10502   0.13968   0.00840   0.00622   0.02048   0.01236   0.00000   0.00727   0.03653   0.01933   0.00000   0.00757   0.03197   0.04439   0.02012   1.03020   1.91263   0.41852  
 35  0.0171   1886.553428  x:  1.76491   0.10280   0.14102   0.00879   0.00631   0.01875   0.01262   0.00000   0.00659   0.03655   0.01985   0.00000   0.00779   0.03032   0.04108   0.02109   1.02293   1.92501   0.41594  
 36  0.0209   1886.497258  x:  1.74859   0.10300   0.14100   0.00888   0.00643   0.01884   0.01272   0.00000   0.00757   0.03724   0.01997   0.00000   0.00748   0.03060   0.04089   0.02520   1.01592   1.92132   0.41124  
 37  0.0103   1886.448347  x:  1.76087   0.10317   0.13964   0.00920   0.00676   0.01903   0.01270   0.00000   0.00624   0.03742   0.01983   0.00000   0.00678   0.03037   0.03996   0.02785   1.02277   1.90255   0.41273  
 38  0.0146   1886.436896  x:  1.75992   0.10519   0.13921   0.00936   0.00672   0.01904   0.01274   0.00000   0.00652   0.03732   0.02009   0.00000   0.00727   0.03033   0.03800   0.02943   1.02598   1.90558   0.41615  
 39  0.0052   1886.433603  x:  1.76104   0.10628   0.13885   0.00928   0.00669   0.01896   0.01260   0.00000   0.00632   0.03700   0.01993   0.00000   0.00736   0.03052   0.03811   0.02999   1.02812   1.91167   0.41399  
 40  0.0041   1886.431547  x:  1.75917   0.10692   0.13792   0.00886   0.00649   0.01911   0.01253   0.00000   0.00639   0.03696   0.01992   0.00000   0.00730   0.03039   0.03796   0.03008   1.02855   1.91477   0.41469  
 41  0.0012   1886.430626  x:  1.75830   0.10639   0.13874   0.00867   0.00641   0.01901   0.01256   0.00000   0.00626   0.03702   0.01996   0.00000   0.00737   0.03040   0.03808   0.03016   1.02766   1.91140   0.41508  
 42  0.0022   1886.430499  x:  1.75923   0.10624   0.13885   0.00864   0.00641   0.01898   0.01262   0.00000   0.00630   0.03704   0.02001   0.00000   0.00737   0.03045   0.03808   0.03027   1.02778   1.91032   0.41456  
 43  0.0009   1886.430459  x:  1.76014   0.10608   0.13888   0.00863   0.00641   0.01900   0.01262   0.00000   0.00630   0.03702   0.01999   0.00000   0.00738   0.03042   0.03804   0.03032   1.02779   1.91129   0.41456  
 44  0.0007   1886.430456  x:  1.76029   0.10607   0.13892   0.00862   0.00641   0.01899   0.01262   0.00000   0.00630   0.03701   0.01998   0.00000   0.00738   0.03042   0.03805   0.03031   1.02779   1.91137   0.41456  
 45  0.0001   1886.430455  x:  1.76034   0.10607   0.13892   0.00862   0.00642   0.01900   0.01261   0.00000   0.00630   0.03701   0.01999   0.00000   0.00738   0.03043   0.03804   0.03031   1.02773   1.91125   0.41455  
 46  0.0000   1886.430455  x:  1.76031   0.10608   0.13891   0.00862   0.00642   0.01899   0.01261   0.00000   0.00630   0.03701   0.01999   0.00000   0.00738   0.03042   0.03805   0.03031   1.02771   1.91130   0.41456  
 47  0.0000   1886.430455  x:  1.76031   0.10608   0.13891   0.00862   0.00642   0.01899   0.01261   0.00000   0.00630   0.03701   0.01999   0.00000   0.00738   0.03042   0.03804   0.03031   1.02772   1.91132   0.41456  
 48  0.0000   1886.430455  x:  1.76030   0.10608   0.13891   0.00862   0.00642   0.01899   0.01261   0.00000   0.00630   0.03701   0.01998   0.00000   0.00738   0.03042   0.03804   0.03031   1.02773   1.91130   0.41456  
 49  0.0000   1886.430455  x:  1.76030   0.10608   0.13891   0.00862   0.00642   0.01899   0.01261   0.00000   0.00630   0.03701   0.01998   0.00000   0.00738   0.03042   0.03804   0.03031   1.02773   1.91130   0.41456  
 50  0.0000   1886.430455  x:  1.76030   0.10608   0.13891   0.00862   0.00642   0.01899   0.01261   0.00000   0.00630   0.03701   0.01998   0.00000   0.00738   0.03042   0.03804   0.03031   1.02773   1.91130   0.41456  
 51  0.0000   1886.430455  x:  1.76030   0.10608   0.13891   0.00862   0.00642   0.01899   0.01261   0.00000   0.00630   0.03701   0.01998   0.00000   0.00738   0.03042   0.03804   0.03031   1.02773   1.91130   0.41456  
 52  0.0000   1886.430455  x:  1.76030   0.10608   0.13891   0.00862   0.00642   0.01899   0.01261   0.00000   0.00630   0.03701   0.01998   0.00000   0.00738   0.03042   0.03804   0.03031   1.02773   1.91130   0.41456  
 53  0.0000   1886.430455  x:  1.76030   0.10608   0.13891   0.00862   0.00642   0.01899   0.01261   0.00000   0.00630   0.03701   0.01998   0.00000   0.00738   0.03042   0.03804   0.03031   1.02773   1.91130   0.41456  