

TREE # 1

  0  0.0000   2981.253233  x:  0.00473   0.00000   0.09782   0.25503   0.09379   0.06545   0.02552   0.03403   0.01713   0.32603   0.07987   0.02834   0.01806   0.99483   0.86943  
  1 99.0000   2976.914916  x:  0.00000   0.00634   0.09887   0.25608   0.09401   0.06729   0.02513   0.02821   0.00991   0.32850   0.07927   0.02211   0.01144   0.99972   0.86587  
  2 401.2635   2973.942569  x:  0.00457   0.00662   0.09997   0.25744   0.09439   0.06994   0.02480   0.02119   0.00101   0.33186   0.07885   0.01501   0.00509   1.00651   0.86089  
  3 808.5023   2973.466003  x:  0.00440   0.00620   0.10009   0.25766   0.09444   0.07033   0.02480   0.02038   0.00000   0.33240   0.07882   0.01441   0.00559   1.00763   0.86007  
  4 501.6646   2970.893754  x:  0.00086   0.00000   0.10073   0.26021   0.09520   0.07493   0.02537   0.01738   0.00000   0.33870   0.07950   0.01658   0.00379   1.02096   0.85014  
  5 524.1632   2952.497708  x:  0.00248   0.00295   0.11097   0.30037   0.10864   0.14030   0.03510   0.00970   0.00000   0.43475   0.09493   0.06992   0.01735   1.22918   0.69399  
  6 1010.3491   2944.215833  x:  0.00087   0.00000   0.11157   0.30878   0.10951   0.14622   0.03220   0.02778   0.00000   0.45674   0.09555   0.06653   0.01940   1.28783   0.64752  
  7 1055.6462   2918.977377  x:  0.00154   0.00000   0.09778   0.31921   0.10072   0.10180   0.00551   0.02417   0.00000   0.49539   0.09206   0.07044   0.01888   1.47428   0.48268  
  8 697.7916   2894.035567  x:  0.00220   0.00000   0.08104   0.32972   0.08934   0.04230   0.01667   0.02017   0.00000   0.53857   0.08658   0.06916   0.01732   1.70406   0.27677  
  9 6835.5917   2880.814656  x:  0.00299   0.00000   0.08897   0.32086   0.08957   0.06330   0.01690   0.01857   0.00000   0.53081   0.08347   0.05236   0.01301   1.82454   0.15966  
 10 637.1521   2869.116658  x:  0.00335   0.00000   0.12417   0.32936   0.13579   0.06117   0.01846   0.01462   0.00000   0.51024   0.10936   0.02035   0.00464   2.06318   0.18777  
 11 135.8708   2861.842367  x:  0.00500   0.00000   0.10556   0.32385   0.11255   0.07908   0.02119   0.01206   0.00000   0.47502   0.08612   0.01062   0.00163   2.22487   0.22356  
 12 294.8090   2855.695894  x:  0.00495   0.00000   0.12272   0.29120   0.10188   0.08194   0.02205   0.01242   0.00000   0.38625   0.06693   0.02032   0.00322   2.39350   0.24625  
 13 309.6045   2854.651475  x:  0.00430   0.00000   0.11245   0.28277   0.09763   0.08452   0.02230   0.01244   0.00000   0.36581   0.08542   0.01958   0.00377   2.42339   0.24916  
 14 132.9910   2854.599091  x:  0.00424   0.00000   0.10850   0.28191   0.10216   0.08495   0.02232   0.01244   0.00000   0.36415   0.08437   0.01961   0.00386   2.42485   0.24902  
 15 17.0770   2851.656997  x:  0.00201   0.00000   0.10259   0.33522   0.09693   0.08938   0.02419   0.01870   0.00000   0.36545   0.07975   0.01153   0.00676   2.59569   0.24786  
 16  0.2582   2850.258934  x:  0.00115   0.00000   0.10194   0.29727   0.09494   0.09136   0.02510   0.02135   0.00000   0.39619   0.07846   0.00804   0.00787   2.67502   0.25422  
 17 52.7331   2848.430757  x:  0.00000   0.00000   0.10297   0.29262   0.09614   0.09056   0.02579   0.02194   0.00000   0.40219   0.07920   0.01067   0.00808   2.78935   0.25398  
 18  0.4140   2845.254136  x:  0.00000   0.00000   0.12064   0.29282   0.10862   0.07784   0.02745   0.02251   0.00000   0.38041   0.08351   0.01101   0.00894   3.41819   0.23418  
 19  0.7819   2843.608330  x:  0.00000   0.00000   0.10483   0.30425   0.09870   0.08460   0.02972   0.01911   0.00000   0.41243   0.08368   0.01509   0.01068   3.76883   0.25097  
 20  0.4168   2843.417613  x:  0.00000   0.00000   0.10892   0.29421   0.10086   0.08459   0.02903   0.01796   0.00000   0.40535   0.08167   0.01562   0.01069   3.93985   0.25765  
 21  0.1068   2843.363170  x:  0.00000   0.00000   0.10836   0.30170   0.10146   0.08433   0.02738   0.01757   0.00000   0.40641   0.08290   0.01564   0.01049   4.01730   0.25766  
 22  0.0341   2843.334906  x:  0.00000   0.00000   0.10766   0.29843   0.10050   0.08505   0.02583   0.01841   0.00000   0.40753   0.08265   0.01529   0.01009   4.02320   0.25817  
 23  0.0039   2843.332229  x:  0.00000   0.00000   0.10834   0.29867   0.10091   0.08540   0.02585   0.01841   0.00000   0.40794   0.08237   0.01520   0.00991   4.00444   0.25834  
 24  0.0109   2843.330535  x:  0.00000   0.00000   0.10791   0.29872   0.10063   0.08544   0.02593   0.01817   0.00000   0.40765   0.08227   0.01524   0.00968   4.00445   0.25827  
 25  0.0003   2843.329846  x:  0.00000   0.00000   0.10803   0.29864   0.10077   0.08535   0.02606   0.01826   0.00000   0.40801   0.08255   0.01527   0.00958   4.01311   0.25838  
 26  0.0048   2843.329791  x:  0.00000   0.00000   0.10802   0.29869   0.10073   0.08533   0.02608   0.01830   0.00000   0.40794   0.08244   0.01526   0.00957   4.01373   0.25838  
 27  0.0005   2843.329789  x:  0.00000   0.00000   0.10801   0.29871   0.10073   0.08532   0.02608   0.01830   0.00000   0.40796   0.08244   0.01525   0.00957   4.01404   0.25842  
 28  0.0002   2843.329789  x:  0.00000   0.00000   0.10802   0.29870   0.10073   0.08532   0.02609   0.01830   0.00000   0.40795   0.08244   0.01525   0.00957   4.01397   0.25842  
 29  0.0001   2843.329789  x:  0.00000   0.00000   0.10802   0.29870   0.10073   0.08532   0.02609   0.01830   0.00000   0.40795   0.08244   0.01525   0.00957   4.01399   0.25841  
 30  0.0000   2843.329789  x:  0.00000   0.00000   0.10802   0.29870   0.10073   0.08532   0.02609   0.01830   0.00000   0.40795   0.08244   0.01525   0.00957   4.01398   0.25841  
 31  0.0000   2843.329789  x:  0.00000   0.00000   0.10802   0.29870   0.10073   0.08532   0.02609   0.01830   0.00000   0.40795   0.08244   0.01525   0.00957   4.01399   0.25841  
 32  0.0000   2843.329789  x:  0.00000   0.00000   0.10802   0.29870   0.10073   0.08532   0.02609   0.01830   0.00000   0.40795   0.08244   0.01525   0.00957   4.01399   0.25841  