

TREE # 1

  0  0.0000   3727.790739  x:  0.07286   0.05880   0.04557   0.11717   0.01308   0.02698   0.00631   0.00000   0.10925   0.22846   0.03655   0.07431   0.06113   0.00871   0.06534   0.00537   0.04444   0.02696   0.02439   0.02685   0.04007   0.03981   0.07359   0.02674   0.02716   0.00343   0.01786   0.01528   0.00449   0.02136   0.01938   0.98336   0.96012  
  1 99.0000   3715.025460  x:  0.07252   0.05912   0.04658   0.11699   0.01178   0.02498   0.00342   0.00087   0.10903   0.22919   0.03560   0.07533   0.06169   0.00731   0.06577   0.00486   0.04236   0.02353   0.02097   0.02636   0.03891   0.03975   0.07400   0.02435   0.02460   0.00000   0.01463   0.01186   0.00106   0.01824   0.01744   0.98502   0.95872  
  2 1147.4755   3711.762128  x:  0.07244   0.05919   0.04680   0.11694   0.01155   0.02445   0.00255   0.00029   0.10895   0.22940   0.03536   0.07559   0.06183   0.00717   0.06588   0.00502   0.04179   0.02247   0.01991   0.02626   0.03861   0.03975   0.07411   0.02371   0.02389   0.00000   0.01367   0.01080   0.00000   0.01732   0.01700   0.98552   0.95828  
  3 11196.4202   3704.394391  x:  0.07239   0.05927   0.04673   0.11682   0.01224   0.02370   0.00000   0.00075   0.10883   0.23001   0.03521   0.07589   0.06202   0.00882   0.06612   0.00668   0.04047   0.01894   0.01638   0.02647   0.03812   0.03979   0.07441   0.02258   0.02237   0.00000   0.01087   0.00728   0.00000   0.01490   0.01705   0.98714   0.95685  
  4 3886.1071   3693.182174  x:  0.07250   0.05922   0.04571   0.11665   0.01386   0.02371   0.00000   0.00057   0.10870   0.23104   0.03563   0.07563   0.06212   0.01090   0.06632   0.00432   0.03885   0.01164   0.00907   0.02725   0.03778   0.03984   0.07482   0.02202   0.02076   0.00000   0.00597   0.00000   0.00000   0.01135   0.01885   0.99037   0.95389  
  5 3944.5941   3684.686886  x:  0.07265   0.05914   0.04490   0.11654   0.01321   0.02464   0.00000   0.00059   0.10867   0.23194   0.03627   0.07479   0.06206   0.00952   0.06630   0.00494   0.03826   0.00257   0.00000   0.02758   0.03863   0.03935   0.07494   0.02324   0.02034   0.00000   0.00188   0.00000   0.00000   0.01038   0.02037   0.99416   0.95023  
  6 2584.7214   3683.321682  x:  0.07267   0.05914   0.04494   0.11651   0.01320   0.02475   0.00000   0.00059   0.10867   0.23215   0.03634   0.07471   0.06205   0.00953   0.06630   0.00494   0.03815   0.00000   0.00000   0.02755   0.03870   0.03934   0.07494   0.02357   0.02007   0.00000   0.00101   0.00000   0.00000   0.01076   0.02039   0.99519   0.94920  
  7 4322.7539   3682.593073  x:  0.07276   0.05917   0.04530   0.11646   0.01316   0.02507   0.00000   0.00058   0.10865   0.23265   0.03655   0.07446   0.06200   0.00964   0.06630   0.00492   0.03779   0.00000   0.00000   0.02728   0.03893   0.03936   0.07496   0.02403   0.01991   0.00000   0.00000   0.00000   0.00000   0.01111   0.02031   0.99706   0.94748  
  8 3373.5791   3668.370075  x:  0.07449   0.05792   0.03719   0.11361   0.01492   0.03189   0.00000   0.00025   0.10727   0.26103   0.03855   0.07107   0.06256   0.00730   0.06721   0.00537   0.02093   0.00000   0.00000   0.03804   0.04251   0.03678   0.07567   0.03902   0.00000   0.00000   0.00000   0.00000   0.00000   0.02427   0.01952   1.11051   0.84283  
  9 1291.6842   3668.370075  x:  0.07449   0.05792   0.03719   0.11361   0.01492   0.03189   0.00000   0.00025   0.10727   0.26103   0.03855   0.07107   0.06256   0.00730   0.06721   0.00537   0.02093   0.00000   0.00000   0.03804   0.04251   0.03678   0.07567   0.03902   0.00000   0.00000   0.00000   0.00000   0.00000   0.02427   0.01952   1.11051   0.84283  
 10 9459.9960   3655.846558  x:  0.07449   0.05792   0.03719   0.11361   0.01492   0.03189   0.00000   0.00025   0.10727   0.26103   0.03855   0.07107   0.06257   0.00730   0.06721   0.00537   0.02093   0.00000   0.00000   0.03803   0.04251   0.03678   0.07567   0.03901   0.00575   0.00003   0.00000   0.00000   0.00000   0.02427   0.01952   1.11051   0.84283  
 11 468273.1165   3655.796954  x:  0.07449   0.05792   0.03721   0.11361   0.01491   0.03187   0.00000   0.00024   0.10727   0.26104   0.03854   0.07108   0.06257   0.00729   0.06721   0.00536   0.02092   0.00000   0.00000   0.03802   0.04249   0.03678   0.07567   0.03899   0.00575   0.00000   0.00000   0.00000   0.00000   0.02424   0.01950   1.11052   0.84282  
 12 753.2494   3639.464370  x:  0.07258   0.05935   0.03825   0.11302   0.01134   0.01790   0.00000   0.01038   0.10654   0.26322   0.03346   0.07724   0.06466   0.01172   0.06922   0.01827   0.02007   0.00000   0.00000   0.03178   0.03509   0.03806   0.07789   0.01990   0.00586   0.00000   0.00000   0.00000   0.00000   0.00150   0.01090   1.12188   0.83023  
 13 1364.0814   3635.315635  x:  0.07147   0.06017   0.03734   0.11266   0.01019   0.00876   0.00000   0.01216   0.10578   0.26483   0.03035   0.08069   0.06584   0.01352   0.07024   0.02328   0.02031   0.00000   0.00000   0.02843   0.03027   0.03914   0.07962   0.00698   0.00590   0.00000   0.00000   0.00000   0.00000   0.00736   0.00894   1.13131   0.81963  
 14 610.8606   3629.309035  x:  0.07006   0.06186   0.03298   0.11221   0.01157   0.00111   0.00000   0.00558   0.10372   0.26841   0.02638   0.08521   0.06742   0.01342   0.07131   0.02511   0.02223   0.00000   0.00000   0.02550   0.02321   0.04133   0.08379   0.00638   0.00594   0.00000   0.00000   0.00000   0.00000   0.00568   0.01890   1.15516   0.79227  
 15 400.6018   3623.386491  x:  0.06849   0.06395   0.02962   0.11180   0.01224   0.00455   0.00000   0.00000   0.10161   0.27232   0.02224   0.09040   0.06923   0.01317   0.07260   0.02758   0.02365   0.00000   0.00000   0.02209   0.01609   0.04354   0.08839   0.00337   0.00599   0.00000   0.00000   0.00000   0.00000   0.00460   0.02521   1.18131   0.76223  
 16 2539.8931   3605.571330  x:  0.06295   0.07172   0.02965   0.11035   0.00954   0.00719   0.00000   0.00258   0.09529   0.28772   0.01223   0.10978   0.07596   0.01087   0.07807   0.03839   0.02530   0.00000   0.00000   0.01247   0.00407   0.04956   0.10444   0.01807   0.00615   0.00000   0.00000   0.00000   0.00000   0.00966   0.02721   1.28579   0.64109  
 17 2322.1874   3577.925549  x:  0.05638   0.08125   0.02962   0.10857   0.00724   0.00891   0.00000   0.00000   0.08718   0.30792   0.00493   0.13399   0.08428   0.00674   0.08493   0.05032   0.02740   0.00000   0.00000   0.00671   0.01664   0.05679   0.12483   0.02541   0.00636   0.00000   0.00000   0.00000   0.00000   0.01269   0.03206   1.42599   0.47783  
 18 8874.3382   3577.925549  x:  0.05638   0.08125   0.02962   0.10857   0.00724   0.00891   0.00000   0.00000   0.08718   0.30792   0.00493   0.13399   0.08428   0.00674   0.08493   0.05032   0.02740   0.00000   0.00000   0.00671   0.01664   0.05679   0.12483   0.02541   0.00636   0.00000   0.00000   0.00000   0.00000   0.01269   0.03206   1.42599   0.47783  
 19 14216.4709   3555.360158  x:  0.05939   0.07929   0.04138   0.10918   0.00601   0.00462   0.00000   0.00018   0.09000   0.30693   0.04036   0.13098   0.08321   0.00000   0.08346   0.03882   0.02297   0.00000   0.00000   0.03846   0.02113   0.05301   0.12105   0.01602   0.00500   0.00000   0.00000   0.00000   0.00000   0.00159   0.02163   1.42944   0.47126  
 20 1342.5498   3554.571357  x:  0.05957   0.07916   0.04179   0.10922   0.00621   0.00464   0.00000   0.00000   0.09014   0.30687   0.04051   0.13076   0.08308   0.00000   0.08336   0.03803   0.02268   0.00000   0.00000   0.03852   0.02124   0.05280   0.12080   0.01553   0.00511   0.00000   0.00000   0.00000   0.00000   0.00214   0.02101   1.42968   0.47080  
 21 645.8761   3543.979336  x:  0.06369   0.07624   0.05038   0.11016   0.01048   0.00581   0.00000   0.00000   0.09354   0.30547   0.03951   0.12557   0.07979   0.00000   0.08107   0.01953   0.01616   0.00000   0.00000   0.03593   0.02337   0.04815   0.11486   0.00466   0.00722   0.00000   0.00000   0.00000   0.00000   0.00042   0.00680   1.43541   0.45986  
 22 2533.6957   3542.518308  x:  0.06456   0.07561   0.05218   0.11035   0.01125   0.00604   0.00000   0.00000   0.09427   0.30517   0.03931   0.12445   0.07908   0.00000   0.08057   0.01554   0.01482   0.00000   0.00000   0.03538   0.02381   0.04716   0.11358   0.00264   0.00753   0.00000   0.00139   0.00000   0.00000   0.00008   0.00393   1.43666   0.45747  
 23 10374.0316   3541.364698  x:  0.06502   0.07523   0.05314   0.11046   0.01141   0.00606   0.00000   0.00000   0.09468   0.30498   0.03931   0.12378   0.07868   0.00000   0.08029   0.01329   0.01433   0.00000   0.00000   0.03520   0.02404   0.04661   0.11280   0.00306   0.00796   0.00000   0.00151   0.00000   0.00000   0.00000   0.00410   1.43743   0.45598  
 24 915.4125   3541.364698  x:  0.06502   0.07523   0.05314   0.11046   0.01141   0.00606   0.00000   0.00000   0.09468   0.30498   0.03931   0.12378   0.07868   0.00000   0.08029   0.01329   0.01433   0.00000   0.00000   0.03520   0.02404   0.04661   0.11280   0.00306   0.00796   0.00000   0.00151   0.00000   0.00000   0.00000   0.00410   1.43743   0.45598  
 25 1168.5162   3539.354412  x:  0.06533   0.07480   0.05344   0.11052   0.01045   0.00596   0.00000   0.00000   0.09506   0.30474   0.03793   0.12296   0.07821   0.00000   0.07997   0.01112   0.01487   0.00000   0.00000   0.03382   0.02404   0.04617   0.11185   0.00731   0.00835   0.00000   0.00568   0.00000   0.00000   0.00059   0.00912   1.43852   0.45390  
 26 664.6366   3538.721845  x:  0.06547   0.07461   0.05357   0.11056   0.01008   0.00594   0.00000   0.00000   0.09523   0.30463   0.03733   0.12259   0.07800   0.00000   0.07983   0.01026   0.01507   0.00000   0.00000   0.03322   0.02404   0.04598   0.11142   0.00755   0.00838   0.00000   0.00525   0.00000   0.00000   0.00000   0.00958   1.43902   0.45294  
 27 437.0483   3535.382929  x:  0.06712   0.07237   0.05501   0.11096   0.00720   0.00617   0.00000   0.00000   0.09724   0.30327   0.03063   0.11819   0.07564   0.00000   0.07829   0.00311   0.01655   0.00000   0.00000   0.02675   0.02425   0.04392   0.10629   0.00385   0.01191   0.00000   0.00760   0.00000   0.00000   0.00000   0.01086   1.44527   0.44093  
 28 1002.6182   3530.546209  x:  0.07070   0.06754   0.05800   0.11191   0.00464   0.00698   0.00000   0.00000   0.10164   0.30012   0.01742   0.10837   0.07067   0.00000   0.07521   0.00859   0.01852   0.00000   0.00000   0.01481   0.02517   0.03992   0.09489   0.00516   0.01498   0.00000   0.00925   0.00000   0.00000   0.00000   0.00977   1.46003   0.41256  
 29 771.5821   3520.766197  x:  0.07877   0.05678   0.06402   0.11436   0.02068   0.00959   0.00000   0.00000   0.11234   0.29120   0.01194   0.08445   0.06111   0.00000   0.06948   0.00545   0.01769   0.00000   0.00000   0.02194   0.02496   0.03487   0.06740   0.00798   0.00885   0.00000   0.01266   0.00000   0.00000   0.00000   0.00646   1.50383   0.32838  
 30 664.5064   3514.276464  x:  0.08227   0.05213   0.06699   0.11532   0.01720   0.00968   0.00000   0.00000   0.11833   0.28504   0.02555   0.07221   0.05787   0.00000   0.06721   0.00901   0.01673   0.00000   0.00000   0.02236   0.02508   0.03441   0.05427   0.00391   0.01001   0.00000   0.01136   0.00000   0.00000   0.00000   0.01282   1.53730   0.26507  
 31 1220.9520   3509.870455  x:  0.08205   0.05370   0.06699   0.11546   0.00951   0.00893   0.00000   0.00000   0.11981   0.28161   0.02814   0.07239   0.05997   0.00000   0.06812   0.00676   0.01561   0.00000   0.00000   0.02419   0.02487   0.03791   0.05769   0.00925   0.01234   0.00000   0.01265   0.00000   0.00000   0.00000   0.00504   1.56197   0.22203  
 32 719.3826   3506.894200  x:  0.08075   0.05711   0.06582   0.11559   0.00862   0.00956   0.00000   0.00000   0.11934   0.27963   0.02142   0.07765   0.06331   0.00000   0.07015   0.00834   0.01571   0.00000   0.00000   0.02684   0.02490   0.04085   0.06637   0.00530   0.00892   0.00000   0.01198   0.00000   0.00000   0.00000   0.00864   1.58320   0.19088  
 33 623.3803   3505.916925  x:  0.07968   0.05863   0.06418   0.11603   0.01584   0.00621   0.00000   0.00000   0.11775   0.27972   0.02223   0.08257   0.06457   0.00000   0.07172   0.00823   0.01736   0.00000   0.00000   0.02289   0.02523   0.03813   0.06855   0.00521   0.01308   0.00000   0.00950   0.00000   0.00000   0.00000   0.00854   1.59939   0.18502  
 34 145.4680   3504.457506  x:  0.07822   0.05990   0.06140   0.11668   0.01777   0.01108   0.00000   0.00000   0.11489   0.28069   0.02418   0.08766   0.06476   0.00000   0.07303   0.00784   0.01690   0.00000   0.00000   0.01826   0.02528   0.03381   0.06801   0.00349   0.00942   0.00000   0.00808   0.00000   0.00000   0.00000   0.00547   1.63056   0.18474  
 35 208.7453   3502.338914  x:  0.07658   0.05989   0.05917   0.11731   0.01510   0.01059   0.00000   0.00000   0.11143   0.28236   0.02142   0.09068   0.06379   0.00000   0.07370   0.00935   0.01498   0.00000   0.00000   0.02353   0.02516   0.03302   0.06479   0.00142   0.01295   0.00000   0.00422   0.00000   0.00000   0.00000   0.00442   1.67956   0.18903  
 36 404.2947   3496.223776  x:  0.07257   0.06004   0.05555   0.11911   0.01787   0.02580   0.00000   0.00000   0.10100   0.28863   0.02011   0.09605   0.06311   0.00000   0.07482   0.00927   0.01106   0.00000   0.00000   0.02512   0.02727   0.04321   0.06321   0.00371   0.02380   0.00000   0.00101   0.00000   0.00000   0.00000   0.00738   1.87508   0.20348  
 37 497.1411   3479.035660  x:  0.05952   0.05880   0.05167   0.12377   0.01275   0.01489   0.00000   0.00000   0.07101   0.31026   0.02257   0.11090   0.06329   0.00000   0.07758   0.00928   0.03950   0.00000   0.00000   0.02700   0.02943   0.06243   0.06071   0.00417   0.01326   0.00000   0.00920   0.00000   0.00000   0.00000   0.00767   2.57276   0.25791  
 38 3162.1686   3469.036863  x:  0.06321   0.06212   0.05710   0.12306   0.01149   0.00189   0.00000   0.00000   0.08117   0.31630   0.02324   0.10973   0.06759   0.00000   0.07672   0.00838   0.01844   0.00000   0.00000   0.02344   0.02400   0.05493   0.07313   0.00402   0.00697   0.00000   0.01196   0.00000   0.00000   0.00000   0.00917   2.81889   0.27954  
 39 1821.7965   3465.346099  x:  0.06931   0.06609   0.06255   0.12062   0.00893   0.00576   0.00000   0.00000   0.09693   0.31753   0.02425   0.10636   0.07248   0.00000   0.07594   0.00946   0.02294   0.00000   0.00000   0.02947   0.02080   0.03745   0.08651   0.00479   0.01035   0.00000   0.01207   0.00000   0.00000   0.00000   0.00997   2.94335   0.29144  
 40 1174.6024   3465.005373  x:  0.07136   0.06689   0.06086   0.11852   0.00915   0.00554   0.00000   0.00000   0.10126   0.31557   0.02453   0.10457   0.07281   0.00000   0.07630   0.00930   0.02381   0.00000   0.00000   0.02947   0.02735   0.03857   0.08863   0.00465   0.01007   0.00000   0.01198   0.00000   0.00000   0.00000   0.00979   2.95508   0.29335  
 41 131.2236   3464.856249  x:  0.07267   0.06742   0.05771   0.11558   0.00981   0.00552   0.00000   0.00000   0.10441   0.31165   0.02463   0.10283   0.07255   0.00000   0.07686   0.00936   0.02513   0.00000   0.00000   0.02866   0.02528   0.04162   0.08975   0.00445   0.00998   0.00000   0.01181   0.00000   0.00000   0.00000   0.00964   2.95991   0.29471  
 42 51.1530   3464.772337  x:  0.07125   0.06769   0.05579   0.11230   0.00952   0.00539   0.00000   0.00000   0.10346   0.30325   0.02445   0.10283   0.07196   0.00000   0.07791   0.00934   0.02454   0.00000   0.00000   0.02899   0.02541   0.03987   0.08962   0.00456   0.01003   0.00000   0.01194   0.00000   0.00000   0.00000   0.00981   2.96297   0.29538  
 43 22.1231   3464.731968  x:  0.07145   0.06780   0.05839   0.11234   0.00970   0.00553   0.00000   0.00000   0.10299   0.29712   0.02453   0.10338   0.07237   0.00000   0.07753   0.00935   0.02466   0.00000   0.00000   0.02882   0.02544   0.04060   0.08979   0.00450   0.01000   0.00000   0.01188   0.00000   0.00000   0.00000   0.00974   2.96449   0.29619  
 44 21.2929   3464.722652  x:  0.07192   0.06726   0.05763   0.11417   0.00958   0.00549   0.00000   0.00000   0.10312   0.29547   0.02454   0.10372   0.07265   0.00000   0.07713   0.00935   0.02463   0.00000   0.00000   0.02889   0.02544   0.04052   0.08991   0.00451   0.01000   0.00000   0.01190   0.00000   0.00000   0.00000   0.00976   2.96498   0.29635  
 45  7.0631   3464.713565  x:  0.07136   0.06857   0.05758   0.11540   0.00955   0.00546   0.00000   0.00000   0.10349   0.29505   0.02454   0.10335   0.07193   0.00000   0.07785   0.00934   0.02463   0.00000   0.00000   0.02887   0.02542   0.04057   0.08979   0.00451   0.00999   0.00000   0.01191   0.00000   0.00000   0.00000   0.00977   2.96579   0.29641  
 46  1.8053   3463.987846  x:  0.06375   0.06238   0.05865   0.11835   0.00985   0.00643   0.00000   0.00000   0.10310   0.29535   0.02455   0.09358   0.07726   0.00000   0.08341   0.00862   0.02116   0.00000   0.00000   0.02662   0.02557   0.04179   0.09465   0.00430   0.00991   0.00000   0.01189   0.00000   0.00000   0.00000   0.00959   3.03566   0.29675  
 47  2.8300   3461.953403  x:  0.07349   0.06782   0.05758   0.11646   0.00783   0.00764   0.00000   0.00000   0.10164   0.29717   0.02512   0.09455   0.07509   0.00000   0.08004   0.00707   0.01120   0.00000   0.00000   0.02395   0.02549   0.04305   0.09462   0.00450   0.00966   0.00000   0.01307   0.00000   0.00000   0.00000   0.00975   3.21478   0.29519  
 48 229.1725   3461.848831  x:  0.06981   0.06653   0.05786   0.11605   0.00774   0.00785   0.00000   0.00000   0.10547   0.29729   0.02524   0.09770   0.07318   0.00000   0.07752   0.00699   0.01071   0.00000   0.00000   0.02389   0.02559   0.04366   0.09403   0.00455   0.00961   0.00000   0.01320   0.00000   0.00000   0.00000   0.00975   3.22498   0.29503  
 49 45.8145   3461.831944  x:  0.06983   0.06675   0.05789   0.11596   0.00758   0.00790   0.00000   0.00000   0.10646   0.29731   0.02505   0.09863   0.07496   0.00000   0.07872   0.00696   0.01067   0.00000   0.00000   0.02392   0.02554   0.04375   0.09247   0.00458   0.00957   0.00000   0.01324   0.00000   0.00000   0.00000   0.00977   3.22690   0.29499  
 50  2.0871   3458.964452  x:  0.07721   0.06175   0.06199   0.11564   0.00195   0.00602   0.00000   0.00000   0.11286   0.29904   0.02795   0.10269   0.06685   0.00000   0.08586   0.00608   0.01529   0.00000   0.00000   0.02406   0.02354   0.04268   0.09588   0.00503   0.00740   0.00000   0.01036   0.00000   0.00000   0.00000   0.00681   3.53132   0.28924  
 51  6.0995   3458.302513  x:  0.07360   0.06911   0.06028   0.11534   0.00136   0.00529   0.00000   0.00000   0.11268   0.29932   0.02821   0.09844   0.07386   0.00000   0.07485   0.00586   0.01670   0.00000   0.00000   0.02365   0.02335   0.04223   0.09479   0.00504   0.00694   0.00000   0.00947   0.00000   0.00000   0.00000   0.00613   3.60629   0.28801  
 52 256.8886   3456.137675  x:  0.07479   0.07323   0.06020   0.11467   0.00873   0.00410   0.00000   0.00000   0.11529   0.30155   0.03006   0.10109   0.07573   0.00000   0.07037   0.00456   0.02067   0.00000   0.00000   0.02148   0.02229   0.03916   0.09477   0.00508   0.00549   0.00000   0.00583   0.00000   0.00000   0.00000   0.00529   3.96392   0.28233  
 53  0.8067   3454.162108  x:  0.07575   0.07160   0.05881   0.11626   0.00887   0.00424   0.00000   0.00000   0.10900   0.30129   0.02843   0.10467   0.07352   0.00000   0.07586   0.00537   0.02069   0.00000   0.00000   0.02181   0.02434   0.04060   0.09235   0.00508   0.01215   0.00000   0.00276   0.00000   0.00000   0.00000   0.00820   4.31595   0.27474  
 54  0.3763   3453.444445  x:  0.07390   0.06835   0.05693   0.11737   0.00765   0.00663   0.00000   0.00000   0.10265   0.30059   0.02635   0.10629   0.07187   0.00000   0.08013   0.00629   0.01727   0.00000   0.00000   0.02484   0.02569   0.04208   0.09159   0.00528   0.00894   0.00000   0.00283   0.00000   0.00000   0.00000   0.00939   4.48939   0.27891  
 55  0.1521   3453.265086  x:  0.07304   0.06835   0.05802   0.11682   0.00680   0.00580   0.00000   0.00000   0.10641   0.30142   0.02566   0.10375   0.07293   0.00000   0.07754   0.00636   0.01592   0.00000   0.00000   0.02525   0.02460   0.04251   0.09243   0.00563   0.00859   0.00000   0.00269   0.00000   0.00000   0.00000   0.00878   4.63296   0.28729  
 56  0.0945   3453.260227  x:  0.07301   0.06835   0.05807   0.11680   0.00677   0.00577   0.00000   0.00000   0.10657   0.30145   0.02563   0.10365   0.07298   0.00000   0.07743   0.00636   0.01587   0.00000   0.00000   0.02526   0.02456   0.04253   0.09246   0.00564   0.00857   0.00000   0.00268   0.00000   0.00000   0.00029   0.00875   4.63907   0.28764  
 57 757.0884   3453.193331  x:  0.07344   0.06950   0.05755   0.11679   0.00621   0.00562   0.00000   0.00000   0.10549   0.30261   0.02600   0.10474   0.07257   0.00000   0.07631   0.00580   0.01711   0.00000   0.00000   0.02380   0.02496   0.04305   0.09006   0.00596   0.00791   0.00000   0.00179   0.00000   0.00000   0.00148   0.00838   4.77107   0.28975  
 58  0.0563   3453.073245  x:  0.07359   0.06958   0.05751   0.11719   0.00570   0.00535   0.00000   0.00000   0.10422   0.30314   0.02634   0.10498   0.07238   0.00000   0.07666   0.00580   0.01793   0.00000   0.00000   0.02350   0.02512   0.04254   0.08915   0.00653   0.00638   0.00000   0.00000   0.00000   0.00000   0.00379   0.00781   4.92457   0.29179  
 59  0.1290   3452.982619  x:  0.07353   0.06926   0.05755   0.11717   0.00596   0.00552   0.00000   0.00000   0.10455   0.30262   0.02614   0.10481   0.07246   0.00000   0.07711   0.00596   0.01744   0.00000   0.00000   0.02404   0.02506   0.04237   0.08988   0.00642   0.00674   0.00000   0.00000   0.00000   0.00000   0.00268   0.00814   4.84766   0.29070  
 60  0.1421   3452.883367  x:  0.07334   0.06869   0.05747   0.11728   0.00619   0.00590   0.00000   0.00000   0.10464   0.30197   0.02593   0.10474   0.07254   0.00000   0.07797   0.00628   0.01697   0.00000   0.00000   0.02504   0.02500   0.04178   0.09065   0.00694   0.00528   0.00000   0.00000   0.00000   0.00000   0.00278   0.00851   4.80553   0.28990  
 61  0.0494   3452.806038  x:  0.07310   0.06839   0.05788   0.11686   0.00684   0.00588   0.00000   0.00000   0.10576   0.30159   0.02582   0.10386   0.07282   0.00000   0.07734   0.00625   0.01666   0.00000   0.00000   0.02536   0.02464   0.04243   0.09185   0.00806   0.00595   0.00000   0.00000   0.00000   0.00000   0.00290   0.00813   4.71275   0.28706  
 62  0.0457   3452.781345  x:  0.07343   0.06901   0.05775   0.11680   0.00667   0.00589   0.00000   0.00000   0.10564   0.30196   0.02589   0.10434   0.07275   0.00000   0.07704   0.00603   0.01680   0.00000   0.00000   0.02432   0.02486   0.04266   0.09129   0.00857   0.00569   0.00000   0.00000   0.00000   0.00000   0.00289   0.00865   4.71111   0.28800  
 63  0.0017   3452.778621  x:  0.07343   0.06883   0.05779   0.11697   0.00651   0.00573   0.00000   0.00000   0.10533   0.30191   0.02588   0.10429   0.07266   0.00000   0.07735   0.00612   0.01680   0.00000   0.00000   0.02441   0.02491   0.04254   0.09132   0.00875   0.00578   0.00000   0.00000   0.00000   0.00000   0.00289   0.00861   4.71658   0.28845  
 64  0.0042   3452.778453  x:  0.07336   0.06879   0.05777   0.11694   0.00648   0.00577   0.00000   0.00000   0.10536   0.30191   0.02589   0.10425   0.07268   0.00000   0.07728   0.00614   0.01685   0.00000   0.00000   0.02442   0.02487   0.04262   0.09133   0.00878   0.00577   0.00000   0.00000   0.00000   0.00000   0.00288   0.00860   4.71537   0.28841  
 65  0.0009   3452.778435  x:  0.07339   0.06880   0.05778   0.11694   0.00646   0.00578   0.00000   0.00000   0.10537   0.30191   0.02591   0.10424   0.07269   0.00000   0.07730   0.00613   0.01686   0.00000   0.00000   0.02443   0.02488   0.04260   0.09135   0.00878   0.00577   0.00000   0.00000   0.00000   0.00000   0.00288   0.00860   4.71581   0.28836  
 66  0.0003   3452.778434  x:  0.07339   0.06880   0.05778   0.11694   0.00646   0.00578   0.00000   0.00000   0.10537   0.30190   0.02591   0.10424   0.07269   0.00000   0.07730   0.00613   0.01686   0.00000   0.00000   0.02443   0.02488   0.04260   0.09135   0.00878   0.00577   0.00000   0.00000   0.00000   0.00000   0.00288   0.00860   4.71578   0.28835  
 67  0.0000   3452.778434  x:  0.07339   0.06880   0.05778   0.11694   0.00646   0.00578   0.00000   0.00000   0.10537   0.30190   0.02590   0.10425   0.07269   0.00000   0.07730   0.00613   0.01686   0.00000   0.00000   0.02443   0.02488   0.04260   0.09135   0.00878   0.00577   0.00000   0.00000   0.00000   0.00000   0.00288   0.00860   4.71574   0.28835  
 68  0.0000   3452.778434  x:  0.07339   0.06880   0.05778   0.11694   0.00646   0.00578   0.00000   0.00000   0.10537   0.30190   0.02590   0.10425   0.07269   0.00000   0.07730   0.00613   0.01686   0.00000   0.00000   0.02443   0.02488   0.04260   0.09135   0.00878   0.00577   0.00000   0.00000   0.00000   0.00000   0.00288   0.00860   4.71572   0.28835  
 69  0.0000   3452.778434  x:  0.07339   0.06880   0.05778   0.11694   0.00646   0.00578   0.00000   0.00000   0.10537   0.30190   0.02590   0.10425   0.07269   0.00000   0.07730   0.00613   0.01686   0.00000   0.00000   0.02443   0.02488   0.04260   0.09135   0.00878   0.00577   0.00000   0.00000   0.00000   0.00000   0.00288   0.00860   4.71572   0.28835  
 70  0.0000   3452.778434  x:  0.07339   0.06880   0.05778   0.11694   0.00646   0.00578   0.00000   0.00000   0.10537   0.30190   0.02590   0.10425   0.07269   0.00000   0.07730   0.00613   0.01686   0.00000   0.00000   0.02443   0.02488   0.04260   0.09135   0.00878   0.00577   0.00000   0.00000   0.00000   0.00000   0.00288   0.00860   4.71572   0.28835  
 71  0.0000   3452.778434  x:  0.07339   0.06880   0.05778   0.11694   0.00646   0.00578   0.00000   0.00000   0.10537   0.30190   0.02590   0.10425   0.07269   0.00000   0.07730   0.00613   0.01686   0.00000   0.00000   0.02443   0.02488   0.04260   0.09135   0.00878   0.00577   0.00000   0.00000   0.00000   0.00000   0.00288   0.00860   4.71572   0.28835  
 72  0.0000   3452.778434  x:  0.07339   0.06880   0.05778   0.11694   0.00646   0.00578   0.00000   0.00000   0.10537   0.30190   0.02590   0.10425   0.07269   0.00000   0.07730   0.00613   0.01686   0.00000   0.00000   0.02443   0.02488   0.04260   0.09135   0.00878   0.00577   0.00000   0.00000   0.00000   0.00000   0.00288   0.00860   4.71572   0.28835  
check convergence!
