

TREE # 1

  0  0.0000   3186.450341  x:  0.00930   0.00000   0.10415   0.23779   0.06491   0.05508   0.04411   0.04894   0.04487   0.42448   0.07552   0.01470   0.03083   1.12959   1.03900  
  1 99.0000   3177.780726  x:  0.00000   0.01737   0.10362   0.24365   0.07735   0.05920   0.03113   0.03401   0.03131   0.43442   0.06962   0.01344   0.01019   1.13955   1.03212  
  2 466.5824   3175.648308  x:  0.00174   0.02145   0.10346   0.24526   0.08069   0.06033   0.02767   0.03000   0.02768   0.43717   0.06804   0.01320   0.00484   1.14232   1.03021  
  3 3230.2396   3171.075969  x:  0.00249   0.01994   0.10192   0.25188   0.09114   0.06415   0.01768   0.01735   0.01459   0.44921   0.06282   0.01544   0.01189   1.15486   1.02148  
  4 462.2178   3165.416870  x:  0.00130   0.00453   0.09868   0.26267   0.10395   0.06967   0.01864   0.01610   0.00321   0.46985   0.05787   0.01573   0.00622   1.17744   1.00562  
  5 455.4702   3160.594023  x:  0.00094   0.00000   0.09628   0.27200   0.11499   0.07422   0.01815   0.01603   0.00795   0.48791   0.05563   0.01510   0.00548   1.19762   0.99133  
  6 831.6808   3149.471915  x:  0.00236   0.00877   0.08722   0.31442   0.15666   0.09036   0.03531   0.03693   0.00662   0.57196   0.04937   0.01201   0.01512   1.29531   0.92139  
  7 1782.0569   3130.816426  x:  0.00194   0.01353   0.09271   0.36801   0.12809   0.05863   0.03409   0.03538   0.00379   0.71974   0.11590   0.06111   0.00873   1.52331   0.74528  
  8 514.7992   3108.056162  x:  0.00207   0.01203   0.10165   0.38097   0.07557   0.04683   0.02317   0.02724   0.00000   0.79977   0.13269   0.01469   0.00989   1.69199   0.60375  
  9 792.0580   3091.121720  x:  0.00167   0.01535   0.11534   0.33384   0.04091   0.09028   0.03640   0.01408   0.00401   0.81926   0.11302   0.02809   0.00837   1.88515   0.41071  
 10 482.8570   3073.380188  x:  0.00148   0.01362   0.12891   0.27503   0.04874   0.09008   0.02192   0.02932   0.00290   0.81431   0.10568   0.03215   0.00828   2.06668   0.22065  
 11 1402.9818   3071.086740  x:  0.00155   0.01380   0.12768   0.26817   0.05576   0.08177   0.03397   0.01878   0.00376   0.80694   0.10741   0.02882   0.00877   2.09928   0.19432  
 12 366.6849   3062.280559  x:  0.00159   0.01585   0.07334   0.30102   0.05087   0.06883   0.03241   0.01966   0.00612   0.70603   0.08742   0.03539   0.00778   2.32215   0.19415  
 13 108.4010   3050.097751  x:  0.00135   0.01232   0.10826   0.34733   0.06742   0.08216   0.03382   0.01979   0.00484   0.54425   0.09425   0.03168   0.00899   2.69913   0.23466  
 14 504.0246   3047.473720  x:  0.00136   0.01300   0.10310   0.29094   0.07276   0.07099   0.03709   0.01810   0.00635   0.55027   0.08235   0.03398   0.00883   2.80093   0.28369  
 15 75.8553   3047.361835  x:  0.00137   0.01303   0.09908   0.28683   0.07406   0.07479   0.03667   0.01796   0.00550   0.55018   0.08819   0.03232   0.00903   2.80543   0.28590  
 16 28.6566   3039.923341  x:  0.00214   0.00541   0.10424   0.28621   0.08248   0.07550   0.02625   0.02479   0.00306   0.57801   0.07599   0.00949   0.01187   3.03647   0.27776  
 17  0.2832   3037.162154  x:  0.00269   0.00000   0.10507   0.29362   0.09215   0.07473   0.02113   0.02923   0.00329   0.59551   0.06547   0.01684   0.01247   3.18470   0.27320  
 18  0.2832   3034.918272  x:  0.00327   0.00000   0.10079   0.32389   0.10941   0.06950   0.02185   0.02435   0.00913   0.62729   0.06919   0.01403   0.00994   3.54116   0.27734  
 19  0.2503   3034.253938  x:  0.00381   0.00000   0.10143   0.30539   0.10939   0.07013   0.02776   0.02627   0.00908   0.61284   0.07138   0.01536   0.01000   3.78464   0.27717  
 20  0.1778   3034.012861  x:  0.00406   0.00000   0.10127   0.30228   0.10607   0.07477   0.02417   0.02556   0.00960   0.61567   0.06991   0.01419   0.00908   3.93413   0.27520  
 21  0.0957   3033.867691  x:  0.00454   0.00000   0.10186   0.30962   0.10038   0.07280   0.02475   0.02488   0.00840   0.62658   0.07223   0.01480   0.00963   4.02416   0.27945  
 22  0.0584   3033.860293  x:  0.00458   0.00000   0.10105   0.30878   0.09942   0.07272   0.02495   0.02495   0.00840   0.62435   0.07106   0.01488   0.00954   4.02867   0.28106  
 23  0.0053   3033.859032  x:  0.00463   0.00000   0.10106   0.30832   0.09928   0.07273   0.02480   0.02518   0.00827   0.62383   0.07149   0.01496   0.00944   4.02389   0.28137  
 24  0.0027   3033.856996  x:  0.00480   0.00000   0.10134   0.30887   0.09947   0.07284   0.02488   0.02523   0.00820   0.62433   0.07117   0.01487   0.00935   4.01385   0.28153  
 25  0.0027   3033.855833  x:  0.00495   0.00000   0.10105   0.30862   0.09944   0.07271   0.02486   0.02503   0.00823   0.62386   0.07136   0.01488   0.00940   4.01531   0.28113  
 26  0.0009   3033.855781  x:  0.00497   0.00000   0.10110   0.30848   0.09945   0.07276   0.02486   0.02507   0.00826   0.62390   0.07130   0.01490   0.00942   4.01512   0.28107  
 27  0.0002   3033.855773  x:  0.00497   0.00000   0.10109   0.30852   0.09944   0.07275   0.02486   0.02507   0.00829   0.62391   0.07129   0.01491   0.00941   4.01497   0.28111  
 28  0.0001   3033.855772  x:  0.00497   0.00000   0.10110   0.30852   0.09943   0.07275   0.02486   0.02507   0.00829   0.62390   0.07129   0.01490   0.00941   4.01495   0.28111  
 29  0.0000   3033.855772  x:  0.00497   0.00000   0.10110   0.30852   0.09943   0.07275   0.02486   0.02507   0.00829   0.62390   0.07129   0.01490   0.00941   4.01492   0.28111  
 30  0.0000   3033.855772  x:  0.00497   0.00000   0.10110   0.30852   0.09943   0.07275   0.02486   0.02507   0.00829   0.62390   0.07129   0.01490   0.00941   4.01491   0.28111  
 31  0.0000   3033.855772  x:  0.00497   0.00000   0.10110   0.30852   0.09943   0.07275   0.02486   0.02507   0.00829   0.62390   0.07129   0.01490   0.00941   4.01491   0.28111  