

TREE # 1

  0  0.0000   4039.272737  x:  0.08964   0.05352   0.02576   0.04904   0.09654   0.05192   0.04234   0.07222   0.03843   0.00822   0.06200   0.05586   0.04539   0.09279   0.12931   0.07834   0.06501   0.00000   0.08284   0.05086   0.00563   0.04430   0.04046   0.00486   0.03290   0.04387   0.02202   0.01149   0.01522   0.02355   0.02140   0.02956   0.04936   0.00649   0.03739   0.03386   0.06087   1.03839   1.13952  
  1 99.0000   4008.281329  x:  0.08961   0.05018   0.02007   0.05599   0.09584   0.05622   0.03567   0.07216   0.03022   0.00000   0.05952   0.05099   0.04067   0.09316   0.13250   0.07665   0.06598   0.03394   0.08037   0.04703   0.00102   0.03938   0.03586   0.01391   0.03131   0.03701   0.01924   0.00738   0.00689   0.01522   0.01421   0.02124   0.04335   0.00183   0.03039   0.03389   0.06512   1.04191   1.13665  
  2 1904.4641   3984.372902  x:  0.08958   0.04761   0.01554   0.06056   0.09528   0.05911   0.03024   0.07214   0.02343   0.00000   0.05765   0.04719   0.03704   0.09347   0.13492   0.07543   0.06699   0.03349   0.07801   0.04421   0.00293   0.03564   0.03242   0.01628   0.03021   0.03148   0.01750   0.00562   0.00000   0.00833   0.00866   0.01436   0.03863   0.00422   0.02484   0.03387   0.06708   1.04478   1.13430  
  3 1738.9822   3961.160386  x:  0.08955   0.04473   0.01036   0.06523   0.09464   0.06207   0.02381   0.07214   0.01523   0.00000   0.05557   0.04286   0.03300   0.09385   0.13770   0.07406   0.06828   0.03119   0.07505   0.04100   0.00080   0.03145   0.02862   0.01832   0.02913   0.02505   0.01600   0.00540   0.00000   0.00000   0.00295   0.00605   0.03321   0.00140   0.01843   0.03383   0.06893   1.04823   1.13146  
  4 10756.6964   3950.881051  x:  0.08952   0.04326   0.00778   0.06668   0.09425   0.06296   0.01957   0.07218   0.00927   0.00000   0.05459   0.04053   0.03107   0.09415   0.13931   0.07330   0.06930   0.03097   0.07293   0.03946   0.00070   0.02947   0.02705   0.01895   0.02897   0.02119   0.01641   0.00832   0.00000   0.00000   0.00595   0.00000   0.03019   0.00136   0.01495   0.03378   0.06925   1.05068   1.12941  
  5 2535.0175   3947.463245  x:  0.08950   0.04283   0.00787   0.06549   0.09400   0.06211   0.01616   0.07231   0.00310   0.00000   0.05448   0.03958   0.03084   0.09447   0.14028   0.07292   0.07038   0.03124   0.07085   0.03921   0.00229   0.02932   0.02739   0.01852   0.02961   0.01901   0.01805   0.00791   0.00000   0.00000   0.00596   0.00000   0.02884   0.00020   0.01401   0.03372   0.06807   1.05311   1.12729  
  6 1073.4357   3945.200395  x:  0.08949   0.04264   0.00797   0.06480   0.09388   0.06163   0.01448   0.07237   0.00000   0.00000   0.05445   0.03915   0.03077   0.09464   0.14075   0.07275   0.07093   0.03138   0.06980   0.03911   0.00236   0.02928   0.02761   0.01827   0.02996   0.01796   0.01891   0.00775   0.00000   0.00000   0.00579   0.00000   0.02822   0.00024   0.01360   0.03369   0.06742   1.05433   1.12623  
  7 11115.5163   3940.630117  x:  0.08937   0.04201   0.01006   0.06272   0.09315   0.05969   0.00374   0.07306   0.00000   0.00000   0.05507   0.03757   0.03111   0.09578   0.14396   0.07171   0.07452   0.03006   0.06171   0.03909   0.00081   0.03003   0.02903   0.02418   0.03043   0.01490   0.01551   0.00195   0.00000   0.00000   0.00939   0.00000   0.02613   0.00011   0.01499   0.03364   0.06313   1.06585   1.11591  
  8 648.2946   3938.416708  x:  0.08932   0.04188   0.01107   0.06205   0.09289   0.05900   0.00000   0.07336   0.00000   0.00000   0.05545   0.03719   0.03140   0.09623   0.14516   0.07135   0.07600   0.02974   0.05839   0.03922   0.00091   0.03048   0.02966   0.02710   0.03048   0.01426   0.01374   0.00252   0.00000   0.00000   0.00923   0.00000   0.02566   0.00011   0.01597   0.03364   0.06130   1.07067   1.11156  
  9 1909.9476   3911.555317  x:  0.08564   0.04087   0.01599   0.06600   0.09010   0.05564   0.00000   0.07865   0.00000   0.00000   0.06304   0.03523   0.03359   0.10408   0.16215   0.06769   0.10585   0.02383   0.00000   0.04021   0.00127   0.03450   0.03311   0.07617   0.02810   0.01672   0.01702   0.00507   0.00000   0.00000   0.00863   0.00000   0.02488   0.00007   0.02438   0.03367   0.02682   1.14811   1.04016  
 10 1776.6324   3907.319106  x:  0.08439   0.04017   0.01714   0.06643   0.08901   0.05408   0.00000   0.08044   0.00000   0.00000   0.06537   0.03387   0.03396   0.10689   0.16852   0.06623   0.11716   0.02176   0.00103   0.04016   0.00121   0.03546   0.03424   0.09202   0.02789   0.01575   0.01968   0.00568   0.00000   0.00000   0.00837   0.00000   0.02363   0.00007   0.02593   0.03362   0.01413   1.17672   1.01375  
 11 1002.1417   3881.338337  x:  0.08042   0.04237   0.01511   0.03847   0.08571   0.04399   0.00000   0.08478   0.00000   0.00000   0.07427   0.03711   0.03846   0.11732   0.19704   0.06439   0.20198   0.01169   0.00332   0.03953   0.00062   0.04043   0.04168   0.14619   0.04259   0.00778   0.03181   0.00602   0.00000   0.00000   0.00776   0.00000   0.03154   0.00003   0.02336   0.03235   0.05862   1.40959   0.78882  
 12 790.7268   3819.403892  x:  0.08839   0.04881   0.01710   0.05575   0.08991   0.05598   0.00000   0.07629   0.00000   0.00000   0.06769   0.04337   0.04098   0.11198   0.20435   0.06189   0.26752   0.01862   0.00255   0.03916   0.00047   0.04229   0.05078   0.10331   0.05281   0.01569   0.00258   0.00464   0.00000   0.00000   0.00947   0.00000   0.03489   0.00001   0.01250   0.02962   0.05073   1.73819   0.44826  
 13 1326.8724   3817.323947  x:  0.08888   0.04882   0.01767   0.05641   0.09002   0.05652   0.00000   0.07594   0.00000   0.00000   0.06719   0.04327   0.04094   0.11149   0.20422   0.06163   0.26758   0.01867   0.00259   0.03911   0.00044   0.04228   0.05081   0.10270   0.05229   0.01563   0.00295   0.00467   0.00000   0.00000   0.00951   0.00000   0.03465   0.00000   0.01359   0.02970   0.05107   1.74677   0.43907  
 14 3207.1989   3800.374193  x:  0.08826   0.04473   0.00681   0.03785   0.09092   0.04797   0.00000   0.07679   0.00000   0.00000   0.06347   0.03902   0.03434   0.10503   0.19378   0.05638   0.24976   0.02057   0.00223   0.03482   0.00106   0.03486   0.03572   0.09482   0.03028   0.00680   0.00125   0.00293   0.00000   0.00000   0.00959   0.00000   0.03606   0.00001   0.02391   0.03676   0.04523   1.85650   0.31321  
 15 1622.0020   3796.302474  x:  0.08563   0.04249   0.01377   0.03606   0.08967   0.03939   0.00000   0.08082   0.00000   0.00000   0.06602   0.03559   0.03393   0.10637   0.19084   0.05392   0.22951   0.02001   0.00239   0.03549   0.00108   0.03413   0.03231   0.09794   0.03193   0.01140   0.00191   0.00265   0.00000   0.00000   0.00958   0.00000   0.03742   0.00005   0.00893   0.03423   0.04577   1.88846   0.28106  
 16 439.2576   3794.774513  x:  0.08184   0.04229   0.01331   0.03765   0.08859   0.04091   0.00000   0.08479   0.00000   0.00000   0.07042   0.03543   0.03513   0.11027   0.19067   0.05415   0.21764   0.01986   0.00244   0.03716   0.00095   0.03490   0.03308   0.09814   0.03938   0.00466   0.00193   0.00237   0.00000   0.00000   0.00968   0.00000   0.03746   0.00004   0.00757   0.03250   0.04555   1.90170   0.27454  
 17 209.8897   3793.492887  x:  0.07674   0.04091   0.00753   0.03581   0.08656   0.04327   0.00000   0.08988   0.00000   0.00000   0.07544   0.03275   0.03472   0.11697   0.19400   0.05440   0.20407   0.02009   0.00255   0.03689   0.00100   0.03399   0.03416   0.09642   0.04922   0.00818   0.00187   0.00209   0.00000   0.00000   0.00957   0.00000   0.03236   0.00005   0.01026   0.03108   0.04571   1.91995   0.27125  
 18 271.4774   3791.760946  x:  0.07561   0.04417   0.00697   0.03835   0.08550   0.03699   0.00000   0.09159   0.00000   0.00000   0.08020   0.03633   0.03286   0.12894   0.20597   0.05843   0.18607   0.02087   0.00284   0.03232   0.00099   0.03279   0.03703   0.09003   0.04461   0.00782   0.00191   0.00159   0.00000   0.00000   0.00980   0.00000   0.02587   0.00006   0.00982   0.03909   0.04746   1.96081   0.28742  
 19 113.0017   3790.732634  x:  0.07582   0.04492   0.00827   0.03355   0.08568   0.04297   0.00000   0.09118   0.00000   0.00000   0.08123   0.03675   0.03208   0.13393   0.21228   0.05971   0.17566   0.02136   0.00291   0.03296   0.00095   0.03247   0.03646   0.08683   0.03927   0.00761   0.00210   0.00130   0.00000   0.00000   0.00993   0.00000   0.02663   0.00006   0.00707   0.03769   0.04697   1.98911   0.30053  
 20 257.8318   3789.797401  x:  0.07454   0.04257   0.00623   0.03442   0.08643   0.03928   0.00000   0.09065   0.00000   0.00000   0.08056   0.03388   0.03159   0.13502   0.21453   0.05885   0.16862   0.02193   0.00298   0.03661   0.00096   0.03178   0.03122   0.08328   0.03720   0.00686   0.00215   0.00117   0.00000   0.00000   0.00991   0.00000   0.03281   0.00005   0.00898   0.03002   0.04692   2.01881   0.31534  
 21 193.7759   3789.188021  x:  0.07157   0.03937   0.00596   0.03405   0.08708   0.03946   0.00000   0.09135   0.00000   0.00000   0.07896   0.03233   0.03224   0.13016   0.20751   0.05691   0.16548   0.02201   0.00293   0.03617   0.00104   0.03121   0.02641   0.08307   0.04155   0.00690   0.00226   0.00117   0.00000   0.00000   0.00984   0.00000   0.03804   0.00005   0.00904   0.03679   0.04592   2.04217   0.32735  
 22 104.4652   3788.746231  x:  0.07007   0.03982   0.00448   0.03338   0.08645   0.03880   0.00000   0.09409   0.00000   0.00000   0.07857   0.03392   0.03082   0.12396   0.19448   0.05753   0.16444   0.02182   0.00285   0.03250   0.00118   0.02941   0.02985   0.08490   0.04225   0.00667   0.00237   0.00106   0.00000   0.00000   0.00972   0.00000   0.03549   0.00006   0.00821   0.03431   0.04518   2.05863   0.33663  
 23 74.4066   3788.602919  x:  0.06914   0.04017   0.00657   0.03332   0.08572   0.03885   0.00000   0.09613   0.00000   0.00000   0.07979   0.03298   0.02949   0.12374   0.18910   0.05878   0.16558   0.02186   0.00285   0.03361   0.00116   0.02859   0.02802   0.08468   0.04187   0.00668   0.00232   0.00102   0.00000   0.00000   0.00980   0.00000   0.03243   0.00006   0.00845   0.03384   0.04533   2.06331   0.33965  
 24 56.4313   3788.486030  x:  0.07007   0.04076   0.00508   0.03369   0.08523   0.03893   0.00000   0.09750   0.00000   0.00000   0.08134   0.03243   0.03045   0.12495   0.18490   0.06000   0.16589   0.02185   0.00288   0.03632   0.00118   0.03038   0.02733   0.08490   0.04042   0.00683   0.00235   0.00106   0.00000   0.00000   0.00968   0.00000   0.03079   0.00007   0.00779   0.03449   0.04563   2.06673   0.34064  
 25 36.3091   3788.141580  x:  0.07274   0.03889   0.00527   0.03445   0.08556   0.03995   0.00000   0.09836   0.00000   0.00000   0.08553   0.03211   0.03162   0.13358   0.17799   0.06066   0.16650   0.02192   0.00292   0.03186   0.00136   0.02915   0.02629   0.08436   0.03869   0.00678   0.00238   0.00128   0.00000   0.00000   0.00958   0.00000   0.03394   0.00007   0.00827   0.03390   0.04598   2.07202   0.34027  
 26 15.7390   3786.712451  x:  0.07661   0.03612   0.00465   0.03516   0.08892   0.04015   0.00000   0.08822   0.00000   0.00000   0.08207   0.03287   0.02205   0.14512   0.16992   0.05542   0.16435   0.02157   0.00298   0.03878   0.00148   0.02244   0.03168   0.08586   0.04060   0.00689   0.00239   0.00127   0.00000   0.00000   0.00940   0.00000   0.03441   0.00008   0.00796   0.03588   0.04633   2.08396   0.34013  
 27 22.0711   3781.222064  x:  0.07311   0.03601   0.00480   0.03793   0.09334   0.04199   0.00000   0.06238   0.00000   0.00000   0.05861   0.03113   0.02702   0.15718   0.16232   0.04769   0.15584   0.02074   0.00321   0.03280   0.00232   0.03085   0.02369   0.08758   0.04436   0.00694   0.00241   0.00082   0.00000   0.00000   0.00915   0.00000   0.01896   0.00013   0.00569   0.03115   0.04807   2.12219   0.34033  
 28 81.8818   3767.954558  x:  0.06038   0.04506   0.00446   0.05078   0.08771   0.05145   0.00000   0.07698   0.00000   0.00000   0.02672   0.02324   0.02186   0.13966   0.17934   0.06602   0.13452   0.02028   0.00420   0.03272   0.00440   0.01835   0.02289   0.08181   0.03653   0.00789   0.00276   0.00118   0.00000   0.00000   0.00798   0.00000   0.02012   0.00020   0.00275   0.03118   0.05474   2.21699   0.32940  
 29 167.5856   3760.507924  x:  0.06531   0.04080   0.00414   0.05820   0.08662   0.05733   0.00000   0.07644   0.00000   0.00000   0.04412   0.02654   0.01239   0.11135   0.19502   0.06264   0.12242   0.02028   0.00484   0.03061   0.00567   0.01744   0.01613   0.07636   0.03306   0.00869   0.00294   0.00119   0.00000   0.00000   0.00731   0.00000   0.01451   0.00025   0.00090   0.02956   0.05945   2.27175   0.32415  
 30 405.9117   3760.132453  x:  0.06858   0.03900   0.00438   0.05867   0.08537   0.05754   0.00000   0.07788   0.00000   0.00000   0.04446   0.02486   0.01558   0.10951   0.19596   0.06006   0.12217   0.02029   0.00487   0.03106   0.00569   0.01487   0.01694   0.07577   0.03266   0.00873   0.00292   0.00107   0.00000   0.00000   0.00736   0.00000   0.01334   0.00025   0.00074   0.02979   0.05982   2.27418   0.32476  
 31 105.1133   3759.789460  x:  0.07431   0.03729   0.00473   0.05907   0.08205   0.05778   0.00000   0.08190   0.00000   0.00000   0.04279   0.02276   0.01433   0.10850   0.19677   0.05604   0.12217   0.02034   0.00490   0.03018   0.00569   0.01699   0.01754   0.07492   0.03298   0.00871   0.00291   0.00090   0.00000   0.00000   0.00745   0.00000   0.01317   0.00025   0.00082   0.03002   0.06011   2.27613   0.32573  
 32 89.5899   3759.681617  x:  0.07535   0.03707   0.00470   0.05905   0.08028   0.05789   0.00000   0.08327   0.00000   0.00000   0.04191   0.02560   0.01453   0.10856   0.19717   0.05439   0.12208   0.02036   0.00490   0.03058   0.00572   0.01641   0.01629   0.07475   0.03323   0.00876   0.00291   0.00091   0.00000   0.00000   0.00742   0.00000   0.01273   0.00025   0.00092   0.02975   0.06007   2.27721   0.32558  
 33 29.0540   3758.981027  x:  0.06769   0.03400   0.00495   0.06075   0.07465   0.05923   0.00000   0.08235   0.00000   0.00000   0.04424   0.02523   0.01535   0.10708   0.19825   0.04872   0.12280   0.02056   0.00502   0.03136   0.00579   0.01673   0.01925   0.07244   0.02826   0.00882   0.00293   0.00102   0.00000   0.00000   0.00735   0.00000   0.01263   0.00024   0.00117   0.03034   0.06137   2.28382   0.32486  
 34 14.0295   3757.356979  x:  0.07138   0.03745   0.00394   0.06145   0.07874   0.06018   0.00000   0.07679   0.00000   0.00000   0.04891   0.01859   0.01640   0.10008   0.20166   0.05484   0.12155   0.02052   0.00499   0.03046   0.00619   0.01193   0.01799   0.07209   0.02917   0.00837   0.00309   0.00096   0.00000   0.00000   0.00708   0.00000   0.01134   0.00021   0.00219   0.03071   0.06102   2.29965   0.32364  
 35 42.7850   3757.017053  x:  0.07173   0.03109   0.00420   0.06158   0.08481   0.06031   0.00000   0.07837   0.00000   0.00000   0.04841   0.01949   0.01662   0.09890   0.20267   0.05800   0.12153   0.02053   0.00500   0.03085   0.00623   0.01262   0.01862   0.07185   0.02867   0.00834   0.00310   0.00093   0.00000   0.00000   0.00705   0.00000   0.00966   0.00021   0.00228   0.03062   0.06111   2.30272   0.32352  
 36 65.9602   3756.991463  x:  0.07135   0.03226   0.00419   0.06166   0.08715   0.06038   0.00000   0.07956   0.00000   0.00000   0.04848   0.01939   0.01667   0.09903   0.20277   0.05637   0.12164   0.02053   0.00500   0.03081   0.00623   0.01266   0.01859   0.07177   0.02841   0.00835   0.00310   0.00094   0.00000   0.00000   0.00704   0.00000   0.00948   0.00021   0.00229   0.03061   0.06123   2.30327   0.32350  
 37  9.3943   3747.253937  x:  0.09058   0.03489   0.00734   0.08009   0.10324   0.07447   0.00000   0.07575   0.00000   0.00000   0.05761   0.02801   0.02670   0.08517   0.23039   0.06117   0.13738   0.01042   0.00000   0.03203   0.00898   0.02218   0.02312   0.11044   0.02395   0.00791   0.00487   0.00123   0.00000   0.00000   0.00319   0.00000   0.02472   0.00059   0.00343   0.03380   0.02835   2.84798   0.33915  
 38  1.6620   3743.746849  x:  0.09787   0.03327   0.00612   0.08609   0.10932   0.07919   0.00000   0.07173   0.00000   0.00000   0.05710   0.03007   0.02913   0.07853   0.22003   0.06124   0.12390   0.01083   0.00181   0.02933   0.00844   0.02472   0.02312   0.09100   0.02434   0.00859   0.00501   0.00162   0.00000   0.00000   0.00149   0.00000   0.02952   0.00056   0.00370   0.03485   0.03668   2.92507   0.33302  
 39  0.3737   3738.234666  x:  0.09917   0.02822   0.00095   0.08619   0.09698   0.07987   0.00000   0.06800   0.00000   0.00000   0.05059   0.02386   0.02477   0.09241   0.21753   0.05328   0.14008   0.01093   0.00181   0.02352   0.00702   0.02351   0.01781   0.07609   0.02529   0.00768   0.00525   0.00273   0.00000   0.00000   0.00053   0.00000   0.02186   0.00041   0.00325   0.03389   0.03451   2.98361   0.33653  
 40  0.5249   3736.505630  x:  0.09946   0.02718   0.00000   0.08690   0.09133   0.08062   0.00000   0.06686   0.00000   0.00000   0.04837   0.02180   0.02300   0.09926   0.21523   0.05102   0.14415   0.01040   0.00198   0.02159   0.00646   0.02290   0.01638   0.07082   0.02581   0.00726   0.00540   0.00311   0.00000   0.00000   0.00257   0.00000   0.01840   0.00040   0.00312   0.03383   0.03471   3.01235   0.33674  
 41  0.6605   3734.475141  x:  0.09929   0.02737   0.00334   0.08828   0.08198   0.08170   0.00000   0.06601   0.00000   0.00000   0.04569   0.01933   0.02017   0.10993   0.21197   0.04924   0.14772   0.00872   0.00217   0.02026   0.00602   0.02148   0.01569   0.06706   0.02728   0.00665   0.00570   0.00364   0.00000   0.00000   0.00366   0.00000   0.01254   0.00046   0.00300   0.03388   0.03506   3.05695   0.33778  
 42  0.4952   3731.431301  x:  0.09612   0.03040   0.00296   0.09580   0.08082   0.08674   0.00000   0.07564   0.00000   0.00000   0.04724   0.02321   0.01774   0.12179   0.20527   0.05283   0.13790   0.00099   0.00254   0.02773   0.00582   0.01761   0.02033   0.07586   0.02636   0.00591   0.00648   0.00358   0.00000   0.00000   0.00358   0.00000   0.01164   0.00073   0.00340   0.03574   0.03753   3.18730   0.32730  
 43  0.2154   3730.434300  x:  0.09526   0.02892   0.00326   0.09912   0.08507   0.08821   0.00000   0.07704   0.00000   0.00000   0.04672   0.02372   0.01809   0.11630   0.20245   0.05221   0.13789   0.00000   0.00257   0.02802   0.00533   0.01711   0.01962   0.06924   0.02703   0.00652   0.00671   0.00374   0.00000   0.00000   0.00369   0.00000   0.01428   0.00075   0.00358   0.03529   0.03704   3.26407   0.32750  
 44  0.2702   3729.548200  x:  0.09191   0.03363   0.00313   0.10325   0.08364   0.08945   0.00000   0.07385   0.00000   0.00000   0.04635   0.02395   0.01921   0.10120   0.20128   0.05501   0.14146   0.00041   0.00261   0.02817   0.00467   0.01890   0.01880   0.06074   0.02795   0.00669   0.00741   0.00418   0.00000   0.00000   0.00359   0.00000   0.01261   0.00085   0.00389   0.03463   0.03670   3.36739   0.33153  
 45  0.1835   3729.261257  x:  0.09056   0.03291   0.00316   0.10417   0.08454   0.08942   0.00000   0.07403   0.00000   0.00000   0.04645   0.02339   0.01942   0.09996   0.20303   0.05472   0.14252   0.00000   0.00265   0.02757   0.00451   0.01884   0.01786   0.06224   0.02722   0.00661   0.00764   0.00425   0.00000   0.00000   0.00358   0.00000   0.01300   0.00089   0.00399   0.03443   0.03732   3.38494   0.33189  
 46  0.0960   3728.542311  x:  0.08629   0.02869   0.00325   0.10786   0.09125   0.08779   0.00000   0.07556   0.00000   0.00000   0.04706   0.02242   0.01972   0.10147   0.20967   0.05327   0.14329   0.00158   0.00284   0.02560   0.00323   0.01695   0.01735   0.06206   0.02687   0.00677   0.00882   0.00468   0.00000   0.00000   0.00346   0.00000   0.01573   0.00112   0.00460   0.03326   0.03920   3.48135   0.33397  
 47  0.1382   3728.110978  x:  0.08611   0.02960   0.00297   0.11009   0.08992   0.08674   0.00000   0.07303   0.00000   0.00000   0.04687   0.02196   0.01998   0.10247   0.21096   0.05332   0.13904   0.00000   0.00299   0.02474   0.00227   0.01729   0.01805   0.06646   0.02808   0.00683   0.00975   0.00516   0.00000   0.00000   0.00326   0.00000   0.01466   0.00131   0.00499   0.03297   0.03985   3.55100   0.33753  
 48  0.1206   3728.110978  x:  0.08611   0.02960   0.00297   0.11009   0.08992   0.08674   0.00000   0.07303   0.00000   0.00000   0.04687   0.02196   0.01998   0.10247   0.21096   0.05332   0.13904   0.00000   0.00299   0.02474   0.00227   0.01729   0.01805   0.06646   0.02808   0.00683   0.00975   0.00516   0.00000   0.00000   0.00326   0.00000   0.01466   0.00131   0.00499   0.03297   0.03985   3.55100   0.33753  
 49  0.0377   3727.625135  x:  0.08617   0.02966   0.00293   0.11000   0.08984   0.08665   0.00000   0.07306   0.00000   0.00000   0.04685   0.02203   0.01990   0.10251   0.21093   0.05332   0.13908   0.00025   0.00347   0.02490   0.00290   0.01736   0.01803   0.06645   0.02801   0.00680   0.01082   0.00547   0.00000   0.00000   0.00306   0.00000   0.01459   0.00384   0.00539   0.03303   0.03981   3.55100   0.33752  
 50 477.9578   3727.336490  x:  0.08643   0.02991   0.00282   0.10965   0.08955   0.08631   0.00000   0.07319   0.00000   0.00000   0.04677   0.02231   0.01962   0.10266   0.21084   0.05332   0.13922   0.00063   0.00436   0.02551   0.00346   0.01760   0.01793   0.06643   0.02772   0.00672   0.01417   0.00626   0.00000   0.00000   0.00269   0.00000   0.01432   0.00316   0.00634   0.03326   0.03962   3.55099   0.33746  
 51 172.7175   3727.283395  x:  0.08664   0.03009   0.00287   0.10935   0.08931   0.08604   0.00000   0.07330   0.00000   0.00000   0.04671   0.02249   0.01944   0.10278   0.21076   0.05332   0.13931   0.00030   0.00400   0.02588   0.00292   0.01772   0.01787   0.06639   0.02753   0.00672   0.01509   0.00610   0.00000   0.00000   0.00320   0.00000   0.01419   0.00325   0.00615   0.03342   0.03945   3.55098   0.33741  
 52 85.3261   3727.258578  x:  0.08692   0.03030   0.00289   0.10893   0.08897   0.08564   0.00000   0.07345   0.00000   0.00000   0.04664   0.02267   0.01926   0.10296   0.21064   0.05331   0.13946   0.00031   0.00362   0.02628   0.00298   0.01782   0.01783   0.06635   0.02730   0.00676   0.01535   0.00578   0.00000   0.00000   0.00281   0.00000   0.01409   0.00327   0.00578   0.03361   0.03928   3.55098   0.33733  
 53 53.8376   3727.227862  x:  0.08759   0.03073   0.00284   0.10788   0.08816   0.08471   0.00000   0.07382   0.00000   0.00000   0.04647   0.02301   0.01896   0.10340   0.21035   0.05330   0.13984   0.00066   0.00380   0.02699   0.00325   0.01796   0.01776   0.06626   0.02687   0.00683   0.01509   0.00566   0.00000   0.00000   0.00314   0.00000   0.01399   0.00323   0.00563   0.03402   0.03890   3.55095   0.33714  
 54 53.6358   3727.203603  x:  0.08821   0.03105   0.00282   0.10688   0.08741   0.08384   0.00000   0.07415   0.00000   0.00000   0.04633   0.02321   0.01880   0.10382   0.21006   0.05329   0.14020   0.00047   0.00398   0.02743   0.00297   0.01800   0.01774   0.06618   0.02657   0.00684   0.01474   0.00592   0.00000   0.00000   0.00293   0.00000   0.01396   0.00326   0.00594   0.03433   0.03855   3.55093   0.33695  
 55 88.5800   3727.194977  x:  0.08850   0.03104   0.00287   0.10630   0.08703   0.08340   0.00000   0.07430   0.00000   0.00000   0.04631   0.02310   0.01895   0.10405   0.20985   0.05328   0.14042   0.00032   0.00374   0.02722   0.00318   0.01790   0.01779   0.06614   0.02666   0.00676   0.01474   0.00604   0.00000   0.00000   0.00300   0.00000   0.01406   0.00325   0.00608   0.03434   0.03850   3.55091   0.33682  
 56 28.6665   3727.184296  x:  0.08890   0.03091   0.00286   0.10544   0.08651   0.08279   0.00000   0.07450   0.00000   0.00000   0.04630   0.02286   0.01923   0.10440   0.20953   0.05325   0.14078   0.00055   0.00373   0.02672   0.00302   0.01772   0.01787   0.06610   0.02690   0.00670   0.01485   0.00599   0.00000   0.00000   0.00297   0.00000   0.01420   0.00326   0.00601   0.03425   0.03855   3.55088   0.33660  
 57 48.6181   3727.182009  x:  0.08898   0.03083   0.00284   0.10522   0.08641   0.08267   0.00000   0.07453   0.00000   0.00000   0.04632   0.02281   0.01925   0.10448   0.20943   0.05324   0.14088   0.00042   0.00388   0.02660   0.00305   0.01773   0.01787   0.06610   0.02698   0.00676   0.01488   0.00590   0.00000   0.00000   0.00297   0.00000   0.01419   0.00325   0.00592   0.03418   0.03858   3.55087   0.33653  
 58 22.8808   3727.180404  x:  0.08901   0.03065   0.00287   0.10497   0.08639   0.08265   0.00000   0.07450   0.00000   0.00000   0.04639   0.02283   0.01912   0.10455   0.20923   0.05322   0.14104   0.00042   0.00385   0.02656   0.00305   0.01787   0.01780   0.06612   0.02704   0.00686   0.01487   0.00593   0.00000   0.00000   0.00297   0.00000   0.01402   0.00325   0.00595   0.03402   0.03874   3.55084   0.33639  
 59  8.0019   3727.179813  x:  0.08901   0.03057   0.00281   0.10486   0.08642   0.08269   0.00000   0.07446   0.00000   0.00000   0.04643   0.02286   0.01907   0.10458   0.20910   0.05320   0.14114   0.00041   0.00385   0.02659   0.00305   0.01789   0.01779   0.06614   0.02705   0.00675   0.01486   0.00593   0.00000   0.00000   0.00297   0.00000   0.01403   0.00326   0.00594   0.03396   0.03882   3.55082   0.33628  
 60  7.0320   3727.179309  x:  0.08899   0.03051   0.00290   0.10474   0.08648   0.08276   0.00000   0.07441   0.00000   0.00000   0.04647   0.02290   0.01906   0.10461   0.20894   0.05318   0.14126   0.00040   0.00386   0.02666   0.00305   0.01786   0.01781   0.06616   0.02702   0.00672   0.01486   0.00592   0.00000   0.00000   0.00297   0.00000   0.01410   0.00325   0.00594   0.03393   0.03888   3.55079   0.33614  
 61  7.6255   3727.178885  x:  0.08897   0.03050   0.00285   0.10465   0.08655   0.08284   0.00000   0.07436   0.00000   0.00000   0.04650   0.02292   0.01909   0.10462   0.20876   0.05317   0.14138   0.00040   0.00385   0.02671   0.00305   0.01781   0.01783   0.06618   0.02700   0.00679   0.01487   0.00592   0.00000   0.00000   0.00297   0.00000   0.01417   0.00325   0.00595   0.03393   0.03892   3.55075   0.33599  
 62  8.7329   3727.178350  x:  0.08892   0.03060   0.00285   0.10457   0.08667   0.08297   0.00000   0.07430   0.00000   0.00000   0.04649   0.02287   0.01917   0.10463   0.20845   0.05315   0.14157   0.00040   0.00385   0.02668   0.00305   0.01780   0.01784   0.06620   0.02697   0.00678   0.01486   0.00593   0.00000   0.00000   0.00297   0.00000   0.01405   0.00325   0.00594   0.03402   0.03886   3.55067   0.33570  
 63  4.6142   3727.178205  x:  0.08891   0.03064   0.00285   0.10458   0.08670   0.08300   0.00000   0.07430   0.00000   0.00000   0.04647   0.02286   0.01913   0.10462   0.20835   0.05315   0.14162   0.00040   0.00385   0.02665   0.00305   0.01784   0.01782   0.06619   0.02699   0.00678   0.01486   0.00590   0.00000   0.00000   0.00297   0.00000   0.01409   0.00325   0.00596   0.03404   0.03882   3.55062   0.33558  
 64  2.8656   3727.178142  x:  0.08891   0.03065   0.00285   0.10460   0.08670   0.08300   0.00000   0.07431   0.00000   0.00000   0.04645   0.02286   0.01910   0.10461   0.20830   0.05315   0.14163   0.00040   0.00385   0.02663   0.00305   0.01785   0.01781   0.06619   0.02700   0.00678   0.01487   0.00593   0.00000   0.00000   0.00297   0.00000   0.01411   0.00325   0.00594   0.03404   0.03880   3.55059   0.33551  
 65  3.2813   3727.177997  x:  0.08890   0.03064   0.00285   0.10473   0.08666   0.08295   0.00000   0.07437   0.00000   0.00000   0.04642   0.02290   0.01909   0.10458   0.20817   0.05316   0.14163   0.00040   0.00385   0.02664   0.00305   0.01780   0.01783   0.06616   0.02703   0.00678   0.01487   0.00592   0.00000   0.00000   0.00297   0.00000   0.01409   0.00325   0.00595   0.03399   0.03878   3.55047   0.33528  
 66  1.8875   3727.177929  x:  0.08890   0.03062   0.00285   0.10480   0.08663   0.08291   0.00000   0.07440   0.00000   0.00000   0.04643   0.02288   0.01913   0.10456   0.20812   0.05317   0.14161   0.00040   0.00385   0.02666   0.00305   0.01784   0.01781   0.06616   0.02700   0.00678   0.01486   0.00592   0.00000   0.00000   0.00297   0.00000   0.01410   0.00325   0.00594   0.03399   0.03881   3.55038   0.33516  
 67  1.6586   3727.177888  x:  0.08891   0.03062   0.00285   0.10482   0.08661   0.08290   0.00000   0.07438   0.00000   0.00000   0.04646   0.02285   0.01911   0.10456   0.20812   0.05317   0.14157   0.00040   0.00385   0.02665   0.00305   0.01782   0.01782   0.06617   0.02698   0.00678   0.01487   0.00592   0.00000   0.00000   0.00297   0.00000   0.01409   0.00325   0.00594   0.03403   0.03884   3.55026   0.33506  
 68  0.9309   3727.177819  x:  0.08894   0.03064   0.00285   0.10480   0.08660   0.08290   0.00000   0.07433   0.00000   0.00000   0.04649   0.02291   0.01912   0.10458   0.20818   0.05316   0.14148   0.00040   0.00385   0.02663   0.00305   0.01783   0.01782   0.06619   0.02702   0.00678   0.01486   0.00592   0.00000   0.00000   0.00297   0.00000   0.01410   0.00325   0.00594   0.03405   0.03885   3.54998   0.33491  
 69  1.1295   3727.177706  x:  0.08896   0.03064   0.00285   0.10474   0.08661   0.08293   0.00000   0.07428   0.00000   0.00000   0.04646   0.02286   0.01912   0.10461   0.20830   0.05316   0.14138   0.00040   0.00385   0.02667   0.00305   0.01783   0.01782   0.06620   0.02701   0.00678   0.01486   0.00592   0.00000   0.00000   0.00297   0.00000   0.01410   0.00325   0.00594   0.03398   0.03879   3.54942   0.33470  
 70  2.1101   3727.177504  x:  0.08892   0.03057   0.00286   0.10467   0.08667   0.08297   0.00000   0.07438   0.00000   0.00000   0.04638   0.02290   0.01911   0.10462   0.20848   0.05318   0.14139   0.00040   0.00385   0.02661   0.00305   0.01784   0.01784   0.06615   0.02694   0.00678   0.01487   0.00592   0.00000   0.00000   0.00297   0.00000   0.01410   0.00325   0.00594   0.03402   0.03880   3.54826   0.33450  
 71  2.2290   3727.177171  x:  0.08886   0.03060   0.00286   0.10462   0.08672   0.08299   0.00000   0.07452   0.00000   0.00000   0.04639   0.02288   0.01911   0.10460   0.20870   0.05318   0.14150   0.00039   0.00385   0.02666   0.00305   0.01780   0.01775   0.06610   0.02704   0.00678   0.01487   0.00592   0.00000   0.00000   0.00297   0.00000   0.01409   0.00325   0.00594   0.03407   0.03886   3.54626   0.33430  
 72  6.8089   3727.176645  x:  0.08880   0.03069   0.00286   0.10463   0.08674   0.08295   0.00000   0.07460   0.00000   0.00000   0.04651   0.02285   0.01912   0.10456   0.20892   0.05314   0.14170   0.00039   0.00385   0.02670   0.00305   0.01787   0.01791   0.06610   0.02709   0.00678   0.01486   0.00592   0.00000   0.00000   0.00297   0.00000   0.01409   0.00325   0.00595   0.03403   0.03888   3.54302   0.33411  
 73 13.9495   3727.175438  x:  0.08878   0.03075   0.00285   0.10476   0.08667   0.08284   0.00000   0.07448   0.00000   0.00000   0.04666   0.02290   0.01911   0.10448   0.20917   0.05300   0.14211   0.00039   0.00384   0.02659   0.00305   0.01781   0.01779   0.06620   0.02690   0.00677   0.01487   0.00592   0.00000   0.00000   0.00297   0.00000   0.01410   0.00325   0.00594   0.03388   0.03880   3.53552   0.33388  
 74 25.4039   3727.173614  x:  0.08887   0.03048   0.00286   0.10495   0.08653   0.08277   0.00000   0.07413   0.00000   0.00000   0.04639   0.02287   0.01912   0.10446   0.20916   0.05291   0.14239   0.00039   0.00384   0.02667   0.00305   0.01783   0.01783   0.06633   0.02703   0.00678   0.01487   0.00592   0.00000   0.00000   0.00297   0.00000   0.01409   0.00324   0.00594   0.03409   0.03875   3.52413   0.33376  
 75 33.0965   3727.171134  x:  0.08914   0.03071   0.00286   0.10493   0.08654   0.08297   0.00000   0.07418   0.00000   0.00000   0.04626   0.02287   0.01912   0.10463   0.20854   0.05316   0.14192   0.00038   0.00385   0.02664   0.00305   0.01783   0.01782   0.06610   0.02700   0.00678   0.01487   0.00593   0.00000   0.00000   0.00296   0.00000   0.01410   0.00323   0.00595   0.03396   0.03901   3.50854   0.33388  
 76 27.7356   3727.170315  x:  0.08906   0.03057   0.00286   0.10482   0.08660   0.08300   0.00000   0.07435   0.00000   0.00000   0.04649   0.02287   0.01912   0.10465   0.20824   0.05318   0.14161   0.00041   0.00385   0.02665   0.00305   0.01783   0.01782   0.06609   0.02700   0.00678   0.01487   0.00593   0.00000   0.00000   0.00296   0.00000   0.01409   0.00323   0.00595   0.03402   0.03878   3.50339   0.33395  
 77 24.2436   3727.170209  x:  0.08893   0.03060   0.00286   0.10475   0.08663   0.08292   0.00000   0.07437   0.00000   0.00000   0.04644   0.02287   0.01912   0.10458   0.20818   0.05313   0.14152   0.00041   0.00385   0.02665   0.00305   0.01783   0.01782   0.06618   0.02700   0.00678   0.01487   0.00593   0.00000   0.00000   0.00296   0.00000   0.01410   0.00323   0.00595   0.03401   0.03881   3.50273   0.33396  
 78  2.7136   3727.170204  x:  0.08891   0.03060   0.00286   0.10474   0.08663   0.08290   0.00000   0.07435   0.00000   0.00000   0.04645   0.02287   0.01912   0.10456   0.20818   0.05315   0.14152   0.00041   0.00385   0.02665   0.00305   0.01783   0.01782   0.06617   0.02700   0.00678   0.01487   0.00593   0.00000   0.00000   0.00296   0.00000   0.01410   0.00323   0.00595   0.03401   0.03881   3.50270   0.33396  
 79  0.2108   3727.170185  x:  0.08895   0.03060   0.00286   0.10473   0.08663   0.08291   0.00000   0.07434   0.00000   0.00000   0.04645   0.02287   0.01912   0.10449   0.20818   0.05311   0.14151   0.00041   0.00385   0.02665   0.00305   0.01783   0.01782   0.06613   0.02700   0.00678   0.01487   0.00593   0.00000   0.00000   0.00296   0.00000   0.01409   0.00322   0.00595   0.03401   0.03881   3.50271   0.33396  
 80  0.0176   3727.169885  x:  0.08910   0.03058   0.00286   0.10468   0.08662   0.08298   0.00000   0.07441   0.00000   0.00000   0.04644   0.02287   0.01912   0.10427   0.20819   0.05327   0.14152   0.00041   0.00384   0.02665   0.00305   0.01783   0.01782   0.06632   0.02700   0.00678   0.01488   0.00593   0.00000   0.00000   0.00296   0.00000   0.01410   0.00320   0.00595   0.03401   0.03880   3.50292   0.33396  
 81  0.0983   3727.165928  x:  0.08891   0.03059   0.00286   0.10478   0.08663   0.08298   0.00000   0.07436   0.00000   0.00000   0.04644   0.02288   0.01912   0.10454   0.20819   0.05314   0.14149   0.00039   0.00383   0.02664   0.00302   0.01783   0.01782   0.06620   0.02701   0.00677   0.01492   0.00593   0.00000   0.00000   0.00293   0.00000   0.01409   0.00295   0.00595   0.03400   0.03881   3.50565   0.33405  
 82  0.7743   3727.165925  x:  0.08893   0.03059   0.00286   0.10479   0.08666   0.08296   0.00000   0.07436   0.00000   0.00000   0.04644   0.02288   0.01912   0.10454   0.20819   0.05314   0.14149   0.00039   0.00383   0.02664   0.00302   0.01783   0.01782   0.06620   0.02701   0.00677   0.01492   0.00593   0.00000   0.00000   0.00293   0.00000   0.01409   0.00295   0.00595   0.03400   0.03881   3.50565   0.33405  
 83  0.1219   3727.165780  x:  0.08890   0.03060   0.00286   0.10477   0.08664   0.08292   0.00000   0.07434   0.00000   0.00000   0.04645   0.02287   0.01912   0.10456   0.20819   0.05315   0.14150   0.00039   0.00382   0.02664   0.00300   0.01783   0.01782   0.06616   0.02701   0.00678   0.01484   0.00592   0.00000   0.00000   0.00295   0.00000   0.01409   0.00294   0.00594   0.03401   0.03881   3.50564   0.33404  
 84  0.0001   3727.165778  x:  0.08890   0.03060   0.00286   0.10477   0.08665   0.08293   0.00000   0.07434   0.00000   0.00000   0.04645   0.02287   0.01912   0.10455   0.20819   0.05315   0.14150   0.00039   0.00382   0.02664   0.00300   0.01783   0.01782   0.06617   0.02701   0.00678   0.01483   0.00592   0.00000   0.00000   0.00295   0.00000   0.01409   0.00294   0.00593   0.03400   0.03881   3.50563   0.33404  
 85  0.0000   3727.165778  x:  0.08890   0.03060   0.00286   0.10477   0.08665   0.08293   0.00000   0.07434   0.00000   0.00000   0.04645   0.02287   0.01912   0.10455   0.20819   0.05315   0.14150   0.00039   0.00382   0.02664   0.00300   0.01783   0.01782   0.06617   0.02701   0.00678   0.01483   0.00592   0.00000   0.00000   0.00295   0.00000   0.01409   0.00294   0.00593   0.03400   0.03881   3.50563   0.33404  
 86  0.0000   3727.165778  x:  0.08890   0.03060   0.00286   0.10477   0.08665   0.08293   0.00000   0.07434   0.00000   0.00000   0.04645   0.02287   0.01912   0.10455   0.20819   0.05315   0.14150   0.00039   0.00382   0.02664   0.00300   0.01783   0.01782   0.06617   0.02701   0.00678   0.01483   0.00592   0.00000   0.00000   0.00295   0.00000   0.01409   0.00294   0.00593   0.03400   0.03881   3.50563   0.33404  
 87  0.0000   3727.165778  x:  0.08890   0.03060   0.00286   0.10477   0.08665   0.08293   0.00000   0.07434   0.00000   0.00000   0.04645   0.02287   0.01912   0.10455   0.20819   0.05315   0.14150   0.00039   0.00382   0.02664   0.00300   0.01783   0.01782   0.06617   0.02701   0.00678   0.01483   0.00592   0.00000   0.00000   0.00295   0.00000   0.01409   0.00294   0.00593   0.03400   0.03881   3.50563   0.33404  