

TREE # 1

  0  0.0000   2947.344467  x:  0.00504   0.00000   0.10142   0.26157   0.09231   0.06142   0.03038   0.03178   0.01925   0.36860   0.06111   0.01606   0.01183   0.96291   1.01799  
  1 99.0000   2945.880703  x:  0.00197   0.00799   0.10123   0.26186   0.09306   0.06225   0.02892   0.02907   0.01657   0.36959   0.06155   0.01566   0.00997   0.96644   1.01581  
  2 370.4658   2943.653518  x:  0.00827   0.01023   0.09963   0.26275   0.09544   0.06501   0.02416   0.01984   0.00741   0.37339   0.06381   0.01485   0.00611   0.98039   1.00720  
  3 299.7207   2941.221798  x:  0.00522   0.00778   0.09756   0.26379   0.09803   0.06816   0.02084   0.01319   0.00000   0.37800   0.06673   0.01488   0.00959   0.99769   0.99644  
  4 566.6471   2934.334144  x:  0.00059   0.00375   0.09086   0.26725   0.10623   0.07838   0.01604   0.00832   0.00338   0.39299   0.07696   0.01477   0.00527   1.05411   0.96116  
  5 719.6897   2912.931555  x:  0.00697   0.00815   0.06058   0.28401   0.14460   0.12504   0.00663   0.01457   0.00975   0.46531   0.12262   0.01649   0.02000   1.32957   0.78820  
  6 4629.9142   2898.453626  x:  0.00679   0.00709   0.04562   0.29578   0.16913   0.15364   0.03505   0.02005   0.00000   0.51743   0.14991   0.01531   0.01715   1.53671   0.65644  
  7 5256.1237   2867.698352  x:  0.00207   0.00000   0.09673   0.30608   0.17420   0.15333   0.03125   0.04426   0.00000   0.57288   0.14715   0.01238   0.00710   1.81969   0.46409  
  8 1455.5928   2834.297481  x:  0.00779   0.00000   0.11326   0.30757   0.13716   0.09882   0.03936   0.01575   0.00000   0.60709   0.09118   0.04621   0.01800   2.14538   0.21983  
  9 1407.0207   2827.202501  x:  0.00574   0.00000   0.09381   0.30572   0.12165   0.08097   0.03456   0.02260   0.00000   0.60436   0.07346   0.02243   0.01599   2.22749   0.16297  
 10 655.3475   2824.809177  x:  0.00709   0.00000   0.09668   0.30341   0.11160   0.07800   0.03634   0.01649   0.00000   0.58598   0.07253   0.01035   0.02016   2.26720   0.17343  
 11 126.9507   2815.654714  x:  0.00532   0.00000   0.08401   0.29126   0.06895   0.06895   0.03265   0.02406   0.00000   0.48934   0.07042   0.01743   0.01496   2.47647   0.21621  
 12 541.2668   2812.265110  x:  0.00481   0.00000   0.08082   0.28253   0.09386   0.05933   0.03168   0.02535   0.00000   0.43188   0.05534   0.01794   0.01425   2.55816   0.23049  
 13 303.4281   2811.343161  x:  0.00522   0.00000   0.08376   0.27605   0.09495   0.06667   0.03260   0.02447   0.00000   0.39602   0.06365   0.01779   0.01489   2.57295   0.21917  
 14 76.7670   2811.229388  x:  0.00519   0.00000   0.08360   0.27659   0.09488   0.06636   0.03255   0.02452   0.00326   0.39793   0.06311   0.01779   0.01486   2.57215   0.21978  
 15 96.4258   2811.219561  x:  0.00520   0.00000   0.08362   0.27802   0.09464   0.06782   0.03255   0.02450   0.00332   0.39743   0.06184   0.01778   0.01488   2.57225   0.21968  
 16  7.4603   2811.207913  x:  0.00520   0.00000   0.08366   0.28261   0.09470   0.06726   0.03255   0.02448   0.00328   0.39614   0.06229   0.01778   0.01488   2.57256   0.21937  
 17  5.0163   2807.699921  x:  0.00318   0.00000   0.09311   0.29108   0.11070   0.07973   0.02877   0.03482   0.00000   0.42555   0.07493   0.01261   0.00585   2.85412   0.25311  
 18  0.2423   2805.203715  x:  0.00472   0.00000   0.11683   0.29021   0.11177   0.07893   0.03166   0.02549   0.00006   0.43026   0.07416   0.01727   0.01249   3.17876   0.26651  
 19  0.3543   2802.943389  x:  0.00446   0.00000   0.11001   0.28384   0.10042   0.07214   0.02793   0.02078   0.00094   0.40374   0.06815   0.01480   0.00838   3.71181   0.26015  
 20  0.2685   2802.256408  x:  0.00302   0.00000   0.10453   0.28894   0.10304   0.07527   0.02596   0.02286   0.00000   0.41986   0.07119   0.01395   0.00920   3.85444   0.26050  
 21  0.1695   2802.256408  x:  0.00302   0.00000   0.10453   0.28894   0.10304   0.07527   0.02596   0.02286   0.00000   0.41986   0.07119   0.01395   0.00920   3.85444   0.26050  
 22  0.1688   2802.220411  x:  0.00375   0.00000   0.10407   0.28899   0.10329   0.07551   0.02596   0.02264   0.00008   0.42005   0.07142   0.01492   0.00972   3.85447   0.26046  
 23 50.4045   2802.194232  x:  0.00319   0.00000   0.10327   0.28909   0.10372   0.07590   0.02597   0.02233   0.00009   0.42037   0.07178   0.01592   0.01007   3.85452   0.26037  
 24 50.2190   2802.175778  x:  0.00322   0.00000   0.10252   0.28919   0.10412   0.07624   0.02600   0.02216   0.00000   0.42070   0.07210   0.01597   0.00979   3.85458   0.26028  
 25 31.8987   2802.152585  x:  0.00321   0.00000   0.10048   0.28952   0.10520   0.07705   0.02606   0.02230   0.00000   0.42180   0.07283   0.01516   0.01057   3.85478   0.25998  
 26 41.2779   2802.147310  x:  0.00320   0.00000   0.10002   0.28981   0.10548   0.07685   0.02596   0.02313   0.00000   0.42281   0.07259   0.01533   0.01048   3.85500   0.25971  
 27  8.8904   2802.137746  x:  0.00321   0.00000   0.09968   0.29073   0.10575   0.07596   0.02561   0.02269   0.00000   0.42598   0.07165   0.01528   0.01052   3.85578   0.25885  
 28 10.2036   2802.133573  x:  0.00321   0.00000   0.10005   0.29119   0.10559   0.07603   0.02634   0.02264   0.00000   0.42779   0.07180   0.01529   0.01051   3.85635   0.25839  
 29  9.5850   2802.130641  x:  0.00320   0.00000   0.10059   0.29149   0.10527   0.07648   0.02596   0.02270   0.00000   0.42920   0.07234   0.01528   0.01050   3.85698   0.25806  
 30  8.4231   2802.127640  x:  0.00320   0.00000   0.10033   0.29023   0.10466   0.07714   0.02597   0.02270   0.00000   0.42982   0.07172   0.01527   0.01049   3.86200   0.25834  
 31  1.2440   2802.116205  x:  0.00319   0.00000   0.10029   0.28662   0.10489   0.07602   0.02597   0.02270   0.00000   0.43132   0.07264   0.01522   0.01043   3.88254   0.25951  
 32 13.3242   2802.085974  x:  0.00315   0.00000   0.10197   0.28689   0.10802   0.07721   0.02596   0.02272   0.00000   0.43184   0.07168   0.01507   0.01033   3.94012   0.26190  
 33 22.3936   2802.015525  x:  0.00308   0.00000   0.10019   0.29248   0.10517   0.07651   0.02598   0.02270   0.00000   0.43102   0.07241   0.01483   0.01008   4.07563   0.26530  
 34 101.1961   2802.005678  x:  0.00312   0.00000   0.10020   0.29203   0.10540   0.07667   0.02599   0.02266   0.00000   0.42993   0.07244   0.01497   0.01013   4.09435   0.26078  
 35 11.4426   2802.003251  x:  0.00321   0.00000   0.10000   0.29207   0.10550   0.07677   0.02599   0.02256   0.00000   0.43019   0.07256   0.01533   0.01029   4.09910   0.26142  
 36  1.0780   2801.992458  x:  0.00326   0.00000   0.09869   0.29187   0.10638   0.07741   0.02603   0.02224   0.00000   0.43098   0.07302   0.01540   0.00970   4.09747   0.26133  
 37  0.0029   2801.992452  x:  0.00327   0.00000   0.09868   0.29186   0.10641   0.07743   0.02603   0.02223   0.00000   0.43101   0.07304   0.01540   0.00971   4.09738   0.26132  
 38  0.0001   2801.992452  x:  0.00327   0.00000   0.09869   0.29186   0.10641   0.07743   0.02603   0.02223   0.00000   0.43101   0.07304   0.01540   0.00971   4.09737   0.26132  
 39  0.0000   2801.992452  x:  0.00327   0.00000   0.09869   0.29186   0.10641   0.07743   0.02603   0.02223   0.00000   0.43101   0.07304   0.01540   0.00971   4.09737   0.26132  