

TREE # 1

  0  0.0000   5742.908399  x:  0.05753   0.04463   0.07548   0.06674   0.01438   0.05465   0.04667   0.06854   0.02408   0.02980   0.06493   0.05085   0.05734   0.02174   0.09197   0.04439   0.07020   0.02987   0.06237   0.02259   0.21022   0.19131   0.00000   0.12069   0.14570   0.03969   0.07627   0.07423   0.16819   1.06141   0.98795  
  1 99.0000   5591.643650  x:  0.08117   0.07427   0.06249   0.09165   0.03610   0.04682   0.04161   0.05973   0.00000   0.00802   0.04197   0.03252   0.06589   0.03767   0.08374   0.03022   0.05014   0.03024   0.04808   0.00698   0.23199   0.22283   0.17824   0.13619   0.17525   0.07013   0.07724   0.08280   0.19690   1.07923   0.97151  
  2 2814.1863   5566.155339  x:  0.08583   0.07917   0.05614   0.09755   0.03414   0.04347   0.04021   0.05635   0.00000   0.00028   0.03039   0.02472   0.06826   0.03806   0.08002   0.02473   0.04074   0.03038   0.04213   0.00690   0.23861   0.23197   0.17328   0.13943   0.18490   0.07681   0.07778   0.08520   0.20551   1.08815   0.96305  
  3 970.0757   5519.243349  x:  0.09798   0.09198   0.03951   0.11296   0.02918   0.03476   0.03657   0.04754   0.00000   0.00225   0.00000   0.00445   0.07443   0.03913   0.07033   0.01046   0.01609   0.03074   0.02659   0.00670   0.25598   0.25594   0.16112   0.14791   0.21015   0.09419   0.07916   0.09146   0.22809   1.11156   0.94079  
  4 13007.7609   5515.817983  x:  0.09955   0.09364   0.03735   0.11496   0.02854   0.03364   0.03609   0.04640   0.00000   0.00250   0.00003   0.00184   0.07523   0.03928   0.06907   0.00862   0.01290   0.03079   0.02458   0.00668   0.25823   0.25905   0.15955   0.14901   0.21342   0.09644   0.07934   0.09227   0.23102   1.11460   0.93791  
  5 6060.0160   5501.765853  x:  0.10498   0.09939   0.02972   0.12195   0.02656   0.02987   0.03461   0.04254   0.00000   0.00317   0.00005   0.00715   0.07799   0.03988   0.06474   0.00378   0.00218   0.03095   0.01806   0.00702   0.26641   0.27033   0.15429   0.15291   0.22511   0.10417   0.07992   0.09511   0.24159   1.12592   0.92705  
  6 4458.4455   5472.326938  x:  0.12055   0.11601   0.00764   0.14267   0.02241   0.02051   0.03141   0.03248   0.00000   0.00475   0.00010   0.01469   0.08591   0.04229   0.05319   0.01548   0.01700   0.03153   0.00549   0.01222   0.29254   0.30619   0.13938   0.16479   0.26129   0.12614   0.08135   0.10340   0.27498   1.16387   0.89008  
  7 2354.8703   5443.333299  x:  0.14258   0.13976   0.00122   0.17316   0.02344   0.01617   0.03008   0.02417   0.00000   0.00671   0.00015   0.02205   0.09675   0.04724   0.03804   0.02929   0.02566   0.03266   0.05152   0.01419   0.33556   0.36506   0.11585   0.18290   0.31880   0.15707   0.08265   0.11529   0.32927   1.23102   0.82292  
  8 2690.0471   5426.505956  x:  0.16127   0.16005   0.03330   0.19933   0.02608   0.01635   0.02984   0.02121   0.00000   0.00839   0.00019   0.02844   0.10558   0.05208   0.02783   0.04065   0.03391   0.03317   0.07154   0.01434   0.37401   0.41768   0.09481   0.19856   0.36974   0.18335   0.08344   0.12529   0.37765   1.29282   0.76024  
  9 6073.2294   5401.145099  x:  0.16361   0.16340   0.03305   0.20608   0.03341   0.04011   0.03734   0.05005   0.00000   0.00892   0.00020   0.03029   0.10439   0.05062   0.04980   0.04309   0.03647   0.03146   0.07313   0.00113   0.39771   0.45012   0.08486   0.20391   0.39709   0.18832   0.08090   0.12638   0.40623   1.34408   0.70160  
 10 1173.9469   5383.505427  x:  0.16181   0.16386   0.03278   0.21233   0.04879   0.08444   0.05251   0.10493   0.00000   0.00949   0.00021   0.03133   0.09751   0.04583   0.09537   0.04213   0.03563   0.02769   0.07631   0.04183   0.44265   0.51167   0.07402   0.21106   0.44601   0.18997   0.07425   0.12502   0.45954   1.45083   0.57495  
 11 3810.8935   5292.268043  x:  0.10486   0.11441   0.03502   0.16190   0.03561   0.06737   0.03357   0.09651   0.00000   0.00910   0.00020   0.03092   0.05441   0.01995   0.10504   0.02859   0.04073   0.03993   0.07620   0.03811   0.49981   0.58968   0.08369   0.19181   0.48386   0.12311   0.05989   0.09791   0.51936   1.67821   0.25507  
 12 887.1114   5285.903618  x:  0.09991   0.11090   0.03360   0.15098   0.04054   0.06516   0.04265   0.09211   0.00000   0.00893   0.00020   0.03006   0.06650   0.04615   0.10407   0.03034   0.03860   0.03052   0.07444   0.03728   0.50439   0.59498   0.08274   0.18700   0.48254   0.10981   0.06696   0.09880   0.52251   1.71213   0.22259  
 13 495.8379   5278.107871  x:  0.10382   0.11713   0.03258   0.12545   0.05380   0.06553   0.05496   0.08254   0.00000   0.00867   0.00019   0.02864   0.09579   0.02529   0.09918   0.03413   0.03483   0.02452   0.07143   0.03606   0.51358   0.60186   0.08517   0.17596   0.47044   0.07992   0.08898   0.10891   0.52487   1.80838   0.23224  
 14 189.2697   5269.680564  x:  0.10882   0.12413   0.03092   0.10611   0.05296   0.06742   0.04773   0.07790   0.00000   0.00838   0.00018   0.02684   0.09485   0.04345   0.09812   0.03811   0.03018   0.05401   0.06815   0.03553   0.52375   0.60595   0.08704   0.16254   0.44667   0.05421   0.09429   0.11081   0.52361   1.96550   0.27078  
 15 371.8849   5255.384251  x:  0.10866   0.12415   0.02997   0.11191   0.04368   0.06399   0.04140   0.07301   0.00000   0.00824   0.00017   0.02551   0.07777   0.05517   0.09339   0.03689   0.02880   0.01698   0.06648   0.03342   0.52465   0.59327   0.09070   0.14989   0.40140   0.06301   0.08534   0.10446   0.50716   2.18658   0.31715  
 16 522.0047   5242.759805  x:  0.10311   0.11546   0.02828   0.15029   0.04978   0.05497   0.07548   0.06843   0.00000   0.00826   0.00016   0.02462   0.09235   0.05528   0.08241   0.02729   0.03156   0.03288   0.06329   0.03121   0.50283   0.54674   0.09356   0.14526   0.33021   0.12006   0.07833   0.10086   0.46260   2.46365   0.34464  
 17 614.9875   5238.611378  x:  0.11873   0.12823   0.02822   0.15462   0.04808   0.05572   0.04576   0.07611   0.00000   0.00836   0.00016   0.02353   0.10436   0.05482   0.08613   0.03744   0.02570   0.03460   0.06329   0.03238   0.47731   0.50948   0.09382   0.16657   0.32415   0.13356   0.08656   0.11694   0.43508   2.54554   0.33761  
 18 168.0470   5236.458277  x:  0.12987   0.14033   0.02775   0.14740   0.04609   0.05736   0.05764   0.07245   0.00000   0.00849   0.00015   0.02380   0.09776   0.05555   0.08291   0.02728   0.03061   0.03373   0.06294   0.03182   0.45223   0.47762   0.09407   0.19795   0.35632   0.12690   0.07779   0.11936   0.41814   2.59446   0.33920  
 19 90.0523   5235.709622  x:  0.11995   0.13159   0.02731   0.15414   0.05183   0.05529   0.05706   0.07047   0.00000   0.00846   0.00015   0.02244   0.09933   0.05550   0.08340   0.03549   0.02513   0.03357   0.06152   0.03146   0.44204   0.46748   0.09451   0.20708   0.37994   0.12249   0.07897   0.11392   0.41572   2.61210   0.34498  
 20 54.1595   5235.404926  x:  0.11638   0.12699   0.02749   0.15797   0.04778   0.05498   0.05392   0.07286   0.00000   0.00855   0.00015   0.02271   0.10365   0.05648   0.08297   0.02854   0.02861   0.03347   0.06190   0.03159   0.43838   0.46568   0.09516   0.20491   0.38993   0.12127   0.08414   0.11361   0.41690   2.61813   0.34738  
 21 28.1557   5234.193385  x:  0.12914   0.12818   0.02751   0.16308   0.03672   0.05291   0.05765   0.07375   0.00000   0.00889   0.00013   0.01991   0.10603   0.05555   0.08348   0.03278   0.02322   0.03408   0.06020   0.03145   0.42741   0.46729   0.09497   0.17327   0.41271   0.12290   0.08219   0.11428   0.42679   2.63379   0.34583  
 22 15.3506   5233.083188  x:  0.13716   0.13042   0.02599   0.16394   0.05214   0.05274   0.05185   0.06992   0.00000   0.00925   0.00011   0.01777   0.10301   0.05637   0.08133   0.02620   0.02348   0.03414   0.05725   0.03089   0.42176   0.47239   0.09034   0.15271   0.42760   0.12763   0.07960   0.11627   0.43825   2.64770   0.34462  
 23 67.1220   5229.694843  x:  0.12708   0.13452   0.02396   0.14930   0.04762   0.05362   0.05264   0.06297   0.00000   0.01016   0.00005   0.00986   0.09878   0.05791   0.07829   0.02397   0.01439   0.03507   0.04975   0.02988   0.43590   0.50354   0.08294   0.17180   0.43502   0.14637   0.08848   0.12554   0.47610   2.68139   0.34552  
 24 34.7098   5228.950310  x:  0.12862   0.14022   0.02380   0.15723   0.04729   0.04636   0.05014   0.06537   0.00000   0.01036   0.00004   0.00821   0.10794   0.05746   0.08059   0.02084   0.01365   0.03475   0.04851   0.02951   0.44502   0.51163   0.08065   0.18074   0.43259   0.13787   0.07915   0.11821   0.48043   2.68863   0.34498  
 25 47.8348   5228.808057  x:  0.13053   0.14126   0.02347   0.16484   0.04706   0.05015   0.05076   0.06275   0.00000   0.01039   0.00003   0.00783   0.10552   0.05729   0.07931   0.02056   0.01325   0.03480   0.04789   0.02951   0.44995   0.51279   0.08030   0.18232   0.43162   0.13250   0.08235   0.11797   0.47682   2.68988   0.34370  
 26 20.7491   5228.745056  x:  0.13159   0.14047   0.02354   0.16548   0.04784   0.04659   0.05175   0.06460   0.00000   0.01039   0.00003   0.00772   0.10332   0.05736   0.07986   0.02052   0.01313   0.03480   0.04789   0.02941   0.45547   0.51333   0.08016   0.18208   0.43329   0.13209   0.08434   0.11969   0.47121   2.69071   0.34368  
 27  9.5439   5228.601825  x:  0.13215   0.13736   0.02346   0.16220   0.04723   0.04867   0.05052   0.06293   0.00000   0.01041   0.00003   0.00757   0.10537   0.05741   0.07961   0.02044   0.01296   0.03486   0.04765   0.02936   0.46946   0.51438   0.08036   0.18024   0.43886   0.13522   0.08167   0.12013   0.45610   2.69305   0.34382  
 28 15.9802   5228.131952  x:  0.12295   0.15359   0.02333   0.15831   0.04694   0.04840   0.04937   0.06457   0.00000   0.01040   0.00003   0.00760   0.10371   0.05681   0.07666   0.02078   0.01280   0.03518   0.04743   0.02918   0.47369   0.51202   0.08021   0.17586   0.44068   0.13893   0.08927   0.10544   0.44776   2.70365   0.34209  
 29  3.2748   5225.808248  x:  0.09210   0.17696   0.02397   0.16141   0.04288   0.04291   0.04756   0.04909   0.00000   0.01024   0.00004   0.00799   0.09975   0.05497   0.09183   0.01740   0.01417   0.03513   0.04738   0.02701   0.47401   0.50329   0.08196   0.16722   0.43650   0.13365   0.08299   0.12069   0.43809   2.75659   0.33858  
 30 19.3576   5220.959417  x:  0.07399   0.17367   0.02214   0.15930   0.04005   0.04162   0.04308   0.06099   0.00000   0.00970   0.00003   0.00759   0.09239   0.05172   0.05577   0.01865   0.01237   0.03454   0.04318   0.02419   0.46872   0.48809   0.08754   0.16513   0.41986   0.11746   0.06752   0.13624   0.43083   2.86140   0.33106  
 31 92.4368   5212.178184  x:  0.10799   0.12218   0.02177   0.14283   0.03423   0.02771   0.03379   0.04031   0.00000   0.00889   0.00004   0.00813   0.07881   0.04641   0.05416   0.01241   0.01415   0.03406   0.03933   0.01714   0.45407   0.46326   0.09643   0.17957   0.38368   0.10348   0.07688   0.10747   0.42756   3.05729   0.31871  
 32 191.7106   5212.127096  x:  0.10801   0.12202   0.02176   0.14285   0.03423   0.02760   0.03382   0.04023   0.00000   0.00889   0.00004   0.00814   0.07875   0.04640   0.05408   0.01242   0.01414   0.03403   0.03929   0.01709   0.44545   0.47540   0.09637   0.18090   0.38354   0.10332   0.07688   0.10736   0.42035   3.05880   0.31887  
 33  5.3774   5210.920189  x:  0.10881   0.11784   0.02181   0.14098   0.03250   0.02930   0.03767   0.03727   0.00000   0.00835   0.00005   0.00928   0.08106   0.04280   0.05706   0.02246   0.00957   0.03294   0.03696   0.01537   0.44930   0.47645   0.09646   0.18082   0.37387   0.10144   0.07665   0.10392   0.42242   3.09839   0.31760  
 34  0.0791   5208.553130  x:  0.10920   0.12009   0.02125   0.13632   0.03009   0.03627   0.04291   0.04589   0.00000   0.00720   0.00009   0.01421   0.08821   0.03834   0.05745   0.01651   0.01397   0.02952   0.02924   0.01119   0.47054   0.49729   0.08925   0.18350   0.36589   0.10380   0.08141   0.10492   0.43183   3.20038   0.31983  
 35  0.0832   5207.490165  x:  0.10807   0.12439   0.02048   0.13617   0.03518   0.03233   0.03773   0.04622   0.00000   0.00653   0.00009   0.01447   0.08544   0.03950   0.06226   0.01634   0.01147   0.02967   0.02296   0.00771   0.46532   0.49920   0.08376   0.18038   0.37932   0.10677   0.08148   0.10873   0.43920   3.28198   0.32343  
 36  0.1102   5207.175606  x:  0.11118   0.12279   0.02106   0.14401   0.03207   0.03350   0.03657   0.04462   0.00000   0.00597   0.00010   0.01452   0.08172   0.04337   0.06276   0.01501   0.01126   0.03183   0.02361   0.00799   0.46073   0.49498   0.08265   0.18083   0.39235   0.10219   0.07866   0.10849   0.43850   3.29209   0.32527  
 37  0.0173   5206.899884  x:  0.11150   0.12063   0.02213   0.14189   0.03338   0.03003   0.03984   0.04464   0.00000   0.00448   0.00011   0.01472   0.08286   0.04494   0.05963   0.01452   0.00998   0.03277   0.02444   0.00808   0.45896   0.49314   0.08034   0.18181   0.39464   0.10700   0.07728   0.10610   0.44034   3.30969   0.32536  
 38  0.0094   5206.691505  x:  0.11022   0.12291   0.02311   0.14117   0.03365   0.03232   0.03697   0.04412   0.00000   0.00301   0.00012   0.01544   0.08415   0.04429   0.05970   0.01448   0.00936   0.03286   0.02522   0.00872   0.46217   0.49622   0.07822   0.18366   0.39071   0.10833   0.07809   0.10680   0.44056   3.31763   0.32228  
 39  0.0118   5206.635085  x:  0.10957   0.12397   0.02332   0.14213   0.03264   0.03194   0.03791   0.04407   0.00000   0.00281   0.00012   0.01566   0.08367   0.04276   0.06142   0.01398   0.00983   0.03181   0.02525   0.00871   0.46498   0.49865   0.07841   0.18243   0.38846   0.10547   0.07913   0.10837   0.44057   3.31372   0.32250  
 40  0.0076   5206.599567  x:  0.11088   0.12213   0.02309   0.14120   0.03268   0.03306   0.03755   0.04439   0.00000   0.00300   0.00013   0.01524   0.08303   0.04168   0.06092   0.01455   0.00964   0.03093   0.02492   0.00893   0.46368   0.49909   0.07933   0.18066   0.38953   0.10490   0.07997   0.10867   0.44080   3.30253   0.32443  
 41  0.0074   5206.495355  x:  0.11163   0.12298   0.02338   0.14024   0.03355   0.03154   0.03640   0.04400   0.00000   0.00245   0.00014   0.01431   0.08363   0.04077   0.06090   0.01427   0.00965   0.03087   0.02497   0.00904   0.46159   0.49657   0.07996   0.18149   0.39281   0.10389   0.07801   0.10612   0.43963   3.27538   0.32778  
 42  0.0070   5206.304527  x:  0.11038   0.12623   0.02298   0.13999   0.03232   0.03185   0.03796   0.04279   0.00000   0.00294   0.00017   0.01205   0.08189   0.04123   0.06014   0.01381   0.01022   0.03233   0.02395   0.00851   0.45983   0.49445   0.08153   0.18289   0.39107   0.10717   0.07830   0.10782   0.44005   3.23111   0.32624  
 43  0.0162   5206.122971  x:  0.11083   0.12253   0.02331   0.14452   0.03293   0.03138   0.03735   0.04611   0.00000   0.00264   0.00021   0.01165   0.08278   0.04237   0.06046   0.01545   0.01075   0.03281   0.02404   0.00830   0.46397   0.49524   0.08174   0.18362   0.38615   0.10623   0.07945   0.10967   0.43760   3.21716   0.32117  
 44  0.0111   5205.977201  x:  0.11016   0.12008   0.02355   0.14292   0.03306   0.03414   0.03796   0.04391   0.00000   0.00224   0.00026   0.01166   0.08459   0.04330   0.06160   0.01463   0.01148   0.03161   0.02358   0.00771   0.46318   0.49739   0.08086   0.18105   0.38663   0.10752   0.07967   0.10756   0.43875   3.24610   0.32002  
 45  0.0198   5205.753011  x:  0.10896   0.12584   0.02386   0.13902   0.03236   0.03321   0.03671   0.04485   0.00000   0.00307   0.00034   0.01091   0.08476   0.04388   0.06385   0.01541   0.01196   0.02996   0.02487   0.00821   0.46093   0.49808   0.08064   0.17907   0.39119   0.10642   0.07834   0.10546   0.43967   3.28150   0.32113  
 46  0.0177   5205.480174  x:  0.11075   0.12536   0.02425   0.14019   0.03374   0.03225   0.03860   0.04513   0.00000   0.00280   0.00046   0.01074   0.08059   0.04363   0.05896   0.01548   0.01094   0.03061   0.02484   0.00811   0.46345   0.49773   0.07807   0.18252   0.39325   0.10145   0.07836   0.10900   0.44177   3.36151   0.32453  
 47  0.0413   5205.274977  x:  0.11045   0.11955   0.02468   0.14174   0.03236   0.03181   0.03719   0.04448   0.00000   0.00296   0.00059   0.01081   0.08554   0.04233   0.06103   0.01446   0.01082   0.03227   0.02542   0.00879   0.46804   0.50096   0.07690   0.18417   0.39080   0.10505   0.08020   0.10921   0.44345   3.39884   0.32693  
 48  0.0206   5205.028244  x:  0.11043   0.12731   0.02433   0.14347   0.03524   0.03401   0.03786   0.04303   0.00000   0.00315   0.00084   0.01159   0.08320   0.04003   0.06201   0.01486   0.01092   0.03256   0.02545   0.00939   0.47019   0.50202   0.07639   0.18145   0.38678   0.10649   0.07922   0.10603   0.43800   3.38238   0.32494  
 49  0.0067   5204.673732  x:  0.11003   0.12638   0.02370   0.14040   0.03013   0.03234   0.03717   0.04489   0.00000   0.00291   0.00126   0.01172   0.08124   0.04084   0.06040   0.01520   0.00947   0.03190   0.02376   0.00876   0.46144   0.49948   0.07809   0.17849   0.38801   0.10897   0.07758   0.10727   0.44028   3.33792   0.32500  
 50  0.0207   5204.439233  x:  0.11034   0.11996   0.02294   0.14188   0.03348   0.03150   0.03744   0.04438   0.00000   0.00330   0.00168   0.01240   0.08273   0.04278   0.06008   0.01414   0.01048   0.03129   0.02423   0.00879   0.46013   0.49558   0.07970   0.18238   0.38959   0.10577   0.07744   0.10858   0.44049   3.27332   0.32512  
 51  0.0474   5204.330597  x:  0.10977   0.12437   0.02294   0.14174   0.03273   0.03226   0.03776   0.04369   0.00000   0.00310   0.00217   0.01307   0.08434   0.04268   0.06130   0.01445   0.00950   0.03170   0.02483   0.00897   0.46400   0.49705   0.07854   0.18255   0.38989   0.10541   0.08071   0.10785   0.43989   3.27148   0.32197  
 52  0.0043   5204.269295  x:  0.11150   0.12238   0.02269   0.14048   0.03272   0.03232   0.03710   0.04417   0.00000   0.00318   0.00274   0.01264   0.08305   0.04231   0.06052   0.01384   0.00977   0.03157   0.02481   0.00856   0.46291   0.49805   0.07901   0.18121   0.38931   0.10482   0.07820   0.10798   0.43997   3.28591   0.32348  
 53  0.0057   5204.253221  x:  0.11032   0.12291   0.02281   0.14147   0.03295   0.03225   0.03769   0.04435   0.00000   0.00311   0.00297   0.01233   0.08315   0.04255   0.06112   0.01430   0.00976   0.03162   0.02514   0.00869   0.46253   0.49735   0.07903   0.18181   0.38928   0.10580   0.07913   0.10791   0.44013   3.29146   0.32411  
 54  0.0043   5204.251132  x:  0.11020   0.12316   0.02284   0.14162   0.03286   0.03231   0.03753   0.04426   0.00000   0.00310   0.00306   0.01232   0.08355   0.04239   0.06095   0.01433   0.00991   0.03163   0.02504   0.00860   0.46336   0.49740   0.07910   0.18199   0.38931   0.10548   0.07909   0.10794   0.43999   3.29493   0.32367  
 55  0.0028   5204.250377  x:  0.11041   0.12306   0.02287   0.14138   0.03289   0.03230   0.03752   0.04423   0.00000   0.00307   0.00310   0.01233   0.08336   0.04243   0.06094   0.01432   0.00997   0.03163   0.02492   0.00869   0.46327   0.49768   0.07923   0.18188   0.38974   0.10563   0.07906   0.10802   0.44039   3.29540   0.32361  
 56  0.0005   5204.250156  x:  0.11041   0.12307   0.02287   0.14153   0.03288   0.03222   0.03754   0.04416   0.00000   0.00308   0.00309   0.01235   0.08343   0.04246   0.06088   0.01437   0.00995   0.03161   0.02484   0.00871   0.46319   0.49771   0.07939   0.18189   0.38968   0.10558   0.07906   0.10795   0.44042   3.29547   0.32371  
 57  0.0002   5204.250077  x:  0.11035   0.12313   0.02289   0.14153   0.03286   0.03222   0.03753   0.04417   0.00000   0.00309   0.00308   0.01237   0.08342   0.04246   0.06088   0.01437   0.00996   0.03162   0.02485   0.00873   0.46327   0.49768   0.07954   0.18188   0.38963   0.10568   0.07910   0.10799   0.44032   3.29591   0.32365  
 58  0.0002   5204.250009  x:  0.11039   0.12313   0.02291   0.14153   0.03288   0.03225   0.03754   0.04419   0.00000   0.00309   0.00308   0.01235   0.08342   0.04244   0.06091   0.01435   0.00994   0.03163   0.02485   0.00871   0.46323   0.49771   0.07974   0.18184   0.38970   0.10566   0.07906   0.10799   0.44046   3.29652   0.32366  
 59  0.0003   5204.250003  x:  0.11039   0.12312   0.02291   0.14153   0.03288   0.03224   0.03753   0.04419   0.00000   0.00308   0.00308   0.01236   0.08342   0.04245   0.06090   0.01435   0.00995   0.03162   0.02487   0.00870   0.46324   0.49771   0.07977   0.18186   0.38970   0.10566   0.07907   0.10797   0.44043   3.29643   0.32366  
 60  0.0001   5204.250003  x:  0.11039   0.12312   0.02291   0.14153   0.03288   0.03224   0.03754   0.04419   0.00000   0.00308   0.00308   0.01236   0.08342   0.04245   0.06090   0.01435   0.00994   0.03162   0.02487   0.00870   0.46324   0.49771   0.07977   0.18186   0.38970   0.10566   0.07907   0.10798   0.44043   3.29636   0.32366  
 61  0.0001   5204.250003  x:  0.11039   0.12312   0.02291   0.14153   0.03288   0.03224   0.03753   0.04419   0.00000   0.00308   0.00308   0.01236   0.08342   0.04245   0.06090   0.01435   0.00994   0.03162   0.02487   0.00870   0.46324   0.49771   0.07977   0.18185   0.38970   0.10566   0.07907   0.10798   0.44043   3.29634   0.32366  
 62  0.0000   5204.250003  x:  0.11039   0.12312   0.02291   0.14153   0.03288   0.03224   0.03754   0.04419   0.00000   0.00308   0.00308   0.01236   0.08342   0.04245   0.06090   0.01435   0.00994   0.03162   0.02487   0.00870   0.46324   0.49771   0.07977   0.18185   0.38970   0.10566   0.07907   0.10798   0.44043   3.29638   0.32366  
 63  0.0000   5204.250003  x:  0.11039   0.12312   0.02291   0.14153   0.03288   0.03224   0.03754   0.04419   0.00000   0.00308   0.00308   0.01236   0.08342   0.04245   0.06090   0.01435   0.00994   0.03162   0.02487   0.00870   0.46324   0.49771   0.07977   0.18185   0.38970   0.10566   0.07907   0.10798   0.44043   3.29637   0.32366  
 64  0.0000   5204.250003  x:  0.11039   0.12312   0.02291   0.14153   0.03288   0.03224   0.03754   0.04419   0.00000   0.00308   0.00308   0.01236   0.08342   0.04245   0.06090   0.01435   0.00994   0.03162   0.02487   0.00870   0.46324   0.49771   0.07977   0.18185   0.38970   0.10566   0.07907   0.10798   0.44043   3.29637   0.32366  
 65  0.0000   5204.250003  x:  0.11039   0.12312   0.02291   0.14153   0.03288   0.03224   0.03754   0.04419   0.00000   0.00308   0.00308   0.01236   0.08342   0.04245   0.06090   0.01435   0.00994   0.03162   0.02487   0.00870   0.46324   0.49771   0.07977   0.18185   0.38970   0.10566   0.07907   0.10798   0.44043   3.29637   0.32366  