

TREE # 1

  0  0.0000   2211.473319  x:  0.28772   0.01671   0.01892   0.01572   0.01903   0.01412   0.00772   0.04982   0.04250   0.00000   0.03134   0.03187   0.06356   0.03016   0.49922   0.96774   0.85452  
  1 99.0000   2211.472821  x:  0.28772   0.01671   0.01892   0.01572   0.01903   0.01412   0.00772   0.04982   0.04250   0.00000   0.03134   0.03187   0.06356   0.03016   0.49922   0.96774   0.85452  
  2 377.2454   2209.518350  x:  0.29007   0.01889   0.01024   0.01298   0.01851   0.00414   0.01618   0.04841   0.04387   0.00000   0.02869   0.03226   0.06138   0.02850   0.50128   0.97487   0.85002  
  3 251.7561   2208.548670  x:  0.29454   0.02006   0.00540   0.00952   0.01915   0.00894   0.01815   0.04655   0.04526   0.00000   0.02527   0.03275   0.05745   0.02607   0.50533   0.98920   0.84089  
  4 129.4609   2205.676389  x:  0.31006   0.02311   0.01263   0.00439   0.02051   0.00995   0.02121   0.04151   0.04884   0.00000   0.01654   0.03426   0.04504   0.01959   0.51966   1.04048   0.80807  
  5 477.5776   2201.846711  x:  0.33551   0.02594   0.01274   0.01705   0.02185   0.00939   0.01803   0.03611   0.05238   0.00000   0.01179   0.03652   0.02911   0.01451   0.54375   1.12814   0.75159  
  6 1227.8024   2187.692308  x:  0.43284   0.03980   0.01295   0.01457   0.01882   0.00817   0.01179   0.03523   0.05654   0.00000   0.04936   0.04231   0.01285   0.03687   0.63907   1.48526   0.51927  
  7 1482.5275   2178.292851  x:  0.49239   0.04189   0.01364   0.01831   0.02022   0.00801   0.00918   0.03870   0.05591   0.00000   0.03987   0.03296   0.05510   0.04090   0.70136   1.73876   0.35135  
  8 1653.0055   2174.630156  x:  0.48852   0.01381   0.01312   0.01697   0.01368   0.00814   0.01534   0.05363   0.04235   0.00000   0.04055   0.02513   0.05487   0.03267   0.70652   1.81470   0.29877  
  9 308.1126   2173.654146  x:  0.48144   0.00470   0.01317   0.01682   0.02214   0.00794   0.01815   0.05565   0.04058   0.00000   0.04143   0.02980   0.05550   0.03199   0.70424   1.84010   0.28192  
 10 308.2511   2171.314530  x:  0.44405   0.00149   0.01339   0.01690   0.01376   0.00841   0.01797   0.05092   0.04568   0.00000   0.03890   0.04641   0.05669   0.03480   0.68403   1.90458   0.24360  
 11 196.7979   2168.896690  x:  0.39536   0.01683   0.01325   0.01687   0.01870   0.00815   0.01536   0.04997   0.04311   0.00000   0.03797   0.03814   0.05162   0.03717   0.65480   1.98138   0.20677  
 12 335.0355   2166.794526  x:  0.36484   0.00949   0.01375   0.01734   0.01996   0.00835   0.01676   0.03974   0.05928   0.00000   0.04128   0.02271   0.05126   0.04160   0.62755   2.06947   0.22285  
 13 104.9760   2162.428920  x:  0.30721   0.01851   0.01353   0.01687   0.01935   0.00812   0.01504   0.04640   0.04688   0.00000   0.04529   0.03280   0.05598   0.02706   0.56235   2.28632   0.29121  
 14 265.2156   2162.164783  x:  0.30580   0.01774   0.01334   0.01694   0.01928   0.00807   0.01508   0.04871   0.04300   0.00000   0.03886   0.03375   0.05378   0.03652   0.55600   2.30018   0.29597  
 15 60.5330   2162.130769  x:  0.30841   0.01795   0.01331   0.01698   0.01941   0.00804   0.01489   0.05148   0.04499   0.00000   0.03843   0.03394   0.05357   0.03667   0.55102   2.30159   0.29555  
 16 10.7275   2162.064306  x:  0.31612   0.01740   0.01333   0.01699   0.01931   0.00803   0.01499   0.04949   0.04383   0.00000   0.03909   0.03371   0.05400   0.03625   0.53761   2.30395   0.29377  
 17 18.7053   2158.809888  x:  0.32624   0.01247   0.00950   0.01464   0.01896   0.00251   0.00342   0.05050   0.04226   0.00000   0.03437   0.03251   0.05723   0.03282   0.54888   2.36173   0.30532  
 18  0.1304   2157.419303  x:  0.33908   0.00221   0.00752   0.01019   0.01969   0.00532   0.00413   0.04715   0.04348   0.00000   0.02728   0.03298   0.06496   0.02856   0.56332   2.46310   0.32390  
 19  0.1221   2157.032709  x:  0.34267   0.00649   0.00723   0.00749   0.02036   0.00437   0.00481   0.04544   0.04479   0.00000   0.02446   0.03308   0.06770   0.02464   0.56640   2.52718   0.33504  
 20  0.0974   2156.966545  x:  0.34100   0.00683   0.00796   0.00759   0.02043   0.00454   0.00360   0.04546   0.04508   0.00000   0.02427   0.03287   0.06824   0.02358   0.56448   2.55579   0.33635  
 21  0.0687   2156.904932  x:  0.33806   0.00616   0.00888   0.00806   0.02057   0.00380   0.00417   0.04557   0.04539   0.00000   0.02421   0.03267   0.06882   0.02271   0.56161   2.60391   0.33670  
 22  0.0879   2156.860827  x:  0.33955   0.00664   0.00893   0.00858   0.02060   0.00416   0.00401   0.04608   0.04485   0.00000   0.02387   0.03296   0.06795   0.02433   0.56571   2.67582   0.33563  
 23  0.0352   2156.847385  x:  0.34078   0.00621   0.00856   0.00818   0.02056   0.00403   0.00396   0.04576   0.04489   0.00000   0.02454   0.03292   0.06768   0.02361   0.56715   2.70414   0.33494  
 24  0.0334   2156.844889  x:  0.34136   0.00640   0.00850   0.00815   0.02049   0.00409   0.00414   0.04552   0.04522   0.00000   0.02447   0.03297   0.06695   0.02375   0.56686   2.70348   0.33442  
 25  0.0010   2156.844027  x:  0.34126   0.00651   0.00849   0.00818   0.02049   0.00403   0.00409   0.04569   0.04515   0.00000   0.02428   0.03293   0.06633   0.02376   0.56676   2.70232   0.33459  
 26  0.0009   2156.843839  x:  0.34113   0.00657   0.00853   0.00820   0.02051   0.00406   0.00408   0.04561   0.04514   0.00000   0.02439   0.03295   0.06617   0.02371   0.56679   2.70151   0.33483  
 27  0.0010   2156.843810  x:  0.34107   0.00655   0.00854   0.00818   0.02052   0.00406   0.00407   0.04557   0.04514   0.00000   0.02437   0.03298   0.06615   0.02374   0.56682   2.70176   0.33508  
 28  0.0004   2156.843804  x:  0.34107   0.00656   0.00853   0.00818   0.02052   0.00406   0.00408   0.04560   0.04513   0.00000   0.02437   0.03297   0.06615   0.02374   0.56682   2.70196   0.33522  
 29  0.0002   2156.843803  x:  0.34107   0.00656   0.00853   0.00819   0.02052   0.00406   0.00408   0.04560   0.04514   0.00000   0.02438   0.03297   0.06615   0.02374   0.56681   2.70201   0.33524  
 30  0.0001   2156.843803  x:  0.34107   0.00656   0.00853   0.00819   0.02052   0.00406   0.00408   0.04560   0.04514   0.00000   0.02438   0.03297   0.06615   0.02374   0.56681   2.70203   0.33525  
 31  0.0000   2156.843803  x:  0.34107   0.00656   0.00853   0.00819   0.02052   0.00406   0.00408   0.04560   0.04514   0.00000   0.02438   0.03297   0.06615   0.02374   0.56681   2.70203   0.33525  
 32  0.0000   2156.843803  x:  0.34107   0.00656   0.00853   0.00819   0.02052   0.00406   0.00408   0.04560   0.04514   0.00000   0.02438   0.03297   0.06615   0.02374   0.56681   2.70203   0.33525  