

TREE # 1

  0  0.0000   2113.606589  x:  0.00255   0.00686   0.00116   0.00035   0.00615   0.00589   0.12981   0.10082   0.05336   0.03417   0.00000   0.01977   0.01780   0.00683   0.00345   0.92507   1.07677  
  1 99.0000   2113.605102  x:  0.00255   0.00686   0.00116   0.00035   0.00615   0.00589   0.12981   0.10082   0.05336   0.03417   0.00000   0.01977   0.01780   0.00683   0.00345   0.92507   1.07677  
  2 767.3012   2113.232850  x:  0.00221   0.00681   0.00081   0.00000   0.00614   0.00589   0.12983   0.10080   0.05336   0.03413   0.00000   0.01974   0.01781   0.00679   0.00355   0.92512   1.07675  
  3 2345.3274   2112.678294  x:  0.00142   0.00677   0.00000   0.00000   0.00620   0.00591   0.12989   0.10076   0.05336   0.03406   0.00000   0.01970   0.01782   0.00675   0.00354   0.92524   1.07671  
  4 8753.1246   2112.183164  x:  0.00000   0.00676   0.00000   0.00000   0.00626   0.00586   0.12999   0.10070   0.05336   0.03396   0.00000   0.01967   0.01782   0.00674   0.00355   0.92544   1.07662  
  5 34414.3936   2111.093911  x:  0.00000   0.00314   0.00000   0.00000   0.00932   0.00620   0.13731   0.09700   0.05355   0.03705   0.00000   0.02380   0.01740   0.00310   0.00364   0.94852   1.06748  
  6 202.7776   2109.893134  x:  0.00000   0.00264   0.00000   0.00000   0.00312   0.01169   0.14384   0.09434   0.05380   0.03936   0.00000   0.02244   0.01856   0.00304   0.00372   0.97676   1.05610  
  7 328.8190   2109.631281  x:  0.00000   0.00348   0.00000   0.00000   0.00320   0.01185   0.14313   0.09559   0.05385   0.04065   0.00000   0.02030   0.01888   0.00174   0.00374   0.98444   1.05284  
  8 191.1709   2108.970194  x:  0.00000   0.00191   0.00000   0.00000   0.00407   0.01173   0.14031   0.09958   0.05393   0.04398   0.00000   0.01451   0.01966   0.00200   0.00378   1.00445   1.04427  
  9 924.3876   2107.367133  x:  0.00000   0.00074   0.00000   0.00000   0.00342   0.01333   0.12607   0.11202   0.05280   0.03667   0.00000   0.01843   0.02061   0.00139   0.00387   1.05714   1.02034  
 10 211.5679   2099.611392  x:  0.00000   0.00181   0.00000   0.00000   0.00254   0.01142   0.11703   0.11692   0.05624   0.03795   0.00000   0.01961   0.00660   0.00213   0.00369   1.28911   0.90626  
 11 182.4167   2083.977494  x:  0.00000   0.00592   0.00000   0.00000   0.00462   0.00220   0.09399   0.12812   0.06564   0.04653   0.00000   0.02910   0.02745   0.00518   0.00306   1.97321   0.56854  
 12 7191.2375   2083.372070  x:  0.00000   0.00613   0.00000   0.00000   0.00465   0.00189   0.10020   0.13589   0.05197   0.04674   0.00000   0.02927   0.02775   0.00534   0.00304   1.99237   0.55560  
 13 106.4648   2083.272759  x:  0.00000   0.00620   0.00000   0.00000   0.00468   0.00187   0.10468   0.14172   0.05513   0.04615   0.00000   0.02964   0.02784   0.00539   0.00304   1.99345   0.54847  
 14 21.9681   2082.117270  x:  0.00000   0.00604   0.00000   0.00000   0.00462   0.00257   0.10433   0.13974   0.05593   0.04798   0.00000   0.02969   0.02733   0.00532   0.00309   1.97396   0.39629  
 15 18.8051   2078.255812  x:  0.00000   0.00492   0.00000   0.00000   0.00452   0.00050   0.11633   0.10876   0.05833   0.04993   0.00000   0.02789   0.02607   0.00501   0.00289   2.07918   0.37660  
 16  0.5464   2074.832171  x:  0.00000   0.00392   0.00000   0.00000   0.00479   0.00225   0.13331   0.07557   0.05784   0.04956   0.00000   0.02587   0.02557   0.00476   0.00224   2.24681   0.39886  
 17  6.5293   2070.831474  x:  0.00000   0.00445   0.00000   0.00000   0.00131   0.00259   0.14517   0.08753   0.05709   0.02837   0.00000   0.01947   0.02552   0.00435   0.00332   2.43840   0.40447  
 18  0.3097   2070.077299  x:  0.00000   0.00449   0.00000   0.00000   0.00379   0.00272   0.15049   0.09157   0.05710   0.02281   0.00000   0.01816   0.02466   0.00413   0.00326   2.54687   0.40407  
 19  0.4309   2068.829850  x:  0.00000   0.00375   0.00000   0.00000   0.00436   0.00298   0.16135   0.09418   0.05842   0.03306   0.00000   0.01361   0.02230   0.00362   0.00299   2.86624   0.39442  
 20  0.2952   2067.405798  x:  0.00000   0.00327   0.00000   0.00000   0.00335   0.00314   0.16422   0.08603   0.06126   0.02724   0.00000   0.01870   0.01805   0.00240   0.00254   3.50064   0.42679  
 21  0.2906   2066.915860  x:  0.00000   0.00343   0.00000   0.00000   0.00279   0.00328   0.15227   0.09447   0.05824   0.02764   0.00000   0.01786   0.01795   0.00310   0.00390   3.79007   0.41900  
 22  0.1490   2066.812749  x:  0.00000   0.00334   0.00000   0.00000   0.00275   0.00323   0.14788   0.09373   0.05805   0.02808   0.00000   0.01677   0.01821   0.00317   0.00291   3.91802   0.43602  
 23  0.1101   2066.788593  x:  0.00000   0.00319   0.00000   0.00000   0.00300   0.00319   0.14768   0.09145   0.05860   0.02867   0.00000   0.01722   0.01850   0.00305   0.00303   3.98317   0.43211  
 24  0.0483   2066.779476  x:  0.00000   0.00311   0.00000   0.00000   0.00305   0.00316   0.14860   0.09229   0.05860   0.02807   0.00000   0.01716   0.01897   0.00298   0.00297   4.03675   0.43273  
 25  0.0295   2066.778293  x:  0.00000   0.00306   0.00000   0.00000   0.00304   0.00312   0.14855   0.09252   0.05843   0.02825   0.00000   0.01713   0.01911   0.00300   0.00306   4.03637   0.43409  
 26  0.0010   2066.777579  x:  0.00000   0.00301   0.00000   0.00000   0.00301   0.00307   0.14845   0.09249   0.05842   0.02827   0.00000   0.01712   0.01915   0.00301   0.00302   4.02914   0.43225  
 27  0.0046   2066.777383  x:  0.00000   0.00299   0.00000   0.00000   0.00300   0.00305   0.14848   0.09245   0.05849   0.02820   0.00000   0.01714   0.01911   0.00299   0.00302   4.02437   0.43316  
 28  0.0033   2066.777320  x:  0.00000   0.00300   0.00000   0.00000   0.00302   0.00303   0.14842   0.09254   0.05846   0.02821   0.00000   0.01717   0.01908   0.00299   0.00302   4.02439   0.43300  
 29  0.0001   2066.777293  x:  0.00000   0.00301   0.00000   0.00000   0.00302   0.00302   0.14843   0.09249   0.05846   0.02820   0.00000   0.01714   0.01908   0.00299   0.00302   4.02598   0.43292  
 30  0.0011   2066.777283  x:  0.00000   0.00301   0.00000   0.00000   0.00302   0.00302   0.14846   0.09249   0.05847   0.02821   0.00000   0.01714   0.01909   0.00299   0.00302   4.02671   0.43302  
 31  0.0005   2066.777282  x:  0.00000   0.00301   0.00000   0.00000   0.00301   0.00302   0.14847   0.09249   0.05847   0.02821   0.00000   0.01714   0.01908   0.00299   0.00302   4.02670   0.43298  
 32  0.0000   2066.777282  x:  0.00000   0.00301   0.00000   0.00000   0.00301   0.00302   0.14847   0.09249   0.05847   0.02821   0.00000   0.01714   0.01908   0.00299   0.00302   4.02677   0.43298  
 33  0.0001   2066.777282  x:  0.00000   0.00301   0.00000   0.00000   0.00301   0.00302   0.14847   0.09249   0.05847   0.02821   0.00000   0.01714   0.01908   0.00299   0.00302   4.02675   0.43298  
 34  0.0000   2066.777282  x:  0.00000   0.00301   0.00000   0.00000   0.00301   0.00302   0.14847   0.09249   0.05847   0.02821   0.00000   0.01714   0.01908   0.00299   0.00302   4.02675   0.43298  
 35  0.0000   2066.777282  x:  0.00000   0.00301   0.00000   0.00000   0.00301   0.00302   0.14847   0.09249   0.05847   0.02821   0.00000   0.01714   0.01908   0.00299   0.00302   4.02675   0.43298  
check convergence!
