

TREE # 1

  0  0.0000   3064.278533  x:  0.00000   0.00000   0.09639   0.29658   0.09318   0.06665   0.02462   0.02307   0.01667   0.47871   0.06789   0.01469   0.01061   0.86653   1.06928  
  1 99.0000   3060.762041  x:  0.00669   0.00054   0.09637   0.29655   0.09321   0.06666   0.02463   0.02304   0.01658   0.47871   0.06794   0.01471   0.01054   0.86677   1.06915  
  2 4171.9207   3059.134871  x:  0.00630   0.01394   0.09475   0.29518   0.09402   0.06589   0.02504   0.02171   0.00923   0.47876   0.06967   0.01544   0.00772   0.87675   1.06384  
  3 280.7310   3055.790085  x:  0.00643   0.01306   0.09155   0.29280   0.09478   0.06472   0.02544   0.02061   0.00000   0.47881   0.07311   0.01585   0.00940   0.89341   1.05489  
  4 331.3813   3055.790085  x:  0.00643   0.01306   0.09155   0.29280   0.09478   0.06472   0.02544   0.02061   0.00000   0.47881   0.07311   0.01585   0.00940   0.89341   1.05489  
  5 855.2069   3053.000656  x:  0.00510   0.00000   0.08939   0.29127   0.09502   0.06529   0.02518   0.02190   0.00929   0.47898   0.07650   0.01488   0.00850   0.90544   1.04819  
  6 247.0804   3043.656019  x:  0.01711   0.01961   0.07261   0.27435   0.10019   0.06901   0.02303   0.03011   0.05774   0.48069   0.10175   0.01094   0.01045   1.04823   0.96790  
  7 312.2990   3026.759079  x:  0.00000   0.02319   0.06851   0.26063   0.10095   0.06578   0.02468   0.02324   0.05876   0.48145   0.10694   0.02485   0.01000   1.17829   0.89178  
  8 1032.0793   2997.751413  x:  0.01119   0.01528   0.06616   0.23106   0.10077   0.05660   0.02950   0.00346   0.04122   0.48277   0.10931   0.05320   0.00614   1.47365   0.71659  
  9 5560.0381   2959.795038  x:  0.02400   0.00041   0.06819   0.18804   0.09917   0.04333   0.03687   0.02946   0.00000   0.48449   0.10664   0.08838   0.00263   1.93093   0.44277  
 10 12248.7436   2958.480799  x:  0.02402   0.00000   0.06872   0.18786   0.09911   0.04380   0.03657   0.02952   0.00000   0.48452   0.10627   0.08780   0.00408   1.94008   0.43698  
 11 2711.1217   2958.480799  x:  0.02402   0.00000   0.06872   0.18786   0.09911   0.04380   0.03657   0.02952   0.00000   0.48452   0.10627   0.08780   0.00408   1.94008   0.43698  
 12 4036.5172   2948.655085  x:  0.00000   0.02144   0.07982   0.20465   0.09913   0.06221   0.02525   0.01970   0.00000   0.48456   0.09927   0.05732   0.02585   1.94355   0.42757  
 13 499.1156   2945.891992  x:  0.00384   0.02984   0.08490   0.21276   0.09917   0.07053   0.02027   0.01555   0.00000   0.48458   0.09587   0.04230   0.03406   1.94528   0.42290  
 14 1399.0443   2937.860317  x:  0.00333   0.02566   0.09092   0.22837   0.09867   0.07947   0.02007   0.01896   0.00000   0.48452   0.08893   0.01041   0.02831   1.94926   0.41210  
 15 560.1754   2933.438185  x:  0.00257   0.01513   0.10112   0.26349   0.09833   0.09500   0.01970   0.00884   0.00000   0.48432   0.07591   0.01484   0.01947   1.95999   0.38293  
 16 196.1249   2930.589944  x:  0.00262   0.00993   0.10992   0.29593   0.09845   0.10875   0.01992   0.01925   0.00000   0.48416   0.06610   0.02234   0.01821   1.97092   0.35327  
 17 744.3937   2925.653613  x:  0.00307   0.00000   0.10042   0.34280   0.10258   0.09630   0.02981   0.01827   0.00000   0.48412   0.09409   0.02126   0.03315   2.00487   0.26321  
 18 180.2709   2920.901352  x:  0.00265   0.00000   0.09237   0.35569   0.10439   0.07980   0.01655   0.01985   0.00000   0.48424   0.09653   0.02166   0.01381   2.02578   0.21354  
 19 241.3328   2919.753345  x:  0.00273   0.00000   0.09179   0.35393   0.10417   0.07682   0.02251   0.01938   0.00000   0.48430   0.09195   0.02180   0.00702   2.02983   0.20797  
 20 191.2317   2919.244720  x:  0.00289   0.00000   0.08996   0.35288   0.10309   0.06996   0.02466   0.01885   0.00000   0.48433   0.08245   0.02123   0.00985   2.03845   0.19726  
 21 103.1791   2918.226853  x:  0.00287   0.00000   0.08980   0.33497   0.09553   0.08494   0.02519   0.01877   0.00000   0.48423   0.08310   0.02134   0.01030   2.11566   0.17808  
 22 33.5397   2911.954067  x:  0.00246   0.00000   0.12987   0.31355   0.13029   0.07478   0.02513   0.01860   0.00000   0.48439   0.08629   0.02114   0.01055   2.71967   0.19533  
 23 145.5925   2905.572126  x:  0.00271   0.00000   0.08800   0.32635   0.09868   0.07349   0.02383   0.01856   0.00000   0.48773   0.07731   0.02043   0.00972   3.26268   0.25588  
 24 535.6937   2905.546822  x:  0.00271   0.00000   0.08851   0.32632   0.09809   0.07325   0.02382   0.01856   0.00000   0.49743   0.07746   0.02044   0.00971   3.26506   0.25595  
 25  4.9888   2905.545199  x:  0.00271   0.00000   0.08794   0.32628   0.09884   0.07355   0.02384   0.01856   0.00000   0.49793   0.07731   0.02042   0.00973   3.26527   0.25590  
 26  2.2708   2904.246580  x:  0.00329   0.00000   0.09163   0.28789   0.10220   0.07191   0.02533   0.01961   0.00000   0.49850   0.08055   0.01389   0.00937   3.47370   0.25841  
 27  0.2868   2904.008130  x:  0.00387   0.00000   0.08898   0.29399   0.10250   0.06881   0.02591   0.02131   0.00000   0.49928   0.08526   0.01580   0.00933   3.63612   0.25644  
 28  0.1177   2903.925841  x:  0.00427   0.00000   0.09077   0.29640   0.10215   0.07117   0.02586   0.02218   0.00000   0.49984   0.08166   0.01477   0.00940   3.71851   0.25469  
 29  0.0646   2903.913034  x:  0.00455   0.00000   0.09093   0.29364   0.10192   0.07173   0.02558   0.02221   0.00000   0.49989   0.08138   0.01552   0.00949   3.71985   0.25433  
 30  0.0022   2903.891616  x:  0.00523   0.00000   0.09035   0.29545   0.10190   0.07110   0.02501   0.02192   0.00000   0.49978   0.08240   0.01506   0.00959   3.70511   0.25305  
 31  0.0061   2903.886887  x:  0.00541   0.00000   0.09067   0.29530   0.10194   0.07126   0.02550   0.02169   0.00000   0.49962   0.08171   0.01509   0.00949   3.69161   0.25423  
 32  0.0090   2903.886729  x:  0.00545   0.00000   0.09056   0.29519   0.10192   0.07125   0.02550   0.02172   0.00000   0.49966   0.08184   0.01509   0.00944   3.69400   0.25447  
 33  0.0020   2903.886718  x:  0.00545   0.00000   0.09060   0.29525   0.10195   0.07124   0.02549   0.02174   0.00000   0.49966   0.08185   0.01509   0.00945   3.69422   0.25455  
 34  0.0002   2903.886716  x:  0.00545   0.00000   0.09059   0.29524   0.10194   0.07123   0.02549   0.02175   0.00000   0.49966   0.08183   0.01509   0.00944   3.69400   0.25456  
 35  0.0002   2903.886715  x:  0.00545   0.00000   0.09059   0.29523   0.10194   0.07124   0.02549   0.02175   0.00000   0.49965   0.08184   0.01509   0.00945   3.69379   0.25456  
 36  0.0002   2903.886715  x:  0.00545   0.00000   0.09059   0.29523   0.10194   0.07124   0.02549   0.02176   0.00000   0.49965   0.08184   0.01509   0.00944   3.69372   0.25455  
 37  0.0001   2903.886715  x:  0.00545   0.00000   0.09059   0.29523   0.10194   0.07124   0.02549   0.02176   0.00000   0.49965   0.08184   0.01509   0.00944   3.69374   0.25455  
 38  0.0000   2903.886715  x:  0.00545   0.00000   0.09059   0.29523   0.10194   0.07124   0.02549   0.02176   0.00000   0.49965   0.08184   0.01509   0.00944   3.69373   0.25455  
 39  0.0000   2903.886715  x:  0.00545   0.00000   0.09059   0.29523   0.10194   0.07124   0.02549   0.02176   0.00000   0.49965   0.08184   0.01509   0.00944   3.69373   0.25455  