Aquila_chrysaetos Colius_striatus Falco_peregrinus Falco_tinnunculus Haliaeetus_leucocephalus Leptosomus_discolor Oriolus_oriolus Tyto_alba
0.00019909 0.079894 0.0047923 0.0011555 9.5449e-05 2.5228e-05 4.5677e-05 1.4855e-05
0.00019745 0.078588 0.0047912 0.0011527 9.1991e-05 2.4222e-05 4.1103e-05 1.3814e-05
0.00019584 0.077568 0.0047902 0.00115 8.8593e-05 2.3292e-05 3.7704e-05 1.2846e-05
0.00019421 0.076421 0.0047892 0.0011472 8.5162e-05 2.2326e-05 3.3821e-05 1.1844e-05
0.00019256 0.075132 0.0047881 0.0011444 8.1697e-05 2.1322e-05 2.9366e-05 1.0804e-05
0.0001909 0.07367 0.0047869 0.0011416 7.8195e-05 2.0276e-05 2.4184e-05 9.7231e-06
0.00018926 0.072519 0.0047858 0.0011388 7.4752e-05 1.9306e-05 2.033e-05 8.7171e-06
0.00018766 0.071633 0.0047849 0.0011361 7.137e-05 1.8411e-05 1.7484e-05 7.7826e-06
0.00018604 0.070592 0.0047839 0.0011333 6.7945e-05 1.747e-05 1.4084e-05 7.7107e-06
0.00018445 0.066833 0.004783 0.0011305 6.4589e-05 1.661e-05 1.1679e-05 7.6536e-06
0.0001829 0.063848 0.0047822 0.0011278 6.1295e-05 1.5835e-05 9.9429e-06 7.6098e-06
0.00018132 0.060443 0.0047814 0.0011251 5.7959e-05 1.5018e-05 7.8457e-06 7.5548e-06
0.00017978 0.057747 0.0047807 0.0011224 5.4685e-05 1.4267e-05 6.3339e-06 7.5132e-06
0.00017822 0.054678 0.0047799 0.0011197 5.137e-05 1.3478e-05 4.515e-06 7.4609e-06
0.00017669 0.052271 0.0047793 0.001117 4.8118e-05 1.2755e-05 3.2118e-06 7.422e-06
0.0001752 0.044678 0.0047788 0.0011143 4.4934e-05 1.2098e-05 2.3072e-06 7.3977e-06
0.0001736 0.035947 0.0047782 0.0011117 4.4656e-05 1.1404e-05 2.2695e-06 7.3623e-06
0.00017197 0.025822 0.0047775 0.001109 4.4362e-05 1.0668e-05 2.1707e-06 7.3153e-06
0.00017038 0.018313 0.004777 0.0011063 4.4079e-05 8.3361e-06 2.1485e-06 7.2834e-06
0.00016877 0.0096621 0.0047764 0.0011036 4.3781e-05 8.0015e-06 2.0695e-06 7.2404e-06
0.00016713 0.0083836 0.0047759 0.001101 4.3465e-05 7.644e-06 1.9251e-06 7.1856e-06
0.00016546 0.0074554 0.0047756 0.0010984 4.3127e-05 7.3398e-06 1.8657e-06 6.8346e-06
0.00016382 0.0067174 0.0047754 0.0010958 4.2799e-05 7.0609e-06 1.86e-06 6.5105e-06
0.00016221 0.0061216 0.0047753 0.0010932 4.2479e-05 6.8039e-06 1.9011e-06 6.2096e-06
0.00016058 0.0054552 0.0047751 0.0010906 4.2146e-05 6.5335e-06 1.9038e-06 5.8947e-06
0.00015899 0.0049151 0.0047751 0.0010881 4.1821e-05 6.2838e-06 1.9515e-06 5.6018e-06
0.00015742 0.004475 0.0047751 0.0010856 4.1503e-05 6.053e-06 2.044e-06 5.3291e-06
0.00015588 0.0041154 0.0047753 0.0010831 4.1193e-05 5.8395e-06 2.1849e-06 5.0748e-06
0.00015437 0.0038214 0.0047756 0.0010806 4.0889e-05 5.6419e-06 2.3808e-06 4.8374e-06
0.00015288 0.0035782 0.004776 0.0010782 4.0592e-05 5.4582e-06 2.637e-06 4.6148e-06
0.00015142 0.0033809 0.0047764 0.0010757 4.0302e-05 5.2884e-06 2.9723e-06 4.407e-06
0.00014998 0.0032225 0.004777 0.0010733 4.0018e-05 5.1318e-06 3.4064e-06 4.2129e-06
0.00014857 0.0030955 0.0047777 0.001071 3.974e-05 4.9866e-06 3.9563e-06 4.031e-06
0.00014719 0.0029985 0.0047785 0.0010686 3.9469e-05 4.8532e-06 3.9272e-06 3.8615e-06
0.00014583 0.0029263 0.0047794 0.0010663 3.9204e-05 4.7302e-06 3.9557e-06 3.7026e-06
0.00014449 0.0028772 0.0047803 0.001064 3.8944e-05 4.6171e-06 3.3836e-06 3.554e-06
0.00014314 0.0028129 0.0047813 0.0010617 3.8672e-05 4.4964e-06 2.7398e-06 3.3977e-06
0.00014181 0.0027725 0.0047823 0.0010594 3.8407e-05 4.3861e-06 2.2346e-06 3.252e-06
0.0001405 0.0027549 0.0047835 0.0010571 3.8148e-05 4.2856e-06 1.8391e-06 3.1162e-06
0.00013919 0.0027225 0.0047846 0.0010548 3.7876e-05 4.1779e-06 1.3877e-06 2.9731e-06
0.00013789 0.0027131 0.0047858 0.0010526 3.7611e-05 4.0799e-06 1.0339e-06 2.8399e-06
0.00013658 0.002688 0.0047869 0.0010503 3.7334e-05 3.9745e-06 6.2532e-07 2.6991e-06
0.00013526 0.0026462 0.004788 0.001048 3.7043e-05 3.861e-06 6.444e-07 2.5502e-06
0.00013396 0.0026276 0.0047892 0.0010457 3.6759e-05 3.7573e-06 6.8522e-07 2.4113e-06
0.00013269 0.0026341 0.0047905 0.0010435 3.6483e-05 3.664e-06 7.5443e-07 2.2825e-06
0.0001314 0.0026225 0.0047918 0.0010412 3.6193e-05 3.5622e-06 7.9106e-07 2.1454e-06
0.00013013 0.0023662 0.0047931 0.001039 3.591e-05 3.4707e-06 8.5892e-07 2.0184e-06
0.0001289 0.0021659 0.0047946 0.0010368 3.5636e-05 3.3899e-06 7.2615e-07 1.9019e-06
0.00012769 0.0020109 0.0047962 0.0010346 3.5371e-05 3.3192e-06 6.3603e-07 1.7949e-06
0.00012646 0.0018299 0.0047978 0.0010324 3.5092e-05 3.2403e-06 5.0929e-07 1.68e-06
0.00012526 0.0016878 0.0047995 0.0010303 3.4821e-05 3.1707e-06 4.1732e-07 1.5738e-06
0.00012409 0.001581 0.0048013 0.0010281 3.4558e-05 3.1106e-06 3.5465e-07 1.4762e-06
0.0001229 0.0014505 0.004803 0.001026 3.4281e-05 3.042e-06 2.5908e-07 1.3707e-06
0.00012169 0.0012926 0.0048047 0.0010238 3.3988e-05 2.9646e-06 1.2615e-07 1.2566e-06
0.00012046 0.0013585 0.0048062 0.0010216 3.3679e-05 2.8776e-06 1.3581e-07 1.1332e-06
0.00011926 0.0013032 0.0048079 0.0010194 3.3379e-05 2.8008e-06 1.5762e-07 1.0194e-06
0.00011808 0.0012712 0.0048098 0.0010173 3.3088e-05 2.7336e-06 1.9088e-07 9.1436e-07
0.00011689 0.001218 0.0048118 0.0010152 3.2781e-05 2.6547e-06 1.959e-07 9.5038e-07
0.00011567 0.0011449 0.0048137 0.001013 3.2459e-05 2.5669e-06 1.755e-07 9.8064e-07
0.00011449 0.0010958 0.0048157 0.0010109 3.2146e-05 2.4888e-06 1.6627e-07 1.015e-06
0.00011333 0.0010675 0.0048179 0.0010089 3.1841e-05 2.4199e-06 1.6709e-07 1.0536e-06
0.00011219 0.0010584 0.0048202 0.0010068 3.1545e-05 2.3597e-06 1.7807e-07 1.0968e-06
0.00011108 0.0010678 0.0048227 0.0010048 3.1258e-05 2.3076e-06 2.006e-07 1.1449e-06
0.00011001 0.0011006 0.0048119 0.0010031 3.098e-05 2.0628e-06 1.3008e-07 1.2012e-06
0.00010891 0.0011163 0.0048011 0.0010013 3.0688e-05 2.0804e-06 3.8474e-08 1.2509e-06
0.00010779 0.0011152 0.0047902 0.00099953 3.0379e-05 2.091e-06 3.3593e-08 1.2941e-06
0.0001067 0.0011334 0.0047794 0.00099778 3.008e-05 2.1081e-06 2.6714e-08 1.3426e-06
0.00010564 0.001172 0.0047689 0.00099605 2.9788e-05 2.1317e-06 1.6984e-08 1.3969e-06
0.00010455 0.0011931 0.0047582 0.0009943 2.9482e-05 2.1482e-06 4.1784e-08 1.4444e-06
0.00010349 0.0012371 0.0047478 0.00099258 2.9184e-05 2.0353e-06 6.9675e-08 1.4983e-06
0.00010242 0.0012631 0.0047372 0.00099085 2.8872e-05 1.9127e-06 7.6903e-08 1.5455e-06
0.00010137 0.0013111 0.0047268 0.00098913 2.8568e-05 1.801e-06 8.7228e-08 1.5987e-06
0.0001003 0.0013407 0.0047164 0.0009874 2.8249e-05 1.6837e-06 7.6674e-08 1.6449e-06
9.9258e-05 0.0013932 0.0047061 0.0009857 2.7937e-05 1.5765e-06 6.9151e-08 1.6973e-06
9.8238e-05 0.0014717 0.004696 0.00098402 2.7634e-05 1.4788e-06 6.3718e-08 1.7562e-06
9.7243e-05 0.0015835 0.0046861 0.00098237 2.7339e-05 1.3904e-06 6.0626e-08 1.8227e-06
9.6273e-05 0.0017365 0.004676 0.0009807 2.7052e-05 1.3105e-06 5.9817e-08 1.8972e-06
9.5327e-05 0.0019413 0.0046662 0.00097905 2.6774e-05 1.2385e-06 6.0829e-08 1.9804e-06
9.4405e-05 0.0022124 0.0046565 0.00097744 2.6504e-05 1.1737e-06 6.3827e-08 2.073e-06
9.3466e-05 0.0024389 0.0046468 0.0009758 2.6219e-05 1.1015e-06 4.671e-08 2.1568e-06
9.2549e-05 0.0027343 0.0046372 0.00097419 2.5941e-05 1.0358e-06 3.0399e-08 2.2496e-06
9.155e-05 0.0029808 0.0046275 0.00097256 2.6972e-05 9.6287e-07 6.4148e-08 2.3334e-06
9.0574e-05 0.0033032 0.004618 0.00097095 2.8021e-05 8.9617e-07 8.5722e-08 2.4265e-06
8.9581e-05 0.0035725 0.0046084 0.00096932 2.905e-05 8.2232e-07 9.5121e-08 2.5104e-06
8.861e-05 0.0035966 0.004599 0.00096772 3.0097e-05 7.5453e-07 9.2344e-08 2.604e-06
8.7663e-05 0.0036621 0.0045897 0.00096615 3.1165e-05 6.9272e-07 9.4986e-08 2.7085e-06
8.6739e-05 0.0037737 0.0045807 0.00096461 3.2255e-05 6.3634e-07 1.0338e-07 2.825e-06
8.5839e-05 0.0039392 0.0045718 0.0009631 3.3367e-05 5.8489e-07 1.1868e-07 2.9544e-06
8.496e-05 0.0041658 0.0045631 0.00096162 3.45e-05 5.3751e-07 1.416e-07 3.0967e-06
8.4063e-05 0.0043487 0.0045543 0.00096011 3.5611e-05 4.8425e-07 3.9982e-07 3.2277e-06
8.3188e-05 0.004598 0.0045457 0.00095863 3.6743e-05 4.3491e-07 7.5676e-07 3.372e-06
8.2333e-05 0.0049296 0.0045372 0.00095718 3.7897e-05 3.8912e-07 8.3511e-07 3.5308e-06
8.1461e-05 0.0051256 0.0045289 0.00095576 3.9027e-05 3.9829e-07 8.3656e-07 3.6251e-06
8.0609e-05 0.0053928 0.0045208 0.00095437 4.0179e-05 4.0905e-07 8.757e-07 3.731e-06
7.9742e-05 0.0056142 0.0045126 0.00095295 4.131e-05 4.1555e-07 8.7616e-07 4.6342e-06
7.8895e-05 0.0059122 0.0045046 0.00095156 4.2463e-05 4.2363e-07 9.1454e-07 5.6137e-06
7.8034e-05 0.006165 0.0044965 0.00095016 4.3596e-05 4.2763e-07 9.1632e-07 6.5527e-06
7.7191e-05 0.0064967 0.0044885 0.00094877 4.4749e-05 4.33e-07 9.5404e-07 7.5657e-06
7.6366e-05 0.0069244 0.0044807 0.00094742 4.5922e-05 4.3972e-07 1.0312e-06 8.6577e-06
7.5528e-05 0.0072966 0.0044728 0.00094604 4.7076e-05 4.4251e-07 1.0706e-06 9.7085e-06
7.4677e-05 0.0076195 0.0044648 0.00094465 4.8212e-05 4.4139e-07 1.098e-06 1.072e-05
7.3843e-05 0.0080358 0.004457 0.00094328 4.9368e-05 4.4155e-07 1.1133e-06 1.1809e-05
7.2998e-05 0.0084008 0.0044491 0.00094189 5.0505e-05 4.379e-07 1.1166e-06 1.286e-05
7.215e-05 0.0087619 0.0044412 0.0009405 5.1636e-05 4.3208e-07 1.1078e-06 1.391e-05
7.1299e-05 0.0091188 0.0044333 0.0009391 5.2762e-05 4.2409e-07 1.0869e-06 1.4958e-05
7.0445e-05 0.0094717 0.0044254 0.0009377 5.3882e-05 4.1392e-07 1.054e-06 1.6005e-05
6.9579e-05 0.0097754 0.0044175 0.00093629 5.4983e-05 3.9982e-07 9.8365e-07 1.7014e-05
6.87e-05 0.010034 0.0044095 0.00093485 5.6065e-05 3.8175e-07 8.7374e-07 1.7984e-05
6.7808e-05 0.010249 0.0044014 0.0009334 5.7129e-05 3.5964e-07 7.2061e-07 1.8918e-05
6.6934e-05 0.010545 0.0043934 0.00093197 5.8212e-05 3.3905e-07 6.1549e-07 1.9925e-05
6.6047e-05 0.010795 0.0043854 0.00093052 5.9276e-05 3.1442e-07 4.7031e-07 2.0894e-05
6.5179e-05 0.011139 0.0043775 0.0009291 6.0363e-05 2.9148e-07 3.6902e-07 2.1094e-05
6.4329e-05 0.01159 0.0043698 0.00092771 6.1472e-05 2.6985e-07 2.9726e-07 2.1321e-05
6.3499e-05 0.011604 0.0043622 0.00092634 6.2606e-05 2.4971e-07 2.5017e-07 2.158e-05
6.2654e-05 0.011595 0.0043546 0.00092495 6.3718e-05 2.2544e-07 1.7282e-07 2.1819e-05
6.1828e-05 0.011659 0.0043471 0.00092359 6.4855e-05 2.0263e-07 1.1679e-07 2.2091e-05
6.1021e-05 0.011794 0.0043398 0.00092226 6.6017e-05 1.8086e-07 7.3357e-08 2.2397e-05
6.0233e-05 0.011585 0.0043326 0.00092095 6.7206e-05 1.6108e-07 3.8962e-08 2.2308e-05
5.9464e-05 0.011461 0.0043257 0.00091967 6.8423e-05 1.4219e-07 8.7567e-09 2.2247e-05
5.8679e-05 0.011284 0.0043186 0.00091837 6.9615e-05 1.7641e-07 6.8475e-09 2.2166e-05
5.788e-05 0.011054 0.0043116 0.0009171 7.0783e-05 2.0629e-07 1.9459e-08 2.2068e-05
5.7067e-05 0.010768 0.0043046 0.0009158 7.1928e-05 4.3517e-07 1.5675e-08 2.1952e-05
5.6239e-05 0.011112 0.0042975 0.00091449 7.3048e-05 6.5049e-07 4.942e-08 2.1817e-05
5.5427e-05 0.011562 0.0042906 0.0009132 7.4192e-05 8.822e-07 8.6457e-08 2.1706e-05
5.4604e-05 0.011964 0.0042836 0.00091189 7.5318e-05 1.1044e-06 1.0486e-07 2.1583e-05
5.3795e-05 0.012463 0.0042767 0.0009106 7.6462e-05 1.3409e-06 1.2532e-07 2.148e-05
5.2998e-05 0.01307 0.0042699 0.00090933 7.7625e-05 1.5918e-06 1.4848e-07 2.1395e-05
5.2213e-05 0.013801 0.0042632 0.00090808 7.8806e-05 1.8577e-06 1.7529e-07 2.1327e-05
5.1439e-05 0.014676 0.0042566 0.00090685 8.0003e-05 2.1394e-06 2.0708e-07 2.1276e-05
5.0657e-05 0.015491 0.00425 0.0009056 8.1187e-05 2.4125e-06 2.2026e-07 2.1216e-05
4.9885e-05 0.01645 0.0042435 0.00090437 8.2386e-05 2.7003e-06 2.3767e-07 2.1171e-05
4.9123e-05 0.017587 0.0042371 0.00090315 8.3601e-05 3.0049e-06 2.6136e-07 2.1141e-05
4.8353e-05 0.018652 0.0042307 0.00090193 8.4803e-05 3.3008e-06 2.6609e-07 2.1104e-05
4.7576e-05 0.019649 0.0042242 0.00090069 8.5991e-05 3.588e-06 2.5194e-07 2.1058e-05
4.681e-05 0.020831 0.0042178 0.00089947 8.7196e-05 3.8922e-06 2.4407e-07 2.1027e-05
4.6053e-05 0.02095 0.0042115 0.00089826 8.8419e-05 4.2146e-06 2.4221e-07 2.1013e-05
4.5289e-05 0.021041 0.0042052 0.00089704 8.9627e-05 4.5281e-06 2.2193e-07 2.099e-05
4.4518e-05 0.021106 0.0041988 0.00089582 9.0823e-05 4.8329e-06 1.8306e-07 2.0959e-05
4.3739e-05 0.021144 0.0041924 0.00089458 9.2004e-05 5.1289e-06 1.2848e-07 2.092e-05
4.2953e-05 0.021155 0.004186 0.00089333 9.3171e-05 5.4159e-06 2.1794e-07 2.0872e-05
4.2177e-05 0.021227 0.0041797 0.00089209 9.4356e-05 5.7206e-06 3.2326e-07 2.0841e-05
4.1409e-05 0.021358 0.0041734 0.00089087 9.5556e-05 6.0426e-06 4.478e-07 2.0823e-05
4.0635e-05 0.021463 0.0041672 0.00088964 9.6743e-05 6.3558e-06 5.4839e-07 2.0797e-05
3.9853e-05 0.021541 0.0041609 0.0008884 9.7916e-05 6.6599e-06 6.2512e-07 2.0764e-05
3.9081e-05 0.021678 0.0041546 0.00088717 9.9105e-05 6.9816e-06 7.2223e-07 2.0745e-05
3.8301e-05 0.021788 0.0041484 0.00088593 0.00010028 7.2943e-06 7.9504e-07 2.0717e-05
3.7514e-05 0.021871 0.0041421 0.00088468 0.00010144 7.5981e-06 8.4378e-07 2.0682e-05
3.6736e-05 0.022015 0.0041359 0.00088345 0.00010262 7.9201e-06 9.1468e-07 2.0661e-05
3.5968e-05 0.022227 0.0041298 0.00088223 0.00010382 8.2618e-06 1.0119e-06 2.0656e-05
3.5209e-05 0.022512 0.0041238 0.00088103 0.00010503 8.6247e-06 1.1418e-06 2.0665e-05
3.4461e-05 0.02215 0.0041179 0.00087984 0.00010627 9.0129e-06 1.3188e-06 2.0692e-05
3.3705e-05 0.02287 0.0041122 0.00087868 0.00010749 9.388e-06 1.456e-06 2.0708e-05
3.2939e-05 0.023525 0.0041063 0.0008775 0.00010869 9.7504e-06 1.5569e-06 2.0715e-05
3.2184e-05 0.024324 0.0041006 0.00087634 0.00010991 9.7176e-06 1.7026e-06 2.0096e-05
3.142e-05 0.025056 0.0040948 0.00087516 0.00011111 9.6774e-06 1.8114e-06 1.9459e-05
3.0666e-05 0.025947 0.0040892 0.000874 0.00011234 9.6484e-06 1.9708e-06 1.8861e-05
2.9923e-05 0.026771 0.0040835 0.00087283 0.00011359 9.6124e-06 2.0942e-06 1.8246e-05
2.9173e-05 0.027537 0.0040777 0.00087165 0.00011482 9.5698e-06 2.1841e-06 1.7616e-05
2.8431e-05 0.028458 0.0040721 0.00087048 0.00011607 9.5377e-06 2.323e-06 1.7023e-05
2.7682e-05 0.029317 0.0040664 0.0008693 0.00011731 9.499e-06 2.4273e-06 1.6414e-05
2.6942e-05 0.030342 0.0040608 0.00086814 0.00011857 9.4707e-06 2.5835e-06 1.5841e-05
2.6212e-05 0.031563 0.0040553 0.00086699 0.00011984 9.4525e-06 2.7994e-06 1.5301e-05
2.549e-05 0.03301 0.0040499 0.00086586 0.00012114 9.4445e-06 2.5758e-06 1.4793e-05
2.476e-05 0.034374 0.0040445 0.00086472 0.00012243 9.4303e-06 2.3136e-06 1.4272e-05
2.404e-05 0.035987 0.0040391 0.0008636 0.00012373 9.4261e-06 2.1148e-06 1.3781e-05
2.3312e-05 0.037504 0.0040338 0.00086246 0.00012502 9.4156e-06 1.8789e-06 1.3277e-05
2.2592e-05 0.039277 0.0040285 0.00086134 0.00012633 9.4142e-06 1.695e-06 1.2801e-05
2.188e-05 0.041367 0.0040233 0.00086023 0.00012766 9.4229e-06 1.558e-06 1.2352e-05
2.1176e-05 0.043805 0.0040182 0.00085914 0.000129 9.441e-06 1.4578e-06 1.1928e-05
2.0465e-05 0.046101 0.0040131 0.00085803 0.00013034 9.4524e-06 1.3272e-06 1.1492e-05
1.9761e-05 0.048812 0.004008 0.00085695 0.00013169 9.4744e-06 1.2343e-06 1.1082e-05
1.9066e-05 0.049271 0.0040031 0.00085588 0.00013307 9.5064e-06 1.1722e-06 1.0697e-05
1.8364e-05 0.049682 0.0039981 0.00085479 0.00013443 9.5315e-06 1.0815e-06 1.0299e-05
1.765e-05 0.050219 0.0039932 0.00085372 0.00013577 9.5678e-06 1.0229e-06 9.9264e-06
1.6944e-05 0.0509 0.0039884 0.00085267 0.00013713 9.6157e-06 9.9252e-07 9.5785e-06
1.6248e-05 0.051748 0.0039837 0.00085164 0.00013851 9.6754e-06 9.8876e-07 9.2537e-06
1.5561e-05 0.052795 0.0039792 0.00085063 0.00013992 9.7474e-06 1.0123e-06 8.9511e-06
1.4865e-05 0.053749 0.0039745 0.0008496 0.00014131 9.811e-06 1.0066e-06 8.6358e-06
1.4179e-05 0.054933 0.00397 0.00084859 0.00014273 9.888e-06 1.0313e-06 8.3435e-06
1.3503e-05 0.056386 0.0039656 0.0008476 0.00014418 9.9784e-06 1.0878e-06 8.0725e-06
1.2838e-05 0.05925 0.0039611 0.0008466 0.00014566 9.8613e-06 1.0215e-06 7.9458e-06
1.2163e-05 0.061828 0.0039566 0.00084557 0.00014712 9.7332e-06 1.3907e-06 7.8083e-06
1.1498e-05 0.065001 0.0039522 0.00084456 0.00014861 9.6207e-06 1.9035e-06 7.6854e-06
1.0823e-05 0.067872 0.0039477 0.00084354 0.00015008 9.4976e-06 2.3355e-06 7.5521e-06
1.0158e-05 0.071383 0.0039433 0.00084254 0.00015158 9.3895e-06 2.9093e-06 7.4327e-06
9.5016e-06 0.075678 0.003939 0.00084156 0.00015311 9.2959e-06 3.6714e-06 7.3267e-06
8.8545e-06 0.076741 0.0039349 0.0008406 0.00015467 9.2163e-06 4.6868e-06 7.2334e-06
8.1978e-06 0.077668 0.0039307 0.00083962 0.0001562 9.1263e-06 5.5497e-06 7.1302e-06
7.8391e-06 0.078875 0.0039266 0.00083866 0.00015618 9.0511e-06 6.7234e-06 7.0403e-06
7.4735e-06 0.079949 0.0039224 0.00083768 0.00015614 8.9666e-06 7.7429e-06 6.9415e-06
7.1116e-06 0.081293 0.0039184 0.00083673 0.00015612 8.8947e-06 9.0746e-06 6.8541e-06
6.7531e-06 0.082959 0.0039144 0.00083579 0.00015612 8.8349e-06 1.0807e-05 6.7773e-06
6.388e-06 0.084465 0.0039104 0.00083484 0.0001561 8.7666e-06 1.2339e-05 6.6926e-06
6.0262e-06 0.086318 0.0039064 0.00083387 0.0001561 8.7101e-06 1.4334e-05 6.6183e-06
5.6679e-06 0.088616 0.0039024 0.00083292 0.00015611 8.6658e-06 1.4676e-05 6.5545e-06
5.3035e-06 0.09072 0.0038984 0.00083196 0.00015611 8.6139e-06 1.4934e-05 6.4836e-06
4.9328e-06 0.092647 0.0038944 0.00083098 0.0001561 8.5541e-06 1.5112e-05 6.4053e-06
4.5652e-06 0.094993 0.0038904 0.00083002 0.0001561 8.5056e-06 1.5446e-05 6.3368e-06
4.6768e-06 0.097162 0.0038864 0.00082904 0.00015604 8.4499e-06 1.5703e-05 6.2616e-06
4.788e-06 0.099752 0.0038825 0.00082808 0.00015599 8.4042e-06 1.6112e-05 6.1949e-06
4.8942e-06 0.10215 0.0038786 0.00082711 0.00015593 8.3515e-06 1.6441e-05 6.1217e-06
5e-06 0.105 0.0038748 0.00082616 0.00015588 8.3083e-06 1.6928e-05 6.0566e-06
5.1021e-06 0.10785 0.0038709 0.00082519 0.00015582 8.2632e-06 1.7405e-05 5.9894e-06
5.2008e-06 0.11069 0.0038671 0.00082423 0.00015576 8.216e-06 1.787e-05 5.9201e-06
5.2959e-06 0.11353 0.0038632 0.00082326 0.0001557 8.1668e-06 1.8323e-05 5.8487e-06
5.3875e-06 0.11636 0.0038593 0.00082229 0.00015563 8.1156e-06 1.8765e-05 5.7753e-06
5.4756e-06 0.11918 0.0038555 0.00082131 0.00015555 8.0623e-06 1.9196e-05 5.6998e-06
5.5601e-06 0.122 0.0038516 0.00082033 0.00015547 8.0071e-06 1.9615e-05 5.6221e-06
5.6411e-06 0.12481 0.0038478 0.00081934 0.00015538 7.9498e-06 2.0023e-05 5.5424e-06
5.7186e-06 0.12762 0.0038439 0.00081835 0.00015528 7.8905e-06 2.0419e-05 5.4606e-06
5.7925e-06 0.13042 0.00384 0.00081736 0.00015518 7.8292e-06 2.0804e-05 5.3768e-06
5.8618e-06 0.13306 0.0038361 0.00081635 0.00015507 7.7618e-06 2.1177e-05 5.2872e-06
5.9304e-06 0.13616 0.0038323 0.00081536 0.00015497 7.7032e-06 2.1539e-05 5.205e-06
5.9984e-06 0.13982 0.0038286 0.00081438 0.00015489 7.6539e-06 2.189e-05 5.1305e-06
6.0657e-06 0.14411 0.0038249 0.00081342 0.00015482 7.613e-06 2.0957e-05 5.0628e-06
6.1325e-06 0.14916 0.0038213 0.00081247 0.00015476 7.5809e-06 2.0254e-05 5.0022e-06
6.1985e-06 0.15506 0.0038179 0.00081153 0.00015472 7.5569e-06 1.9732e-05 4.9479e-06
6.264e-06 0.162 0.0038144 0.00081061 0.00015469 7.5414e-06 1.6521e-05 4.9003e-06
6.3289e-06 0.17016 0.0038111 0.0008097 0.00015468 7.5344e-06 1.3944e-05 4.8591e-06
6.3932e-06 0.17973 0.0038079 0.00080881 0.00015468 7.5358e-06 1.1874e-05 4.8241e-06
6.4569e-06 0.19098 0.0038047 0.00080793 0.00015469 7.5454e-06 1.0214e-05 4.7953e-06
6.5201e-06 0.20417 0.0038016 0.00080706 0.00015472 7.5633e-06 8.8828e-06 4.7724e-06
6.5787e-06 0.21669 0.0037985 0.00080618 0.00015473 7.5759e-06 7.4435e-06 4.7448e-06
6.6329e-06 0.22854 0.0037953 0.0008053 0.00015474 7.583e-06 5.8823e-06 4.7124e-06
6.6864e-06 0.24245 0.0037923 0.00080442 0.00015475 7.5984e-06 4.6275e-06 4.6859e-06
6.7355e-06 0.25565 0.0037892 0.00080354 0.00015476 7.6083e-06 3.2686e-06 4.6547e-06
6.7838e-06 0.27099 0.0037861 0.00080267 0.00015478 7.6261e-06 2.1604e-06 4.629e-06
6.8314e-06 0.28885 0.0037832 0.00080181 0.00015481 7.6519e-06 1.2562e-06 4.6088e-06
6.8744e-06 0.3057 0.0037802 0.00080094 0.00015483 7.6718e-06 1.2341e-06 4.5835e-06
6.917e-06 0.32556 0.0037773 0.00080008 0.00015486 7.7005e-06 7.8577e-07 4.5644e-06
6.9592e-06 0.34901 0.0037745 0.00079924 0.00015491 7.7383e-06 4.2246e-07 4.5514e-06
6.9967e-06 0.37115 0.0037717 0.00079839 0.00015494 7.7703e-06 4.4234e-07 4.5335e-06
7.0297e-06 0.39208 0.0037688 0.00079753 0.00015497 7.7963e-06 4.4179e-07 4.5105e-06
7.0579e-06 0.41182 0.0037659 0.00079665 0.00015498 7.8164e-06 4.203e-07 4.4823e-06
7.0886e-06 0.43508 0.003763 0.00079579 0.00015159 7.8455e-06 4.1065e-07 4.4603e-06
7.1188e-06 0.44002 0.0037603 0.00079495 0.00014825 7.883e-06 4.107e-07 4.4438e-06
7.1486e-06 0.44588 0.0037576 0.00079412 0.00014495 7.5384e-06 4.2173e-07 4.4334e-06
7.1777e-06 0.45275 0.003755 0.0007933 0.00014169 7.2123e-06 4.4243e-07 4.4282e-06
7.2023e-06 0.45925 0.0037524 0.00079247 0.00013842 6.8777e-06 4.4352e-07 4.4183e-06
7.2224e-06 0.46539 0.0037497 0.00079162 0.00013512 6.5341e-06 4.2478e-07 4.4037e-06
7.2419e-06 0.47261 0.0037471 0.0007908 0.00013187 6.2095e-06 4.1648e-07 4.3947e-06
7.257e-06 0.47948 0.0037445 0.00078996 0.0001286 5.8766e-06 3.8908e-07 4.3811e-06
7.2713e-06 0.48745 0.003742 0.00078914 0.00012537 5.5608e-06 3.7006e-07 4.3724e-06
7.2811e-06 0.495 0.0037394 0.0007883 0.00012212 5.2366e-06 3.3183e-07 4.3592e-06
7.2903e-06 0.50386 0.003737 0.00078748 0.00011891 4.93e-06 3.0242e-07 4.3513e-06
7.2951e-06 0.51228 0.0037344 0.00078665 0.00011569 4.6155e-06 2.5451e-07 4.339e-06
7.2954e-06 0.52029 0.0037319 0.0007858 0.00011244 4.2931e-06 1.8785e-07 4.3221e-06
7.2913e-06 0.5279 0.0037293 0.00078495 0.00010918 3.9625e-06 1.0203e-07 4.3008e-06
7.2866e-06 0.53683 0.0037268 0.00078411 0.00010596 3.6497e-06 2.5086e-08 4.2849e-06
7.2774e-06 0.54528 0.0037243 0.00078327 0.00010272 3.3283e-06 2.7814e-08 4.2643e-06
7.2677e-06 0.55521 0.0037219 0.00078243 9.9524e-05 3.0242e-06 2.417e-08 4.2492e-06
7.2574e-06 0.56688 0.0037195 0.00078161 9.6367e-05 2.7362e-06 1.3991e-08 4.2396e-06
7.2426e-06 0.57791 0.0037171 0.00078077 9.3191e-05 2.4401e-06 4.6022e-08 4.2252e-06
7.2231e-06 0.58834 0.0037147 0.00077993 8.9994e-05 2.1356e-06 6.2638e-08 4.2059e-06
7.2032e-06 0.6006 0.0037123 0.0007791 8.6839e-05 1.8473e-06 7.659e-08 4.1923e-06
7.1829e-06 0.61504 0.00371 0.00077828 8.3726e-05 1.5743e-06 8.8705e-08 4.1843e-06
7.1621e-06 0.63209 0.0037078 0.00077748 8.0654e-05 1.3158e-06 9.9837e-08 4.182e-06
7.1367e-06 0.64816 0.0037056 0.00077667 7.7562e-05 1.0495e-06 9.4641e-08 4.1747e-06
7.1066e-06 0.66328 0.0037034 0.00077584 7.4448e-05 7.7491e-07 7.279e-08 4.1623e-06
7.0761e-06 0.68113 0.0037012 0.00077503 7.1377e-05 5.1497e-07 5.0206e-08 4.1557e-06
7.0405e-06 0.69765 0.0036989 0.00077421 6.8278e-05 2.4489e-07 1.0996e-07 4.143e-06
6.9916e-06 0.71299 0.0036967 0.00077337 6.8396e-05 2.1733e-07 1.4894e-07 4.124e-06
6.9374e-06 0.72719 0.0036944 0.00077252 6.85e-05 1.8609e-07 1.6741e-07 4.0986e-06
6.8834e-06 0.74428 0.0036921 0.00077168 6.8614e-05 1.558e-07 1.928e-07 4.0805e-06
6.8243e-06 0.76016 0.0036899 0.00077083 6.8715e-05 1.8677e-07 1.9751e-07 4.056e-06
6.7598e-06 0.77488 0.0036876 0.00076997 6.8801e-05 2.1418e-07 4.8028e-07 4.025e-06
6.6901e-06 0.78857 0.0036852 0.00076909 6.8873e-05 2.3806e-07 7.1977e-07 3.9874e-06
6.6204e-06 0.80477 0.0036829 0.00076823 6.8954e-05 2.6251e-07 1.0215e-06 3.9567e-06
6.551e-06 0.82419 0.0036807 0.00076738 6.9047e-05 2.8783e-07 1.0165e-06 3.9332e-06
6.4817e-06 0.84749 0.0036787 0.00076656 6.915e-05 3.1415e-07 1.043e-06 3.9169e-06
6.4072e-06 0.86913 0.0036765 0.00076571 6.9239e-05 3.3681e-07 1.0381e-06 3.8942e-06
6.333e-06 0.89508 0.0036745 0.00076489 6.9339e-05 3.6055e-07 1.0657e-06 3.8786e-06
6.2535e-06 0.91926 0.0036724 0.00076405 6.9424e-05 3.8065e-07 1.0621e-06 3.8568e-06
6.1688e-06 0.94182 0.0036703 0.0007632 6.9496e-05 3.971e-07 1.0267e-06 3.8286e-06
6.0788e-06 0.96287 0.0036681 0.00076233 6.9553e-05 4.0986e-07 9.5819e-07 3.7939e-06
5.9833e-06 0.98241 0.0036659 0.00076145 6.9595e-05 4.1876e-07 8.5225e-07 3.7521e-06
5.8882e-06 0.9871 0.0036638 0.00076058 6.9649e-05 4.2886e-07 7.8445e-07 3.7181e-06
5.7939e-06 0.9883 0.0036617 0.00075974 6.9716e-05 4.4051e-07 7.518e-07 3.6925e-06
5.7002e-06 0.98977 0.0036598 0.00075891 6.9795e-05 4.5359e-07 7.5467e-07 3.6746e-06
5.6072e-06 0.99162 0.003658 0.00075811 6.9888e-05 4.6845e-07 7.8991e-07 3.6651e-06
5.5149e-06 0.99393 0.0036563 0.00075733 6.9994e-05 4.8521e-07 8.6232e-07 3.6638e-06
5.4168e-06 0.996 0.0036546 0.00075653 7.0084e-05 4.9759e-07 8.9641e-07 3.6548e-06
5.3195e-06 0.99659 0.0036529 0.00075575 7.0187e-05 5.1202e-07 9.7738e-07 3.6542e-06
5.2164e-06 0.99711 0.0036512 0.00075495 7.0274e-05 5.2213e-07 1.0186e-06 3.6462e-06
5.1075e-06 0.99758 0.0036495 0.00075414 7.0343e-05 5.2781e-07 1.0202e-06 3.6303e-06
4.9993e-06 0.99769 0.0036478 0.00075334 7.0427e-05 5.3554e-07 1.0637e-06 3.6243e-06
4.8856e-06 0.99778 0.0036462 0.00075253 7.0494e-05 5.3911e-07 1.0698e-06 3.6112e-06
4.7662e-06 0.99786 0.0036446 0.00075174 7.0546e-05 5.3848e-07 1.0366e-06 3.5908e-06
4.6471e-06 0.99798 0.0036431 0.00075097 7.0609e-05 5.3944e-07 1.0399e-06 3.5777e-06
4.5227e-06 0.99808 0.0036416 0.00075018 7.0658e-05 5.3649e-07 1.0095e-06 3.5582e-06
4.3982e-06 0.99823 0.0036401 0.00074941 7.0717e-05 5.347e-07 1.0094e-06 3.5449e-06
4.2686e-06 0.99836 0.0036387 0.00074863 7.0762e-05 5.2922e-07 9.7847e-07 3.5256e-06
4.134e-06 0.99848 0.0036371 0.00074783 7.0793e-05 5.2007e-07 9.1642e-07 3.5004e-06
3.9991e-06 0.99864 0.0036357 0.00074704 7.0834e-05 5.1198e-07 8.8334e-07 3.4812e-06
3.8591e-06 0.99879 0.0036342 0.00074625 7.0861e-05 5.0025e-07 8.2022e-07 3.4562e-06
3.7191e-06 0.99897 0.0036328 0.00074547 7.0899e-05 4.8977e-07 7.8673e-07 3.4376e-06
3.5741e-06 0.99915 0.0036314 0.00074468 7.0923e-05 4.7563e-07 7.2386e-07 3.4132e-06
3.4239e-06 0.99931 0.0036299 0.00074387 7.0934e-05 4.5778e-07 6.2999e-07 3.3827e-06
3.2736e-06 0.99933 0.0036285 0.00074308 7.0954e-05 4.4109e-07 5.6424e-07 3.3585e-06
3.1181e-06 0.99934 0.0036271 0.00074227 7.096e-05 4.2053e-07 4.6715e-07 3.3279e-06
2.9626e-06 0.99937 0.0036257 0.00074148 7.0978e-05 4.0138e-07 3.9796e-07 3.3042e-06
2.8074e-06 0.99942 0.0036245 0.00074071 7.1007e-05 3.8358e-07 3.5066e-07 3.2875e-06
2.6523e-06 0.99949 0.0036233 0.00073996 7.1049e-05 3.6713e-07 3.2173e-07 3.2778e-06
2.4976e-06 0.99947 0.0036223 0.00073923 7.1104e-05 3.5206e-07 3.1231e-07 3.2757e-06
2.3375e-06 0.99945 0.0036212 0.00073849 7.1143e-05 3.3308e-07 2.7702e-07 3.2667e-06
2.1718e-06 0.99943 0.00362 0.00073772 7.1166e-05 3.1011e-07 2.1482e-07 3.2506e-06
2.0004e-06 0.9994 0.0036188 0.00073694 7.1172e-05 2.8295e-07 1.2267e-07 3.2272e-06
1.8293e-06 0.9994 0.0036177 0.00073618 7.1191e-05 2.5721e-07 4.9718e-08 3.2111e-06
1.6524e-06 0.99938 0.0036165 0.0007354 7.1192e-05 2.2714e-07 5.8106e-08 3.1871e-06
1.4694e-06 0.99936 0.0036155 0.00073464 7.1174e-05 2.5066e-07 4.2816e-08 3.1375e-06
1.5161e-06 0.99933 0.0036144 0.00073386 7.1092e-05 2.7014e-07 9.3284e-08 3.0798e-06
1.5614e-06 0.99933 0.0036134 0.00073311 7.1023e-05 2.9089e-07 1.5682e-07 3.0306e-06
1.602e-06 0.99932 0.0036123 0.00073234 7.0939e-05 3.0777e-07 1.954e-07 2.9742e-06
1.6379e-06 0.9993 0.0036112 0.00073155 7.0838e-05 3.2086e-07 2.1046e-07 2.9106e-06
1.669e-06 0.99929 0.00361 0.00073074 7.0722e-05 3.3013e-07 2.0197e-07 2.8395e-06
1.6985e-06 0.99913 0.0036089 0.00072996 7.0617e-05 3.402e-07 2.0235e-07 2.7758e-06
1.7264e-06 0.99901 0.0036079 0.00072919 7.0524e-05 3.513e-07 2.1254e-07 2.7198e-06
1.7497e-06 0.99887 0.0036069 0.00072841 7.0417e-05 3.5871e-07 2.0048e-07 2.657e-06
1.7714e-06 0.99878 0.0036059 0.00072764 7.0322e-05 3.6712e-07 1.9779e-07 2.6015e-06
1.7885e-06 0.99867 0.003605 0.00072686 7.0211e-05 3.7177e-07 4.3632e-07 2.5392e-06
1.8009e-06 0.99855 0.0036039 0.00072606 7.0086e-05 3.7277e-07 6.3358e-07 2.4704e-06
1.8117e-06 0.99847 0.003603 0.00072528 6.9972e-05 3.7472e-07 8.919e-07 2.4087e-06
1.8208e-06 0.99805 0.003602 0.00072449 6.9869e-05 3.7751e-07 1.2292e-06 2.3533e-06
1.8283e-06 0.99771 0.0036011 0.00072371 6.9778e-05 3.8117e-07 1.6737e-06 2.304e-06
1.834e-06 0.9962 0.0036003 0.00072295 6.9697e-05 3.8567e-07 2.2593e-06 2.2604e-06
1.8379e-06 0.99492 0.0035995 0.0007222 6.9625e-05 3.9069e-07 3.0104e-06 2.2215e-06
1.8398e-06 0.99385 0.0035989 0.00072147 6.9563e-05 3.9634e-07 3.9868e-06 2.1871e-06
1.8398e-06 0.99294 0.0035983 0.00072075 6.9509e-05 4.0241e-07 5.2335e-06 2.1567e-06
1.8355e-06 0.99197 0.0035977 0.00072002 6.9443e-05 4.0519e-07 6.3403e-06 2.1216e-06
1.8268e-06 0.99095 0.0035971 0.00071928 6.9364e-05 4.0477e-07 7.3304e-06 2.0819e-06
1.8163e-06 0.98988 0.0035964 0.00071853 6.9295e-05 4.0115e-07 8.2158e-06 2.0377e-06
1.8015e-06 0.98874 0.0035957 0.00071776 6.9214e-05 3.9437e-07 9.0085e-06 1.9889e-06
1.7824e-06 0.98754 0.003595 0.00071698 6.9122e-05 3.8444e-07 9.7169e-06 1.9356e-06
1.7591e-06 0.98626 0.0035942 0.0007162 6.9018e-05 3.7131e-07 1.0344e-05 1.8777e-06
1.7338e-06 0.98519 0.0035935 0.00071542 6.8922e-05 3.5863e-07 1.1164e-05 1.824e-06
1.7064e-06 0.9843 0.0035929 0.00071466 6.8833e-05 3.4634e-07 1.1023e-05 1.7742e-06
1.6749e-06 0.98335 0.0035923 0.00071389 6.8734e-05 3.3095e-07 1.0825e-05 1.7202e-06
1.6413e-06 0.98256 0.0035917 0.00071313 6.8643e-05 3.1591e-07 1.0616e-05 1.6699e-06
1.6056e-06 0.9819 0.0035912 0.00071239 6.8558e-05 3.01e-07 1.0394e-05 1.623e-06
1.1093e-06 0.9611 0.0035882 0.00070309 6.7534e-05 6.3814e-07 6.4529e-06 1.0615e-06
1.2615e-06 0.95998 0.0035882 0.00070241 6.7454e-05 7.0363e-07 6.1897e-06 1.0204e-06
1.4125e-06 0.95904 0.0035883 0.00070173 6.7381e-05 7.7201e-07 6.0137e-06 9.8143e-07
1.559e-06 0.95803 0.0035884 0.00070105 6.7297e-05 8.3615e-07 5.7877e-06 9.3848e-07
1.7042e-06 0.9572 0.0035885 0.00070038 6.722e-05 9.0336e-07 5.6434e-06 8.977e-07
1.8449e-06 0.9563 0.0035886 0.00069969 6.713e-05 9.662e-07 5.45e-06 8.5286e-07
1.9846e-06 0.95558 0.0035888 0.00069903 6.705e-05 1.0328e-06 5.3411e-06 8.1052e-07
2.1236e-06 0.95501 0.0035891 0.00069837 6.6978e-05 1.1035e-06 5.311e-06 7.7062e-07
2.2577e-06 0.95438 0.0035893 0.0006977 6.6893e-05 1.1693e-06 5.2308e-06 7.2641e-07
2.3912e-06 0.9514 0.0035718 0.00069709 6.6817e-05 1.2395e-06 5.2293e-06 6.8471e-07
2.524e-06 0.94892 0.0035545 0.0006965 6.6751e-05 1.3146e-06 4.5548e-06 6.4534e-07
2.6565e-06 0.94688 0.0035374 0.00069592 6.6696e-05 1.3955e-06 4.046e-06 6.0839e-07
2.784e-06 0.94468 0.0035202 0.00069533 6.6627e-05 1.4707e-06 3.4593e-06 5.6721e-07
2.9054e-06 0.94287 0.0035033 0.00069476 6.6539e-05 1.552e-06 3.0169e-06 5.2838e-07
3.0265e-06 0.9414 0.0034865 0.0006942 6.6461e-05 1.6398e-06 2.6853e-06 4.9168e-07
3.1471e-06 0.94019 0.0034699 0.00069365 6.6393e-05 1.7339e-06 2.4356e-06 4.5667e-07
3.2673e-06 0.9392 0.0034535 0.00069313 6.6335e-05 1.835e-06 2.2535e-06 4.232e-07
3.3822e-06 0.93811 0.003437 0.00069258 6.6262e-05 1.9294e-06 2.0242e-06 3.8562e-07
3.497e-06 0.93327 0.0034207 0.00069206 6.62e-05 2.0317e-06 1.8631e-06 3.4986e-07
3.6065e-06 0.92803 0.0034044 0.00069152 6.6123e-05 2.127e-06 1.656e-06 3.0993e-07
3.716e-06 0.92371 0.0033882 0.000691 6.6058e-05 2.2308e-06 1.5112e-06 2.7178e-07
3.8253e-06 0.90564 0.0033722 0.00069049 6.6003e-05 2.3432e-06 1.4148e-06 2.3502e-07
3.9345e-06 0.89048 0.0033565 0.00069 6.5959e-05 2.465e-06 1.361e-06 1.9948e-07
4.0382e-06 0.87401 0.0033406 0.00068949 6.59e-05 2.5784e-06 1.268e-06 1.5987e-07
6.315e-06 0.86172 0.0032773 0.00068744 6.4317e-05 2.8482e-06 2.0651e-06 1.6816e-07
6.8931e-06 0.85955 0.0032618 0.00068695 6.3935e-05 2.9266e-06 1.8946e-06 1.6786e-07
7.4774e-06 0.85776 0.0032465 0.00068647 6.3563e-05 3.0121e-06 1.7761e-06 1.6708e-07
8.0549e-06 0.85585 0.0032311 0.00068599 6.3179e-05 3.0919e-06 1.6234e-06 1.6339e-07
8.6375e-06 0.85424 0.0032159 0.00068551 6.2802e-05 3.1779e-06 1.511e-06 1.5899e-07
9.2138e-06 0.85253 0.0032006 0.00068502 6.2414e-05 3.2586e-06 1.3678e-06 1.5176e-07
9.7838e-06 0.8507 0.0031853 0.00068453 6.2014e-05 3.3341e-06 1.1932e-06 1.4171e-07
1.0359e-05 0.84919 0.0031701 0.00068404 6.1622e-05 3.416e-06 1.0587e-06 1.3097e-07
1.094e-05 0.84796 0.0031551 0.00068357 6.1238e-05 3.5046e-06 9.5712e-07 1.195e-07
1.1526e-05 0.84696 0.0031402 0.0006831 6.0861e-05 3.6003e-06 8.8331e-07 1.0726e-07
1.2106e-05 0.84589 0.0031253 0.00068263 6.0473e-05 3.6907e-06 7.8482e-07 9.2287e-08
1.2691e-05 0.84504 0.0031105 0.00068217 6.0093e-05 3.7878e-06 7.0911e-07 7.6428e-08
1.327e-05 0.84411 0.0030957 0.0006817 5.97e-05 3.8794e-06 6.0861e-07 1.0997e-07
1.3842e-05 0.84601 0.0030808 0.00068121 5.9297e-05 3.9656e-06 4.8263e-07 1.4049e-07
1.4409e-05 0.8478 0.0030659 0.00068072 5.8883e-05 4.0466e-06 6.4639e-07 1.6805e-07
1.497e-05 0.84949 0.0030509 0.00068022 5.8458e-05 4.1226e-06 7.8385e-07 1.9269e-07
1.5524e-05 0.85108 0.0030359 0.00067971 5.8022e-05 4.1935e-06 8.9535e-07 2.1439e-07
1.6084e-05 0.85298 0.003021 0.0006792 5.7593e-05 4.2712e-06 1.0378e-06 2.3593e-07
1.6649e-05 0.85525 0.0030063 0.00067871 5.7171e-05 4.3558e-06 1.2178e-06 2.5737e-07
1.7219e-05 0.85528 0.0029917 0.00067823 5.6756e-05 4.447e-06 1.4403e-06 2.7863e-07
1.7795e-05 0.85547 0.0029773 0.00067776 5.6347e-05 4.5458e-06 1.7191e-06 2.9989e-07
1.8376e-05 0.85581 0.002963 0.00067731 5.5945e-05 4.6522e-06 2.0672e-06 3.2122e-07
1.8951e-05 0.85611 0.0029486 0.00067684 5.5533e-05 4.7536e-06 2.3769e-06 3.3961e-07
1.9521e-05 0.85636 0.0029342 0.00067636 5.511e-05 4.8496e-06 2.6481e-06 3.5501e-07
2.0096e-05 0.85677 0.00292 0.0006759 5.4693e-05 4.9535e-06 2.9939e-06 3.705e-07
2.0676e-05 0.85734 0.0029058 0.00067544 5.4283e-05 5.0649e-06 2.8472e-06 3.8595e-07
2.1262e-05 0.85809 0.0028918 0.00067499 5.3878e-05 5.1848e-06 2.7514e-06 4.0156e-07
2.1854e-05 0.85904 0.002878 0.00067456 5.348e-05 5.3135e-06 2.7018e-06 4.1738e-07
2.2451e-05 0.86021 0.0028642 0.00067414 5.3088e-05 5.4508e-06 2.6926e-06 4.3329e-07
2.3042e-05 0.8613 0.0028505 0.0006737 5.2685e-05 5.5824e-06 2.6535e-06 4.4616e-07
2.3639e-05 0.86264 0.0028368 0.00067328 5.2288e-05 5.7234e-06 2.6576e-06 4.5931e-07
2.4242e-05 0.86425 0.0028233 0.00067287 5.1898e-05 5.8745e-06 2.7054e-06 4.7278e-07
2.4852e-05 0.86618 0.0028099 0.00067247 5.1513e-05 6.0361e-06 2.7993e-06 4.8662e-07
2.5468e-05 0.86848 0.0027966 0.00067208 5.1135e-05 6.2088e-06 2.9443e-06 5.0089e-07
2.6078e-05 0.87065 0.0027833 0.00067168 5.0746e-05 6.3753e-06 3.0566e-06 5.1208e-07
2.6682e-05 0.8727 0.00277 0.00067127 5.0346e-05 6.5352e-06 3.1349e-06 5.2011e-07
2.6706e-05 0.87463 0.0027566 0.00067084 5.0498e-05 6.6884e-06 3.1789e-06 5.2496e-07
2.6732e-05 0.8769 0.0027434 0.00067043 5.0654e-05 6.8523e-06 3.272e-06 5.3015e-07
2.6753e-05 0.87905 0.0027301 0.00067001 5.0799e-05 7.0094e-06 3.33e-06 5.3215e-07
2.6768e-05 0.88107 0.0027169 0.0006696 5.0934e-05 7.1597e-06 3.3525e-06 5.3093e-07
2.6785e-05 0.88345 0.0027038 0.00066921 5.1073e-05 7.3209e-06 3.4251e-06 5.3009e-07
2.6805e-05 0.88624 0.0026909 0.00066882 5.1217e-05 7.4934e-06 3.5507e-06 5.2962e-07
2.6827e-05 0.88953 0.0026781 0.00066844 5.1367e-05 7.6779e-06 3.7354e-06 5.2953e-07
2.6843e-05 0.89263 0.0026653 0.00066805 5.1505e-05 7.8553e-06 3.8819e-06 5.2626e-07
2.6854e-05 0.89555 0.0026524 0.00066765 5.1633e-05 8.0253e-06 3.9892e-06 5.1972e-07
2.6868e-05 0.89898 0.0026396 0.00066727 5.1766e-05 8.2077e-06 4.1594e-06 5.1365e-07
2.6876e-05 0.9022 0.0026268 0.00066687 5.1887e-05 8.3822e-06 4.2865e-06 5.042e-07
2.6876e-05 0.90606 0.0026141 0.00066648 5.1994e-05 8.2412e-06 4.4887e-06 4.9625e-07
2.6879e-05 0.90678 0.0026016 0.00066611 5.2107e-05 8.1131e-06 4.1529e-06 4.8911e-07
2.6885e-05 0.9077 0.002589 0.00066572 5.2227e-05 7.9962e-06 3.9042e-06 4.8251e-07
2.6894e-05 0.90884 0.0025765 0.00066535 5.2353e-05 7.8905e-06 3.731e-06 4.7649e-07
2.6898e-05 0.9099 0.002564 0.00066496 5.2468e-05 7.7784e-06 3.5185e-06 4.673e-07
2.6904e-05 0.9112 0.0025516 0.00066459 5.2589e-05 7.6767e-06 3.2941e-06 4.5853e-07
2.6905e-05 0.91242 0.0025392 0.0006642 5.27e-05 7.5691e-06 3.0579e-06 4.4669e-07
2.6909e-05 0.9139 0.0025269 0.00066383 5.2816e-05 7.4713e-06 2.8099e-06 4.3517e-07
2.6907e-05 0.91529 0.0025145 0.00066345 5.2921e-05 7.3675e-06 2.5225e-06 4.2057e-07
2.6908e-05 0.91693 0.0025023 0.00066308 5.3032e-05 7.2726e-06 2.2965e-06 4.0609e-07
2.691e-05 0.91886 0.0024902 0.00066271 5.3146e-05 7.1862e-06 2.1219e-06 3.9168e-07
2.6915e-05 0.92112 0.0024781 0.00066236 5.3265e-05 7.1081e-06 1.9912e-06 3.7729e-07
2.6914e-05 0.92326 0.0024661 0.000662 5.3374e-05 7.0244e-06 1.8298e-06 3.5988e-07
2.6908e-05 0.92529 0.002454 0.00066163 5.3473e-05 6.9349e-06 1.6366e-06 3.3946e-07
2.6904e-05 0.92767 0.002442 0.00066126 5.3576e-05 6.8537e-06 1.4854e-06 3.1904e-07
2.6902e-05 0.93043 0.0024302 0.00066091 5.3684e-05 6.7805e-06 1.3699e-06 2.9859e-07
2.6902e-05 0.93365 0.0024184 0.00066057 5.3796e-05 6.7151e-06 1.2853e-06 2.7805e-07
2.6897e-05 0.9367 0.0024066 0.00066022 5.3898e-05 6.6441e-06 1.1736e-06 2.5451e-07
2.6886e-05 0.93961 0.0023948 0.00065985 5.399e-05 6.5675e-06 1.0345e-06 2.2797e-07
2.6878e-05 0.94299 0.0023831 0.0006595 5.4087e-05 6.499e-06 9.2644e-07 2.0141e-07
2.6873e-05 0.94693 0.0023715 0.00065916 5.4189e-05 6.4387e-06 8.4507e-07 1.7481e-07
2.687e-05 0.94768 0.00236 0.00065883 5.4298e-05 6.3874e-06 7.8991e-07 1.4828e-07
2.6861e-05 0.94838 0.0023484 0.00065849 5.4395e-05 6.3299e-06 7.0886e-07 1.1865e-07
2.6856e-05 0.94923 0.002337 0.00065816 5.4498e-05 6.2809e-06 6.5073e-07 8.8989e-08
2.6844e-05 0.95002 0.0023256 0.00065782 5.459e-05 6.2249e-06 5.6488e-07 1.0852e-07
2.6835e-05 0.94981 0.0023142 0.00065749 5.4688e-05 6.1779e-06 5.0148e-07 1.2763e-07
2.683e-05 0.94971 0.002303 0.00065718 5.4794e-05 6.1405e-06 4.587e-07 1.4654e-07
2.6819e-05 0.94957 0.0022918 0.00065685 5.4888e-05 6.0961e-06 3.9076e-07 1.6234e-07
2.6801e-05 0.94939 0.0022804 0.00065651 5.4969e-05 6.0446e-06 2.9622e-07 1.75e-07
2.6776e-05 0.94917 0.0022691 0.00065616 5.5037e-05 5.9856e-06 1.7264e-07 1.845e-07
2.6745e-05 0.94889 0.0022576 0.00065579 5.5091e-05 5.9185e-06 2.1135e-07 1.9078e-07
2.6707e-05 0.94855 0.0022461 0.00065541 5.5131e-05 5.8426e-06 2.2699e-07 1.9374e-07
2.6673e-05 0.94835 0.0022347 0.00065504 5.5181e-05 5.7778e-06 2.5295e-07 1.9659e-07
2.6644e-05 0.94827 0.0022235 0.00065469 5.524e-05 5.7241e-06 2.9224e-07 1.9943e-07
2.6619e-05 0.94722 0.0022124 0.00065436 5.5309e-05 5.682e-06 3.5023e-07 2.024e-07
2.66e-05 0.94356 0.0022013 0.00065401 5.5392e-05 5.6538e-06 3.0893e-07 2.0603e-07
2.6587e-05 0.93075 0.0021903 0.00065367 5.5487e-05 5.6379e-06 2.8763e-07 2.1007e-07
2.6579e-05 0.92038 0.0021792 0.00065332 5.5593e-05 5.6331e-06 2.823e-07 2.1437e-07
2.6576e-05 0.88143 0.0021682 0.00065298 5.571e-05 5.6393e-06 2.9139e-07 2.1894e-07
2.6579e-05 0.84967 0.0021574 0.00065267 5.5839e-05 5.6571e-06 3.1715e-07 2.2389e-07
2.6573e-05 0.81647 0.0021466 0.00065233 5.5952e-05 5.6657e-06 3.1607e-07 2.2525e-07
2.6572e-05 0.78915 0.0021358 0.00065201 5.6075e-05 5.6851e-06 3.3058e-07 2.2685e-07
2.6565e-05 0.75961 0.0021251 0.00065168 5.6185e-05 5.6965e-06 3.2685e-07 2.2507e-07
2.6561e-05 0.73502 0.0021144 0.00065136 5.6304e-05 5.7175e-06 3.3644e-07 2.2332e-07
2.6551e-05 0.70873 0.0021037 0.00065104 5.641e-05 5.7318e-06 3.2388e-07 2.1842e-07
2.6545e-05 0.68664 0.0020931 0.00065072 5.6524e-05 5.7548e-06 3.2253e-07 2.1335e-07
2.6532e-05 0.66306 0.0020825 0.00065039 5.6625e-05 5.7713e-06 2.9977e-07 2.052e-07
2.6523e-05 0.64317 0.002072 0.00065008 5.6735e-05 5.7961e-06 2.8687e-07 1.9679e-07
2.6516e-05 0.62638 0.0020616 0.00064977 5.6851e-05 5.8294e-06 2.828e-07 1.8806e-07
2.6504e-05 0.60856 0.0020511 0.00064946 5.6956e-05 5.8566e-06 2.5882e-07 1.7637e-07
2.6495e-05 0.59335 0.0020408 0.00064916 5.7068e-05 5.8915e-06 2.4177e-07 1.6421e-07
2.6489e-05 0.5805 0.0020306 0.00064887 5.7187e-05 5.9349e-06 2.3201e-07 1.5165e-07
2.6477e-05 0.56681 0.0020203 0.00064857 5.7293e-05 5.972e-06 2.0239e-07 1.3611e-07
2.6468e-05 0.55528 0.0020101 0.00064828 5.7408e-05 6.0178e-06 1.7963e-07 1.2017e-07
2.6453e-05 0.54299 0.0019999 0.00064798 5.751e-05 6.0572e-06 1.3737e-07 1.0125e-07
2.6432e-05 0.52981 0.0019897 0.00064767 5.76e-05 6.0901e-06 7.4707e-08 7.9322e-08
2.6405e-05 0.51556 0.0019794 0.00064734 5.7678e-05 6.116e-06 1.1205e-07 5.429e-08
2.6381e-05 0.50384 0.001969 0.000647 5.7764e-05 6.1516e-06 1.5578e-07 2.9048e-08
2.6351e-05 0.49111 0.0019586 0.00064664 5.7838e-05 6.1801e-06 1.7929e-07 3.3886e-08
2.6325e-05 0.48052 0.0019483 0.0006463 5.7919e-05 6.2177e-06 2.0907e-07 3.7323e-08
2.6302e-05 0.47181 0.0019381 0.00064597 5.8009e-05 6.2653e-06 2.4871e-07 3.9436e-08
2.6273e-05 0.46231 0.0019279 0.00064563 5.8086e-05 6.3053e-06 2.6598e-07 9.5281e-08
2.6247e-05 0.45451 0.0019177 0.00064531 5.8172e-05 6.3555e-06 2.9444e-07 1.5296e-07
2.6215e-05 0.44599 0.0019076 0.00064497 5.8244e-05 6.398e-06 3.0009e-07 2.0659e-07
2.6187e-05 0.43893 0.0018975 0.00064464 5.8324e-05 6.4502e-06 3.163e-07 2.6196e-07
2.6151e-05 0.4312 0.0018874 0.0006443 5.8391e-05 6.4944e-06 3.0917e-07 3.1316e-07
2.612e-05 0.42491 0.0018774 0.00064398 5.8468e-05 6.5496e-06 3.1688e-07 3.6661e-07
2.6092e-05 0.41973 0.0018675 0.00064367 5.8553e-05 6.6152e-06 3.3671e-07 4.2231e-07
2.6058e-05 0.41405 0.0018576 0.00064334 5.8624e-05 6.6727e-06 3.3265e-07 4.7365e-07
2.6016e-05 0.40809 0.0018476 0.000643 5.8681e-05 6.7215e-06 3.0352e-07 5.2051e-07
2.5979e-05 0.38452 0.0018377 0.00064268 5.8747e-05 6.7811e-06 2.8739e-07 5.6974e-07
2.5945e-05 0.3652 0.001828 0.00064237 5.8823e-05 6.8528e-06 2.843e-07 6.2191e-07
2.5917e-05 0.34935 0.0018184 0.00064208 5.891e-05 6.9371e-06 2.941e-07 6.7729e-07
2.5892e-05 0.33633 0.0018089 0.0006418 5.9008e-05 7.0344e-06 3.1829e-07 7.3621e-07
2.5861e-05 0.32214 0.0017993 0.00064151 5.909e-05 7.1225e-06 3.1771e-07 7.9026e-07
2.5822e-05 0.30651 0.0017897 0.0006412 5.9158e-05 7.2008e-06 2.9138e-07 8.3927e-07
2.5788e-05 0.24792 0.0017802 0.00064091 5.9237e-05 7.2981e-06 2.8097e-07 8.0119e-07
2.5747e-05 0.24017 0.0017707 0.00064061 5.9301e-05 7.3787e-06 2.4524e-07 9.0353e-07
2.5698e-05 0.23157 0.0017611 0.00064029 5.935e-05 7.4495e-06 1.8302e-07 9.9946e-07
2.5653e-05 0.22454 0.0017516 0.00063998 5.9409e-05 7.5327e-06 1.3421e-07 1.1014e-06
2.5601e-05 0.21675 0.001742 0.00063966 5.9452e-05 7.6064e-06 2.1664e-07 1.1969e-06
2.5542e-05 0.20815 0.0017324 0.00063933 5.9481e-05 7.6708e-06 2.7311e-07 1.2865e-06
2.5487e-05 0.20109 0.0017229 0.000639 5.9519e-05 7.7471e-06 3.4592e-07 1.2555e-06
2.5425e-05 0.19332 0.0017133 0.00063867 5.9543e-05 7.8145e-06 3.9274e-07 1.2198e-06
2.5366e-05 0.18691 0.0017038 0.00063834 5.9576e-05 7.8934e-06 4.5662e-07 1.187e-06
2.5301e-05 0.1799 0.0016943 0.00063801 5.9595e-05 7.9641e-06 4.9528e-07 1.1497e-06
2.5239e-05 0.17418 0.0016849 0.00063769 5.9624e-05 8.047e-06 5.5426e-07 1.1157e-06
2.5182e-05 0.16949 0.0016756 0.00063738 5.9662e-05 8.1425e-06 6.3993e-07 1.0846e-06
2.4988e-05 0.15761 0.0016396 0.0006363 5.9904e-05 8.6541e-06 1.0302e-06 9.8658e-07
2.4949e-05 0.15583 0.0016309 0.00063607 5.9987e-05 8.8177e-06 1.1456e-06 9.6816e-07
2.4914e-05 0.15438 0.0016223 0.00063585 6.008e-05 8.9971e-06 1.3052e-06 9.5205e-07
2.4882e-05 0.15323 0.0016138 0.00063565 6.0182e-05 9.1933e-06 1.5212e-06 9.3822e-07
2.4853e-05 0.1523 0.0016053 0.00063546 6.0293e-05 9.4064e-06 1.8187e-06 9.264e-07
2.4818e-05 0.15128 0.0015969 0.00063525 6.039e-05 9.609e-06 2.0651e-06 9.1045e-07
2.4787e-05 0.15049 0.0015885 0.00063507 6.0497e-05 9.8302e-06 1.9616e-06 8.968e-07
2.4749e-05 0.14961 0.0015801 0.00063486 6.059e-05 1.0041e-05 1.8179e-06 8.79e-07
2.4715e-05 0.14894 0.0015718 0.00063468 6.0693e-05 1.0269e-05 1.7244e-06 8.6319e-07
2.4674e-05 0.14818 0.0015634 0.00063447 6.0781e-05 1.0486e-05 1.5918e-06 8.4322e-07
2.4627e-05 0.14731 0.001555 0.00063426 6.0856e-05 1.0692e-05 1.4175e-06 8.1902e-07
2.4583e-05 0.14668 0.0015467 0.00063406 6.0941e-05 1.0919e-05 1.2991e-06 7.9725e-07
2.4533e-05 0.14594 0.0015383 0.00063384 6.1012e-05 1.1133e-05 1.1389e-06 7.7108e-07
2.4487e-05 0.1424 0.0015301 0.00063364 6.1095e-05 1.1369e-05 9.668e-07 7.4761e-07
2.4446e-05 0.13956 0.001522 0.00063346 6.1189e-05 1.1629e-05 7.8267e-07 7.2676e-07
2.4409e-05 0.13729 0.001514 0.0006333 6.1295e-05 1.1557e-05 5.8655e-07 7.085e-07
2.4377e-05 0.13546 0.0015061 0.00063315 6.1412e-05 1.1501e-05 4.4123e-07 6.9245e-07
2.4338e-05 0.13342 0.0014981 0.00063299 6.1514e-05 1.1434e-05 5.3553e-07 6.7183e-07
2.4303e-05 0.12549 0.0014902 0.00063284 6.1628e-05 1.1384e-05 6.6614e-07 6.5371e-07
2.4273e-05 0.11899 0.0014825 0.00063272 6.1753e-05 1.1349e-05 8.5018e-07 6.3769e-07
2.4247e-05 0.1137 0.0014749 0.00063261 6.1891e-05 1.133e-05 1.0997e-06 6.2391e-07
2.4226e-05 0.10939 0.0014674 0.00063252 6.2041e-05 1.1328e-05 1.4376e-06 6.1226e-07
2.4198e-05 0.10468 0.0014598 0.00063241 6.2176e-05 1.1314e-05 1.7155e-06 5.9627e-07
2.4174e-05 0.10079 0.0014523 0.00063232 6.2322e-05 1.1315e-05 2.0886e-06 5.8209e-07
2.4155e-05 0.097638 0.001445 0.00063224 6.2481e-05 1.1333e-05 2.0893e-06 5.6994e-07
2.414e-05 0.095044 0.0014377 0.00063218 6.2651e-05 1.1366e-05 2.1431e-06 5.5947e-07
2.413e-05 0.092915 0.0014306 0.00063214 6.2833e-05 1.1414e-05 2.2558e-06 5.5064e-07
2.4112e-05 0.090572 0.0014234 0.00063209 6.2998e-05 1.145e-05 2.3196e-06 5.3754e-07
2.4099e-05 0.087981 0.0014161 0.00063201 6.3178e-05 1.1476e-05 2.3356e-06 5.2012e-07
2.4079e-05 0.085091 0.0014088 0.00063192 6.3342e-05 1.149e-05 2.3022e-06 4.9822e-07
2.4063e-05 0.074023 0.0014015 0.00063185 6.3517e-05 1.1519e-05 2.3271e-06 4.781e-07
2.4051e-05 0.064917 0.0013944 0.00063179 6.3705e-05 1.1564e-05 1.9931e-06 4.5963e-07
2.4045e-05 0.057503 0.0013874 0.00063175 6.3906e-05 1.1627e-05 1.7588e-06 4.4293e-07
2.4043e-05 0.051377 0.0013805 0.00063173 6.4119e-05 1.1706e-05 1.5954e-06 4.2765e-07
2.4045e-05 0.046375 0.0013736 0.00063173 6.4345e-05 1.1804e-05 1.494e-06 4.1394e-07
2.404e-05 0.040897 0.0013668 0.00063171 6.4556e-05 1.1889e-05 1.3472e-06 3.961e-07
2.4025e-05 0.03646 0.00136 0.00063171 6.4743e-05 1.1994e-05 1.2577e-06 3.7981e-07
2.4002e-05 0.031545 0.0013532 0.00063169 6.4913e-05 1.2091e-05 1.1228e-06 3.5928e-07
2.3984e-05 0.02752 0.0013464 0.00063169 6.5096e-05 1.2206e-05 1.036e-06 3.4002e-07
2.3958e-05 0.023288 0.0013396 0.00063167 6.5262e-05 1.2308e-05 9.0775e-07 3.1666e-07
2.3924e-05 0.018616 0.0013328 0.00063163 6.5412e-05 1.2398e-05 7.3498e-07 2.8917e-07
2.3894e-05 0.014797 0.001326 0.00063161 6.5574e-05 1.2506e-05 6.1051e-07 2.6294e-07
2.3869e-05 0.01167 0.0013194 0.00063161 6.5749e-05 1.2632e-05 5.2262e-07 2.378e-07
2.3837e-05 0.011319 0.0013127 0.00063159 6.5907e-05 1.2745e-05 3.9888e-07 2.0866e-07
2.3809e-05 0.011052 0.0013061 0.00063159 6.6077e-05 1.2878e-05 3.0714e-07 1.8053e-07
2.3785e-05 0.010858 0.0012995 0.00063161 6.626e-05 1.3031e-05 2.3876e-07 1.5327e-07
2.3766e-05 0.010734 0.0012931 0.00063164 6.6457e-05 1.3206e-05 1.8937e-07 1.2688e-07
2.3752e-05 0.01067 0.0012868 0.00063169 6.6666e-05 1.3405e-05 1.5261e-07 1.0102e-07
2.373e-05 0.010566 0.0012804 0.00063173 6.6858e-05 1.3587e-05 9.0294e-08 7.1331e-08
2.3699e-05 0.01042 0.0012739 0.00063174 6.7032e-05 1.3752e-05 1.2633e-07 8.1652e-08
2.3661e-05 0.010229 0.0012674 0.00063174 6.7189e-05 1.3901e-05 1.3896e-07 8.8722e-08
2.3627e-05 0.010107 0.001261 0.00063175 6.7358e-05 1.4072e-05 1.5949e-07 9.5266e-08
2.3598e-05 0.010047 0.0012547 0.00063179 6.7541e-05 1.4268e-05 1.9036e-07 1.0134e-07
2.3573e-05 0.010048 0.0012485 0.00063184 6.7738e-05 1.4145e-05 2.354e-07 1.07e-07
2.3541e-05 0.010009 0.0012422 0.00063187 6.7917e-05 1.4006e-05 2.5246e-07 1.0932e-07
2.35e-05 0.0099267 0.001236 0.00063193 6.8077e-05 1.385e-05 2.4116e-07 1.0829e-07
2.3464e-05 0.0099072 0.0012299 0.000632 6.8251e-05 1.3717e-05 2.44e-07 1.0686e-07
2.3433e-05 0.0094876 0.0012239 0.00063209 6.8441e-05 1.3607e-05 2.6334e-07 1.0515e-07
2.3394e-05 0.0090312 0.0012179 0.00063216 6.8612e-05 1.3481e-05 5.7859e-07 1.0009e-07
2.3362e-05 0.0084839 0.0012118 0.00063222 6.88e-05 1.3332e-05 8.2149e-07 1.4556e-07
2.3321e-05 0.0078477 0.0012056 0.00063226 6.897e-05 1.3166e-05 1.0065e-06 1.8646e-07
2.3284e-05 0.007348 0.0011995 0.00063231 6.9153e-05 1.3022e-05 1.2641e-06 2.2913e-07
2.324e-05 0.0067713 0.0011934 0.00063235 6.932e-05 1.2863e-05 1.4624e-06 2.673e-07
2.32e-05 0.006316 0.0011874 0.0006324 6.9498e-05 1.2725e-05 1.3943e-06 3.0727e-07
2.3153e-05 0.0057967 0.0011813 0.00063244 6.9661e-05 1.2573e-05 1.2832e-06 3.4291e-07
2.311e-05 0.0053835 0.0011752 0.0006325 6.9836e-05 1.244e-05 1.2272e-06 3.8032e-07
2.307e-05 0.0050536 0.0011693 0.00063256 7.0022e-05 1.2325e-05 1.2101e-06 4.1958e-07
2.3034e-05 0.0046781 0.0011633 0.00063262 7.022e-05 1.2199e-05 1.156e-06 4.5449e-07
2.3002e-05 0.0043781 0.0011574 0.00063269 7.0429e-05 1.2089e-05 1.1391e-06 4.9131e-07
2.2964e-05 0.0040436 0.0011516 0.00063277 7.0625e-05 1.1969e-05 1.089e-06 5.2417e-07
2.2919e-05 0.0036762 0.0011457 0.00063284 7.0808e-05 1.1841e-05 1.0092e-06 5.5336e-07
2.2878e-05 0.0033714 0.0011399 0.00063293 7.1e-05 1.1727e-05 9.5893e-07 5.8384e-07
2.2838e-05 0.0031173 0.0011342 0.00063302 7.12e-05 1.1626e-05 9.3358e-07 6.1561e-07
2.2793e-05 0.002841 0.0011284 0.00063311 7.1389e-05 1.1518e-05 8.8354e-07 6.4393e-07
2.2751e-05 0.0026088 0.0011227 0.0006332 7.1586e-05 1.1422e-05 8.5571e-07 6.7345e-07
2.271e-05 0.0024139 0.0011171 0.00063331 7.1791e-05 1.1338e-05 8.4832e-07 7.0424e-07
2.2664e-05 0.0022025 0.0011114 0.0006334 7.1984e-05 1.1248e-05 8.1858e-07 7.3169e-07
2.262e-05 0.0020223 0.0011058 0.00063351 7.2185e-05 1.1168e-05 8.0637e-07 7.6021e-07
2.2578e-05 0.0018692 0.0011002 0.00063363 7.2392e-05 1.0405e-05 8.1113e-07 7.8987e-07
2.253e-05 0.0017023 0.0010946 0.00063373 7.2588e-05 9.6258e-06 7.9415e-07 8.162e-07
2.2485e-05 0.0015617 0.0010891 0.00063385 7.2792e-05 8.8891e-06 7.9552e-07 8.4389e-07
2.2434e-05 0.0014082 0.0010836 0.00063396 7.2986e-05 8.1378e-06 7.7543e-07 8.6827e-07
2.2385e-05 0.0012768 0.0010781 0.00063407 7.3186e-05 7.4243e-06 7.7138e-07 8.9383e-07
2.2338e-05 0.001166 0.0010726 0.0006342 7.3394e-05 6.749e-06 7.8507e-07 9.2085e-07
2.2285e-05 0.0010436 0.0010671 0.00063431 7.359e-05 6.7769e-06 7.7689e-07 9.4445e-07
2.2228e-05 0.00090943 0.0010616 0.00063442 7.3777e-05 6.7995e-06 7.4689e-07 9.6467e-07
2.2172e-05 0.00079341 0.0010562 0.00063454 7.3969e-05 6.8293e-06 7.3254e-07 9.8612e-07
2.2118e-05 0.00069303 0.0010508 0.00063466 7.4168e-05 6.8661e-06 7.3321e-07 1.0089e-06
2.2058e-05 0.0005827 0.0010454 0.00063478 7.4357e-05 6.8979e-06 7.1297e-07 1.0283e-06
2.2001e-05 0.00048762 0.00104 0.0006349 7.4553e-05 6.9375e-06 7.0924e-07 1.0493e-06
2.1938e-05 0.00038313 0.0010346 0.00063502 7.4739e-05 6.9721e-06 6.8471e-07 1.0669e-06
2.1877e-05 0.00029121 0.0010293 0.00063515 7.4932e-05 7.0139e-06 6.7451e-07 1.0859e-06
2.1811e-05 0.00019003 0.0010239 0.00063526 7.5113e-05 7.0504e-06 6.4313e-07 1.1015e-06
2.174e-05 0.00020928 0.0010185 0.00063537 7.5284e-05 7.0816e-06 5.904e-07 1.1136e-06
2.1664e-05 0.00022257 0.0010131 0.00063547 7.5445e-05 7.1075e-06 5.1604e-07 1.1223e-06
2.159e-05 0.00023892 0.0010077 0.00063557 7.5613e-05 7.1413e-06 4.5779e-07 1.1325e-06
2.1517e-05 0.00025872 0.0010024 0.00063569 7.5788e-05 7.1832e-06 4.129e-07 1.1445e-06
2.144e-05 0.00027247 0.00099709 0.0006358 7.5953e-05 7.2198e-06 3.4827e-07 1.1531e-06
2.1357e-05 0.00028017 0.00099173 0.0006359 7.6108e-05 7.2513e-06 2.6714e-07 1.1582e-06
2.127e-05 0.00028173 0.00098636 0.00063599 7.6251e-05 7.2774e-06 4.0686e-07 1.1599e-06
2.1184e-05 0.00028675 0.00098103 0.00063609 7.6403e-05 7.3116e-06 5.7394e-07 1.1633e-06
2.11e-05 0.00029489 0.00097575 0.00063619 7.6561e-05 7.3533e-06 7.73e-07 1.1681e-06
2.1017e-05 0.00030679 0.00097053 0.00063631 7.6726e-05 7.4032e-06 1.016e-06 1.1745e-06
2.0936e-05 0.00032272 0.00096535 0.00063644 7.6899e-05 7.4616e-06 1.3143e-06 1.1827e-06
2.0857e-05 0.00034308 0.00096023 0.00063658 7.708e-05 7.5285e-06 1.6819e-06 1.1925e-06
2.078e-05 0.00036835 0.00095515 0.00063673 7.7268e-05 7.6042e-06 2.136e-06 1.2041e-06
2.0704e-05 0.00039856 0.00095012 0.00063689 7.7463e-05 7.6883e-06 2.1004e-06 1.2172e-06
2.0629e-05 0.000435 0.00094514 0.00063705 7.7666e-05 7.7817e-06 2.1018e-06 1.2321e-06
2.0556e-05 0.00047854 0.00094021 0.00063723 7.7877e-05 7.8847e-06 2.1402e-06 1.2489e-06
2.0478e-05 0.00051466 0.00093525 0.0006374 7.8076e-05 7.9818e-06 2.1507e-06 1.2622e-06
2.0395e-05 0.00054347 0.00093027 0.00063756 7.8266e-05 8.0732e-06 2.1334e-06 1.2719e-06
2.0307e-05 0.00056504 0.00092527 0.00063771 7.8444e-05 8.1589e-06 2.0882e-06 1.2782e-06
2.0221e-05 0.000593 0.00092032 0.00063787 7.8629e-05 8.2533e-06 2.0309e-06 1.2861e-06
2.0136e-05 0.00062871 0.00091541 0.00063804 7.8822e-05 8.3577e-06 1.9617e-06 1.2958e-06
2.0046e-05 0.00065701 0.00091048 0.0006382 7.9005e-05 8.4564e-06 1.8805e-06 1.3021e-06
1.9951e-05 0.0006778 0.00090553 0.00063835 7.9177e-05 8.5492e-06 1.7711e-06 1.3049e-06
1.9858e-05 0.00070656 0.00090063 0.00063851 7.9357e-05 8.652e-06 1.6985e-06 1.3096e-06
1.9766e-05 0.00074318 0.00089577 0.00063867 7.9543e-05 8.7644e-06 1.6566e-06 1.3159e-06
1.9669e-05 0.00077214 0.00089088 0.00063883 7.972e-05 8.8709e-06 1.5891e-06 1.3187e-06
1.9568e-05 0.00079329 0.00088598 0.00063898 7.9885e-05 8.9715e-06 1.4949e-06 1.3181e-06
1.9461e-05 0.00080667 0.00088105 0.00063913 8.004e-05 9.0661e-06 1.3735e-06 1.3139e-06
1.9355e-05 0.00082791 0.00087617 0.00063928 8.0202e-05 9.1702e-06 1.2828e-06 1.3114e-06
1.9252e-05 0.00085828 0.00087133 0.00063944 8.0372e-05 9.285e-06 1.2215e-06 1.3108e-06
1.9143e-05 0.00088083 0.00086648 0.00063959 8.0531e-05 9.3939e-06 1.1359e-06 1.3067e-06
1.9035e-05 0.00091212 0.00086159 0.00063973 8.0697e-05 9.5129e-06 1.0755e-06 1.3042e-06
1.8929e-05 0.00095371 0.00085676 0.00063987 8.0871e-05 9.6431e-06 1.0395e-06 1.3037e-06
1.8818e-05 0.00098685 0.0008519 0.00064001 8.1034e-05 9.767e-06 9.7994e-07 1.2996e-06
1.8708e-05 0.0010299 0.00084708 0.00064016 8.1205e-05 9.9016e-06 9.4106e-07 1.2971e-06
1.86e-05 0.0010849 0.00084231 0.00064032 8.1383e-05 1.0048e-05 9.2331e-07 1.2965e-06
1.8487e-05 0.0011309 0.00083752 0.00064047 8.1551e-05 1.0188e-05 8.8293e-07 1.2924e-06
1.8375e-05 0.0011895 0.00083277 0.00064063 8.1726e-05 1.034e-05 8.6274e-07 1.2901e-06
1.8258e-05 0.0012392 0.00082801 0.00064078 8.1891e-05 1.0486e-05 8.2079e-07 1.2844e-06
1.8137e-05 0.0012797 0.00082322 0.00064092 8.2046e-05 1.0625e-05 7.5633e-07 1.2752e-06
1.8017e-05 0.0013333 0.00081847 0.00064107 8.2208e-05 1.0777e-05 7.1132e-07 1.2679e-06
1.7898e-05 0.0014002 0.00081377 0.00064123 8.2378e-05 1.0941e-05 6.8184e-07 1.2621e-06
1.7774e-05 0.0014572 0.00080904 0.00064139 8.2537e-05 1.1098e-05 6.3095e-07 1.2529e-06
1.7651e-05 0.0015296 0.00080436 0.00064155 8.2703e-05 1.1268e-05 5.9623e-07 1.2454e-06
1.7524e-05 0.0015918 0.00079966 0.0006417 8.2859e-05 1.1431e-05 5.405e-07 1.2345e-06
1.7398e-05 0.0016691 0.000795 0.00064186 8.3023e-05 1.1607e-05 4.9791e-07 1.2251e-06
1.7266e-05 0.0017359 0.00079032 0.00064201 8.3175e-05 1.1775e-05 4.3472e-07 1.2122e-06
1.7136e-05 0.0018202 0.00078568 0.00064217 8.3336e-05 1.1958e-05 3.848e-07 1.2012e-06
1.7008e-05 0.0019226 0.00078108 0.00064234 8.3504e-05 1.2154e-05 3.4444e-07 1.1916e-06
1.688e-05 0.0020452 0.00077652 0.00064252 8.3679e-05 1.2365e-05 3.1203e-07 1.1835e-06
1.6754e-05 0.0021928 0.00077201 0.00064271 8.3863e-05 1.2591e-05 2.8747e-07 1.1772e-06
1.6629e-05 0.002369 0.00076747 0.00064289 8.4055e-05 1.2834e-05 2.6999e-07 1.1727e-06
1.6505e-05 0.0023016 0.00076297 0.00064308 8.4255e-05 1.3094e-05 2.5733e-07 1.1696e-06
1.6383e-05 0.002253 0.00075851 0.00064327 8.4464e-05 1.3371e-05 2.5002e-07 1.1683e-06
1.6262e-05 0.002222 0.0007541 0.00064348 8.4681e-05 1.3669e-05 2.4773e-07 1.1687e-06
1.6141e-05 0.0022066 0.00074973 0.0006437 8.4906e-05 1.3985e-05 2.4932e-07 1.1706e-06
1.6016e-05 0.0021809 0.00074534 0.00064391 8.512e-05 1.4292e-05 2.3331e-07 1.1691e-06
1.5893e-05 0.0021707 0.00074098 0.00064413 8.5343e-05 1.4619e-05 2.2109e-07 1.1691e-06
1.577e-05 0.0021758 0.00073667 0.00064436 8.5573e-05 1.4966e-05 2.1227e-07 1.1706e-06
1.5642e-05 0.00217 0.00073233 0.00064458 8.5792e-05 1.5303e-05 1.8551e-07 1.1685e-06
1.5509e-05 0.0021529 0.00072797 0.00064478 8.5999e-05 1.563e-05 1.4034e-07 1.1627e-06
1.5377e-05 0.0021535 0.00072365 0.000645 8.6215e-05 1.598e-05 1.0011e-07 1.159e-06
1.5247e-05 0.0021726 0.00071938 0.00064524 8.6443e-05 1.6357e-05 6.2943e-08 1.1574e-06
1.5119e-05 0.0022106 0.00071516 0.00064548 8.6681e-05 1.676e-05 2.6439e-08 1.1579e-06
1.4985e-05 0.002233 0.0007109 0.00064571 8.6904e-05 1.7147e-05 4.4695e-08 1.154e-06
1.4853e-05 0.0022792 0.0007067 0.00064596 8.714e-05 1.7567e-05 6.1566e-08 1.1529e-06
1.4716e-05 0.0023083 0.00070246 0.00064619 8.7361e-05 1.7968e-05 6.0825e-08 1.1472e-06
1.4571e-05 0.0023182 0.00069818 0.0006464 8.7564e-05 1.8349e-05 1.7766e-07 1.1363e-06
1.4429e-05 0.0023542 0.00069396 0.00064663 8.7782e-05 1.8765e-05 1.7627e-07 1.1288e-06
1.4291e-05 0.0022089 0.0006898 0.00064688 8.8017e-05 1.8744e-05 1.8492e-07 1.1266e-06
1.4146e-05 0.0020361 0.00068561 0.00064712 8.8235e-05 1.8709e-05 1.7046e-07 1.1192e-06
1.3993e-05 0.0018311 0.00068136 0.00064733 8.8433e-05 1.8659e-05 1.318e-07 1.1065e-06
1.3834e-05 0.0015902 0.00067707 0.00064753 8.8613e-05 1.8594e-05 2.2243e-07 1.0882e-06
1.3677e-05 0.0014005 0.00067285 0.00064775 8.8809e-05 1.8551e-05 3.3913e-07 1.0734e-06
1.3514e-05 0.001179 0.00066857 0.00064794 8.8986e-05 1.8493e-05 4.232e-07 1.0534e-06
1.3343e-05 0.00092156 0.00066426 0.00064812 8.9145e-05 1.842e-05 1.2319e-06 1.0279e-06
1.3176e-05 0.00071727 0.00066 0.00064832 8.932e-05 1.8369e-05 2.2978e-06 1.006e-06
1.3001e-05 0.00073125 0.00065571 0.00064851 8.9477e-05 1.8303e-05 3.2136e-06 9.788e-07
1.2831e-05 0.00076016 0.00065147 0.00064871 8.9651e-05 1.826e-05 4.4514e-06 9.5539e-07
1.2664e-05 0.00080545 0.00064731 0.00064893 8.9843e-05 1.8239e-05 4.732e-06 9.3565e-07
1.25e-05 0.00086948 0.00064321 0.00064917 9.0052e-05 1.8241e-05 4.5834e-06 9.1941e-07
1.234e-05 0.00082679 0.00063917 0.00064942 9.0279e-05 1.8266e-05 4.5304e-06 9.0651e-07
1.2173e-05 0.00076919 0.00063509 0.00064967 9.0487e-05 1.8276e-05 4.4145e-06 8.885e-07
1.2008e-05 0.00072735 0.00063107 0.00064992 9.0711e-05 1.8306e-05 3.6252e-06 8.7331e-07
1.1847e-05 0.00069866 0.0006271 0.0006502 9.095e-05 1.8356e-05 3.0282e-06 8.607e-07
1.1687e-05 0.00068141 0.00062318 0.00065049 9.1204e-05 1.8425e-05 2.5749e-06 8.5051e-07
1.153e-05 0.00067459 0.00061932 0.0006508 9.1473e-05 1.8514e-05 2.2312e-06 8.4264e-07
1.1367e-05 0.00065727 0.00061542 0.00065109 9.1725e-05 1.859e-05 1.825e-06 8.3028e-07
1.1206e-05 0.00064993 0.00061158 0.0006514 9.1991e-05 1.8685e-05 1.5137e-06 8.2015e-07
1.1047e-05 0.00065219 0.00060778 0.00065172 9.2272e-05 1.8801e-05 1.2758e-06 8.122e-07
1.0881e-05 0.00064745 0.00060394 0.00065203 9.2535e-05 1.8903e-05 9.8774e-07 7.9969e-07
1.0718e-05 0.00065219 0.00060016 0.00065235 9.2814e-05 1.9026e-05 7.6433e-07 7.8931e-07
1.0557e-05 0.00066652 0.00059642 0.00065269 9.3106e-05 1.9169e-05 5.9014e-07 7.8101e-07
1.0398e-05 0.00069104 0.00059274 0.00065305 9.3414e-05 1.9333e-05 4.5369e-07 7.7475e-07
1.0241e-05 0.00072796 0.00058911 0.00065342 9.3738e-05 1.9523e-05 3.4896e-07 7.708e-07
1.0077e-05 0.00075311 0.00058544 0.00065378 9.4044e-05 1.9696e-05 2.1324e-07 7.6232e-07
9.9166e-06 0.00079179 0.00058182 0.00065415 9.4368e-05 1.9896e-05 1.0586e-07 7.5625e-07
9.7491e-06 0.0008178 0.00057816 0.00065451 9.4672e-05 2.0079e-05 1.2571e-07 7.4551e-07
9.5842e-06 0.00085864 0.00057456 0.00065489 9.4995e-05 2.0289e-05 1.521e-07 7.3728e-07
9.4215e-06 0.00085187 0.00057101 0.00065528 9.5334e-05 2.0316e-05 1.8926e-07 6.9037e-07
9.261e-06 0.00085782 0.00056752 0.00065569 9.569e-05 2.0364e-05 2.1427e-07 6.4673e-07
9.1026e-06 0.00087651 0.00056407 0.00065612 9.6063e-05 2.0434e-05 2.2714e-07 6.0606e-07
8.9363e-06 0.00077705 0.00056067 0.00065656 9.6411e-05 2.053e-05 2.2785e-07 5.6939e-07
8.7718e-06 0.00069687 0.00055732 0.00065702 9.6776e-05 2.0648e-05 2.3757e-07 5.35e-07
8.609e-06 0.00063229 0.00055401 0.0006575 9.7156e-05 2.0786e-05 2.5616e-07 5.0259e-07
8.4477e-06 0.00058061 0.00055075 0.000658 9.7551e-05 2.0468e-05 2.8441e-07 4.7194e-07
8.2877e-06 0.00053947 0.00054752 0.0006585 9.7961e-05 2.0176e-05 3.2299e-07 4.4272e-07
8.1291e-06 0.000508 0.00054434 0.00065903 9.8386e-05 1.9909e-05 3.7511e-07 4.1493e-07
7.9715e-06 0.00048418 0.0005412 0.00065957 9.8825e-05 1.9665e-05 4.4169e-07 3.8814e-07
7.815e-06 0.00046792 0.0005381 0.00066012 9.9279e-05 1.9444e-05 5.2829e-07 3.6241e-07
7.6595e-06 0.00045868 0.00053504 0.00066069 9.9748e-05 1.9244e-05 6.4029e-07 3.3757e-07
7.5051e-06 0.00045626 0.00053202 0.00066127 0.00010023 1.9065e-05 7.8502e-07 3.1351e-07
7.3516e-06 0.00046076 0.00052904 0.00066187 0.00010073 1.8905e-05 9.7242e-07 2.9012e-07
7.1926e-06 0.00045702 0.00052602 0.00066245 0.00010121 1.8735e-05 1.1242e-06 2.6326e-07
7.0346e-06 0.00046035 0.00052305 0.00066305 0.00010171 1.8585e-05 1.3255e-06 2.3702e-07
6.8711e-06 0.00045549 0.00052005 0.00066364 0.0001022 1.8423e-05 1.4892e-06 2.0737e-07
6.7087e-06 0.00045804 0.00051709 0.00066424 0.00010269 1.8282e-05 1.7114e-06 1.7835e-07
6.5471e-06 0.00046775 0.00051416 0.00066485 0.00010321 1.8159e-05 2.0041e-06 1.497e-07
6.3799e-06 0.00046836 0.00051121 0.00066545 0.00010371 1.8024e-05 2.245e-06 1.1755e-07
6.214e-06 0.00047813 0.0005083 0.00066607 0.00010422 1.7911e-05 2.1402e-06 8.6116e-08
6.0497e-06 0.00049798 0.00050543 0.00066671 0.00010476 1.7819e-05 2.0952e-06 5.5276e-08
5.8793e-06 0.00050704 0.00050253 0.00066733 0.00010528 1.7713e-05 2.0041e-06 2.0791e-08
5.7024e-06 0.00050433 0.00049959 0.00066793 0.00010577 1.7592e-05 2.5109e-06 1.8798e-08
5.9446e-06 0.00048969 0.00049661 0.00066852 0.00010618 1.7453e-05 2.9233e-06 3.9261e-08
6.1893e-06 0.00048543 0.00049368 0.00066912 0.00010661 1.6706e-05 2.915e-06 5.9398e-08
6.4368e-06 0.00049142 0.00049079 0.00066974 0.00010705 1.6019e-05 2.9769e-06 7.9374e-08
6.6867e-06 0.00050651 0.00048795 0.00067038 0.00010752 1.5384e-05 2.6316e-06 9.9117e-08
6.9389e-06 0.00053107 0.00048514 0.00067103 0.000108 1.4795e-05 2.381e-06 1.1872e-07
7.1933e-06 0.00056529 0.00048237 0.00067171 0.0001085 1.4249e-05 2.2015e-06 1.382e-07
7.4499e-06 0.00060983 0.00047964 0.00067239 0.00010902 1.374e-05 2.0783e-06 1.5755e-07
7.7081e-06 0.00066484 0.00047694 0.00067309 0.00010955 1.3265e-05 1.9986e-06 1.7669e-07
7.9683e-06 0.00073278 0.00047428 0.00067381 0.0001101 1.2821e-05 1.9611e-06 1.958e-07
8.2305e-06 0.00081572 0.00047165 0.00067454 0.00011066 1.2407e-05 1.9634e-06 2.1494e-07
8.487e-06 0.00088723 0.00046899 0.00067526 0.00011121 1.1979e-05 1.934e-06 2.3089e-07
8.7455e-06 0.00097497 0.00046636 0.00067599 0.00011177 1.1579e-05 1.9438e-06 2.4689e-07
9.006e-06 0.00092202 0.00046377 0.00067673 0.00011235 1.1206e-05 1.9942e-06 2.6301e-07
9.2684e-06 0.00088096 0.00046121 0.00067749 0.00011294 1.0856e-05 2.085e-06 2.7915e-07
9.525e-06 0.00082979 0.00045862 0.00067824 0.00011352 1.0494e-05 2.1416e-06 2.9206e-07
9.7837e-06 0.00079078 0.00045606 0.000679 0.00011411 1.0157e-05 1.7717e-06 3.0517e-07
1.0037e-05 0.000742 0.00045348 0.00067975 0.00011469 9.8069e-06 1.3518e-06 3.1505e-07
1.0292e-05 0.00070359 0.00045093 0.00068051 0.00011528 9.4787e-06 1.0123e-06 3.2497e-07
1.0541e-05 0.00065597 0.00044835 0.00068126 0.00011586 9.1395e-06 6.2878e-07 3.3172e-07
1.0792e-05 0.00061901 0.0004458 0.00068202 0.00011645 8.8227e-06 3.2422e-07 3.387e-07
1.1038e-05 0.0005728 0.00044323 0.00068277 0.00011703 8.4946e-06 3.4258e-07 3.4244e-07
1.1285e-05 0.00053551 0.00044069 0.00068354 0.00011763 8.1864e-06 3.7075e-07 3.4623e-07
1.1527e-05 0.00048941 0.00043813 0.00068429 0.00011821 7.8675e-06 3.7749e-07 3.4682e-07
1.1764e-05 0.00043425 0.00043554 0.00068503 0.00011877 7.5376e-06 3.6299e-07 3.4422e-07
1.1994e-05 0.00053217 0.00043293 0.00068576 0.00011932 7.1965e-06 3.2703e-07 3.3842e-07
1.2227e-05 0.00064711 0.00043034 0.0006865 0.00011989 6.8768e-06 3.0202e-07 3.3279e-07
1.2462e-05 0.00078066 0.00042779 0.00068725 0.00012047 6.5759e-06 2.8487e-07 3.2715e-07
1.2689e-05 0.00093806 0.00042526 0.00068802 0.00012103 6.294e-06 2.7585e-07 3.2163e-07
1.2918e-05 0.0011215 0.00042276 0.0006888 0.0001216 6.0285e-06 2.731e-07 3.1606e-07
1.3142e-05 0.0012891 0.00042024 0.00068957 0.00012216 5.7538e-06 2.5083e-07 3.0735e-07
1.3367e-05 0.0014874 0.00041774 0.00069035 0.00012273 5.4961e-06 2.3556e-07 2.9871e-07
1.3595e-05 0.0017222 0.00041527 0.00069114 0.00012332 5.2546e-06 2.2645e-07 2.901e-07
1.3825e-05 0.0020005 0.00041283 0.00069195 0.00012393 5.0282e-06 2.2313e-07 2.8151e-07
1.4049e-05 0.0022563 0.00041037 0.00069275 0.00012452 4.7933e-06 2.0065e-07 2.6978e-07
1.4276e-05 0.0022472 0.00040793 0.00069356 0.00012513 4.5734e-06 1.84e-07 2.5811e-07
1.4505e-05 0.002257 0.00040553 0.00069438 0.00012575 4.3678e-06 1.7225e-07 2.4646e-07
1.4729e-05 0.0022544 0.0004031 0.0006952 0.00012636 4.1541e-06 1.45e-07 2.3169e-07
1.4954e-05 0.0022696 0.00040069 0.00069602 0.00012699 3.9533e-06 1.2094e-07 2.1679e-07
1.5174e-05 0.0022722 0.00039827 0.00069684 0.0001276 3.7443e-06 7.8515e-08 1.9877e-07
1.5397e-05 0.0022931 0.00039587 0.00069767 0.00012822 3.5481e-06 3.8382e-08 1.8062e-07
1.5613e-05 0.0023004 0.00039344 0.00069848 0.00012883 3.3432e-06 6.7363e-08 1.5926e-07
1.5832e-05 0.0023281 0.00039105 0.00069931 0.00012946 3.1519e-06 9.7275e-08 1.3791e-07
1.6045e-05 0.0023466 0.00038863 0.00070013 0.00013007 2.9516e-06 1.0942e-07 1.788e-07
1.6261e-05 0.0023847 0.00038624 0.00070096 0.0001307 2.7635e-06 1.2242e-07 2.2053e-07
1.6479e-05 0.0024446 0.00038388 0.00070181 0.00013135 2.5872e-06 1.3752e-07 2.6338e-07
1.67e-05 0.0025263 0.00038154 0.00070267 0.00013201 2.421e-06 1.5641e-07 3.0726e-07
1.6923e-05 0.0026311 0.00037923 0.00070354 0.00013269 2.2638e-06 1.7771e-07 3.5217e-07
1.7148e-05 0.0027608 0.00037694 0.00070443 0.00013338 2.1148e-06 2.0209e-07 3.9815e-07
1.7368e-05 0.0028763 0.00037463 0.0007053 0.00013406 1.9601e-06 2.0885e-07 4.4075e-07
1.7589e-05 0.0030176 0.00037234 0.00070619 0.00013475 1.813e-06 2.1861e-07 4.8438e-07
1.7813e-05 0.00319 0.00037007 0.00070709 0.00013546 1.6734e-06 2.3271e-07 5.2934e-07
1.8031e-05 0.0033463 0.00036779 0.00070798 0.00013616 1.5286e-06 2.2904e-07 5.7088e-07
1.8252e-05 0.0035336 0.00036552 0.00070888 0.00013687 1.3904e-06 2.2869e-07 6.1358e-07
1.8474e-05 0.003759 0.00036328 0.00070979 0.00013759 1.2589e-06 2.3264e-07 6.5778e-07
1.8699e-05 0.0040249 0.00036105 0.00071071 0.00013833 1.1332e-06 2.4005e-07 7.0337e-07
1.8918e-05 0.0042711 0.00035881 0.00071163 0.00013905 1.0027e-06 2.3e-07 7.4553e-07
1.9139e-05 0.0045618 0.00035659 0.00071255 0.00013979 8.7781e-07 2.2342e-07 7.8917e-07
1.9355e-05 0.0048302 0.00036257 0.00071339 0.00014052 9.3002e-07 1.9906e-07 8.2925e-07
1.9573e-05 0.0051505 0.0003686 0.00071423 0.00014126 9.8481e-07 1.7866e-07 8.7113e-07
1.9786e-05 0.0054485 0.0003746 0.00071507 0.00014199 1.036e-06 1.4118e-07 9.0954e-07
1.9994e-05 0.0057251 0.00038058 0.0007159 0.00014271 1.0835e-06 8.6439e-08 9.4451e-07
2.0204e-05 0.0060519 0.00038661 0.00071674 0.00014344 1.1333e-06 3.3979e-08 9.8104e-07
2.0409e-05 0.0063559 0.00039262 0.00071757 0.00014416 1.1795e-06 5.4335e-08 1.0141e-06
2.0609e-05 0.0066371 0.0003986 0.00071839 0.00014487 1.222e-06 5.9751e-08 1.0437e-06
2.0811e-05 0.0069742 0.00040463 0.00071922 0.00014559 1.2672e-06 6.1326e-08 1.0751e-06
2.1015e-05 0.0073752 0.00041071 0.00072006 0.00014633 1.3151e-06 5.9122e-08 1.1083e-06
2.1221e-05 0.0078502 0.00041684 0.00072092 0.00014709 1.3659e-06 5.303e-08 1.1436e-06
2.143e-05 0.0084048 0.00042301 0.00072179 0.00014785 1.4194e-06 4.2275e-08 1.1807e-06
2.164e-05 0.0090513 0.00042923 0.00072266 0.00014864 1.4759e-06 2.6416e-08 1.2198e-06
2.1846e-05 0.0096583 0.00043543 0.00072353 0.00014941 1.5285e-06 7.442e-08 1.2552e-06
2.2044e-05 0.010373 0.00044167 0.00072441 0.00015016 1.5844e-06 1.2436e-07 1.2929e-06
2.2245e-05 0.011214 0.00044797 0.0007253 0.00015092 1.6439e-06 1.7856e-07 1.333e-06
2.2441e-05 0.012008 0.00045424 0.00072618 0.00015168 1.6995e-06 2.1531e-07 1.3695e-06
2.2638e-05 0.012932 0.00046057 0.00072708 0.00015245 1.7583e-06 2.5658e-07 1.4082e-06
2.2838e-05 0.014004 0.00046694 0.00072798 0.00015323 1.8206e-06 3.0407e-07 1.4491e-06
2.3033e-05 0.015016 0.00047328 0.00072888 0.000154 1.8789e-06 3.3288e-07 1.4862e-06
2.323e-05 0.016191 0.00047968 0.00072978 0.00015479 1.9406e-06 3.6895e-07 1.5257e-06
2.3421e-05 0.017304 0.00048605 0.00073068 0.00015556 1.9984e-06 3.864e-07 1.5616e-06
2.3608e-05 0.018355 0.0004924 0.00073156 0.00015632 2.0521e-06 3.8494e-07 1.5937e-06
2.3796e-05 0.019577 0.00049879 0.00073246 0.0001571 2.1095e-06 3.9101e-07 1.6281e-06
2.398e-05 0.020733 0.00050524 0.00073337 0.00015786 2.1628e-06 3.7769e-07 1.6589e-06
2.4158e-05 0.021825 0.00051166 0.00073427 0.00015861 2.212e-06 3.4533e-07 1.6859e-06
2.4339e-05 0.023108 0.00051814 0.00073518 0.00015938 2.2652e-06 3.2163e-07 1.7156e-06
2.4522e-05 0.024614 0.00052467 0.0007361 0.00016016 2.3227e-06 3.0547e-07 1.7481e-06
2.4708e-05 0.026379 0.00053125 0.00073704 0.00016096 2.3846e-06 2.9611e-07 1.7835e-06
2.4889e-05 0.028053 0.00053781 0.00073797 0.00016175 2.4424e-06 2.6878e-07 1.8151e-06
2.5072e-05 0.029997 0.00054443 0.0007389 0.00016256 2.5043e-06 2.4664e-07 1.8494e-06
2.5257e-05 0.032253 0.00055109 0.00073985 0.00016337 2.5707e-06 2.2882e-07 1.8865e-06
2.5445e-05 0.0349 0.00055781 0.00074082 0.00016421 2.6421e-06 2.1649e-07 1.9268e-06
2.5636e-05 0.037975 0.00056459 0.00074179 0.00016506 2.7185e-06 2.0727e-07 1.9702e-06
2.5829e-05 0.041584 0.00057142 0.00074278 0.00016594 2.8005e-06 2.0183e-07 1.8349e-06
2.6017e-05 0.045006 0.00057823 0.00074375 0.00016679 2.8779e-06 1.7911e-07 1.6947e-06
2.62e-05 0.048241 0.00058501 0.00074472 0.00016764 2.9505e-06 1.3866e-07 1.5492e-06
2.6385e-05 0.052001 0.00059184 0.0007457 0.0001685 3.0283e-06 1.008e-07 1.4102e-06
2.6573e-05 0.056375 0.00059874 0.00074669 0.00016938 3.1118e-06 6.3858e-08 1.2771e-06
2.6764e-05 0.06152 0.00060569 0.00074769 0.00017027 3.2017e-06 2.6975e-08 1.1503e-06
2.695e-05 0.066369 0.00061261 0.00074868 0.00017116 3.2863e-06 4.9797e-08 1.0183e-06
2.7138e-05 0.072027 0.0006196 0.00074969 0.00017206 3.3773e-06 6.9269e-08 8.9198e-07
2.7329e-05 0.078712 0.00062665 0.00075071 0.00017298 3.4755e-06 8.7116e-08 7.7148e-07
2.7525e-05 0.084915 0.00063366 0.00075172 0.00017392 3.5657e-06 8.8343e-08 8.1366e-07
2.7724e-05 0.090615 0.00064074 0.00075274 0.00017489 3.6454e-06 8.8458e-08 8.4964e-07
2.7927e-05 0.097329 0.00064788 0.00075377 0.00017587 3.7322e-06 8.7198e-08 8.876e-07
2.8132e-05 0.10515 0.00065509 0.00075482 0.00017688 3.8257e-06 8.3755e-08 9.2736e-07
2.8341e-05 0.11424 0.00066235 0.00075588 0.0001779 3.9261e-06 7.7951e-08 9.6902e-07
2.8544e-05 0.12284 0.00066959 0.00075693 0.00017891 4.021e-06 5.6232e-08 1.0069e-06
2.875e-05 0.13283 0.00067689 0.000758 0.00017993 4.1229e-06 3.1734e-08 1.0467e-06
2.895e-05 0.14231 0.00068416 0.00075905 0.00018095 4.2194e-06 7.3022e-08 1.0828e-06
2.9154e-05 0.15331 0.00069149 0.00076011 0.00018198 4.3232e-06 1.1489e-07 1.1209e-06
2.936e-05 0.16609 0.00069888 0.00076119 0.00018303 4.4346e-06 1.5937e-07 1.1611e-06
2.9561e-05 0.17823 0.00070625 0.00076226 0.00018407 4.5404e-06 1.8607e-07 1.1976e-06
2.9757e-05 0.18973 0.00071358 0.00076331 0.00018509 4.6404e-06 1.9481e-07 1.2302e-06
2.9955e-05 0.2032 0.00072099 0.00076438 0.00018613 4.7489e-06 2.077e-07 1.2653e-06
3.0148e-05 0.21596 0.00072836 0.00076544 0.00018716 4.8513e-06 2.0225e-07 1.2964e-06
3.0345e-05 0.23093 0.0007358 0.00076652 0.00018821 4.9627e-06 2.0154e-07 1.3302e-06
3.0546e-05 0.23404 0.00074332 0.0007676 0.00018928 5.084e-06 2.0596e-07 1.3675e-06
3.0741e-05 0.23697 0.0007508 0.00076868 0.00019034 5.1988e-06 1.9179e-07 1.4006e-06
3.093e-05 0.23972 0.00075825 0.00076975 0.00019138 5.3069e-06 1.5841e-07 1.4294e-06
3.1123e-05 0.24299 0.00076578 0.00077083 0.00019245 5.425e-06 1.302e-07 1.4614e-06
3.132e-05 0.24687 0.00077337 0.00077192 0.00019354 5.5538e-06 1.0535e-07 1.4965e-06
3.1522e-05 0.25144 0.00078105 0.00077303 0.00019465 5.6931e-06 8.1605e-08 1.5348e-06
3.1728e-05 0.25216 0.0007888 0.00077416 0.00019579 5.845e-06 5.8628e-08 1.5769e-06
3.1939e-05 0.25102 0.00079664 0.00077531 0.00019696 6.0102e-06 3.4966e-08 1.623e-06
3.2155e-05 0.25014 0.00080456 0.00077647 0.00019815 6.1898e-06 9.0303e-09 1.6735e-06
3.2364e-05 0.24916 0.00081244 0.00077762 0.00019933 6.36e-06 1.3485e-08 1.7188e-06
3.2567e-05 0.24807 0.00082028 0.00077875 0.00020048 6.521e-06 7.7812e-08 1.7592e-06
3.2774e-05 0.24722 0.0008282 0.0007799 0.00020166 6.6954e-06 1.5014e-07 1.8034e-06
3.2971e-05 0.24218 0.0008362 0.00078107 0.00020281 6.8856e-06 2.3749e-07 1.8524e-06
3.3163e-05 0.23682 0.00084416 0.00078223 0.00020395 7.0672e-06 3.0187e-07 1.8967e-06
3.3348e-05 0.23116 0.0008521 0.00078337 0.00020506 7.2409e-06 3.4468e-07 1.9365e-06
3.3527e-05 0.22514 0.00085999 0.0007845 0.00020616 7.4065e-06 3.6623e-07 1.9718e-06
3.371e-05 0.22004 0.00086796 0.00078565 0.00020729 7.5856e-06 3.9944e-07 2.0109e-06
3.3887e-05 0.21465 0.0008759 0.00078678 0.0002084 7.7571e-06 4.1193e-07 2.0456e-06
3.4068e-05 0.21008 0.00088392 0.00078793 0.00020953 7.9423e-06 4.3661e-07 2.0842e-06
3.4244e-05 0.20523 0.0008919 0.00078907 0.00021065 8.1195e-06 4.3998e-07 2.1184e-06
3.4423e-05 0.20114 0.00089997 0.00079022 0.00021179 8.3109e-06 4.5603e-07 2.1564e-06
3.4607e-05 0.18171 0.00090811 0.00079139 0.00021295 8.5173e-06 4.8574e-07 2.1987e-06
3.4795e-05 0.16501 0.00091632 0.00079258 0.00021414 8.7385e-06 5.2912e-07 2.2448e-06
3.4986e-05 0.15067 0.00092461 0.00079377 0.00021536 8.9753e-06 5.8876e-07 2.295e-06
3.5183e-05 0.13546 0.00093287 0.00079496 0.0002166 9.2028e-06 6.2988e-07 2.3404e-06
3.5374e-05 0.11934 0.00094109 0.00079613 0.00021782 9.4212e-06 6.4737e-07 2.3811e-06
3.5559e-05 0.10226 0.00094927 0.0007973 0.00021903 9.6308e-06 6.4164e-07 2.4172e-06
3.631e-05 0.078963 0.00098247 0.00080202 0.000224 1.056e-05 6.1649e-07 2.5785e-06
3.6496e-05 0.072479 0.00099083 0.0008032 0.00022525 1.0802e-05 5.7995e-07 2.6188e-06
3.6685e-05 0.066948 0.00099927 0.0008044 0.00022653 1.1062e-05 5.3132e-07 2.6633e-06
3.687e-05 0.061125 0.0010077 0.00080559 0.00022779 1.1314e-05 4.7059e-07 2.7036e-06
3.7058e-05 0.056152 0.0010162 0.00080679 0.00022908 1.1583e-05 4.2411e-07 2.7481e-06
3.7249e-05 0.051859 0.0010247 0.00080801 0.00023039 1.1869e-05 3.88e-07 2.7966e-06
3.7445e-05 0.048191 0.0010333 0.00080924 0.00023172 1.2174e-05 3.62e-07 2.8496e-06
3.7644e-05 0.045057 0.0010421 0.00081048 0.00023308 1.2499e-05 3.448e-07 2.9071e-06
3.7848e-05 0.042379 0.0010508 0.00081174 0.00023446 1.2845e-05 3.3559e-07 2.9694e-06
3.8045e-05 0.039554 0.0010596 0.00081298 0.00023583 1.3182e-05 3.0774e-07 3.0273e-06
3.8247e-05 0.037141 0.0010684 0.00081424 0.00023722 1.3541e-05 2.8728e-07 3.0901e-06
3.8453e-05 0.035082 0.0010774 0.00081552 0.00023864 1.3922e-05 2.7325e-07 3.1579e-06
3.8653e-05 0.032906 0.0010862 0.00081678 0.00024004 1.4293e-05 2.4105e-07 3.2212e-06
3.8857e-05 0.031033 0.0010952 0.00081806 0.00024147 1.4686e-05 2.1355e-07 3.2893e-06
3.9065e-05 0.029438 0.0011042 0.00081935 0.00024292 1.5105e-05 1.9069e-07 3.3628e-06
3.9267e-05 0.027753 0.0011132 0.00082063 0.00024436 1.5513e-05 1.504e-07 3.4317e-06
3.9464e-05 0.025969 0.0011222 0.0008219 0.00024578 1.591e-05 9.2304e-08 3.496e-06
3.9655e-05 0.024076 0.0011312 0.00082317 0.00024719 1.6296e-05 1.5744e-08 3.5555e-06
3.984e-05 0.022057 0.0011401 0.00082442 0.00024858 1.6671e-05 1.125e-08 3.6101e-06
4.0019e-05 0.019898 0.001149 0.00082565 0.00024995 1.7035e-05 4.5977e-08 3.6597e-06
4.0203e-05 0.018088 0.001158 0.00082691 0.00025136 1.7425e-05 7.9767e-08 3.7153e-06
4.0381e-05 0.016208 0.0011669 0.00082815 0.00025274 1.7803e-05 9.715e-08 3.7658e-06
4.0563e-05 0.014614 0.0011759 0.00082941 0.00025415 1.8206e-05 1.1381e-07 3.8219e-06
4.0749e-05 0.013262 0.001185 0.00083068 0.00025559 1.8637e-05 1.3057e-07 3.8839e-06
4.094e-05 0.012116 0.0011942 0.00083197 0.00025706 1.9096e-05 1.4839e-07 3.9519e-06
4.1136e-05 0.011155 0.0012035 0.00083327 0.00025856 1.9588e-05 1.7033e-07 4.027e-06
4.1338e-05 0.010351 0.0012129 0.00083459 0.00026009 2.0115e-05 1.9712e-07 4.1093e-06
4.1532e-05 0.0094841 0.0012222 0.0008359 0.0002616 2.0626e-05 2.0481e-07 4.1857e-06
4.1732e-05 0.0087517 0.0012317 0.00083722 0.00026314 2.117e-05 2.1718e-07 4.2691e-06
4.1925e-05 0.0079616 0.001241 0.00083853 0.00026466 2.1699e-05 2.1027e-07 4.3465e-06
4.2111e-05 0.0071057 0.0012504 0.00083983 0.00026616 2.221e-05 1.8365e-07 4.4179e-06
4.2303e-05 0.0063922 0.0012598 0.00084115 0.00026769 2.2758e-05 1.6293e-07 4.4969e-06
4.2487e-05 0.0056073 0.0012692 0.00084245 0.0002692 2.3286e-05 3.2427e-07 4.569e-06
4.2664e-05 0.0047396 0.0012786 0.00084373 0.00027068 2.3794e-05 4.526e-07 4.634e-06
4.2847e-05 0.0040319 0.001288 0.00084504 0.0002722 2.4342e-05 5.6887e-07 4.7079e-06
4.3037e-05 0.0034593 0.0012976 0.00084636 0.00027376 2.4937e-05 6.7307e-07 4.7914e-06
4.3218e-05 0.0028051 0.0013071 0.00084767 0.00027529 2.5502e-05 7.6522e-07 4.8659e-06
4.3408e-05 0.0023 0.0013167 0.000849 0.00027687 2.553e-05 6.7993e-07 4.9529e-06
4.3606e-05 0.0019104 0.0013265 0.00085036 0.0002785 2.5586e-05 6.3349e-07 5.0533e-06
4.3814e-05 0.0016063 0.0013364 0.00085174 0.00028017 2.5185e-05 6.1811e-07 5.1668e-06
4.4011e-05 0.0016225 0.0013463 0.0008531 0.00028181 2.4755e-05 5.9064e-07 5.2689e-06
4.4217e-05 0.0014942 0.001356 0.00085444 0.0002835 2.4376e-05 5.5107e-07 5.3878e-06
4.4413e-05 0.0013381 0.0013657 0.00085576 0.00028515 2.3971e-05 4.9939e-07 5.4955e-06
4.4606e-05 0.0011782 0.0013753 0.00085707 0.0002868 2.3564e-05 4.3562e-07 5.6011e-06
4.4796e-05 0.0010143 0.001385 0.00085838 0.00028844 2.3156e-05 3.5975e-07 5.7047e-06
4.4982e-05 0.00084655 0.0013946 0.00085968 0.00029008 2.2746e-05 2.7178e-07 5.8061e-06
4.5178e-05 0.00071582 0.0014044 0.00086101 0.00029176 2.2376e-05 2.0864e-07 5.9215e-06
4.5381e-05 0.00061424 0.0014143 0.00086236 0.00029349 2.2044e-05 1.6306e-07 6.0514e-06
4.5594e-05 0.00053582 0.0014244 0.00086374 0.00029528 2.1748e-05 1.2987e-07 6.1968e-06
4.5816e-05 0.00047598 0.0014346 0.00086514 0.00029711 2.1485e-05 1.0539e-07 6.3587e-06
4.6047e-05 0.00043247 0.001445 0.00086657 0.000299 2.1256e-05 8.8131e-08 6.5397e-06
4.6288e-05 0.00040251 0.0014555 0.00086802 0.00030094 2.1059e-05 7.6046e-08 6.7446e-06
4.6539e-05 0.00038319 0.0014668 0.00086495 0.00030294 2.089e-05 6.6685e-08 6.9704e-06
4.68e-05 0.00037424 0.0014783 0.00086192 0.000305 2.0751e-05 5.9887e-08 7.2205e-06
4.7071e-05 0.00037508 0.00149 0.00085891 0.00030711 2.064e-05 5.482e-08 7.4968e-06
4.7353e-05 0.00038497 0.0015018 0.00085594 0.00030928 2.0554e-05 5.0062e-08 7.7997e-06
4.7643e-05 0.0004046 0.0015138 0.000853 0.00031151 2.0493e-05 4.5156e-08 8.1314e-06
4.7944e-05 0.00035399 0.001526 0.00085009 0.0003138 2.0457e-05 3.9634e-08 8.4946e-06
4.8255e-05 0.00031626 0.0015383 0.00084721 0.00031615 2.0445e-05 3.2889e-08 8.8919e-06
4.8577e-05 0.00016174 0.0015508 0.00084436 0.00031856 2.0458e-05 2.4168e-08 9.3264e-06
4.8912e-05 0.0001477 0.0015632 0.00084149 0.00032105 2.0446e-05 5.9307e-08 9.7255e-06
4.9259e-05 0.00013929 0.0015758 0.00083866 0.0003236 2.0461e-05 1.024e-07 1.0165e-05
4.9595e-05 0.00021354 0.0015883 0.00083579 0.00032612 2.0458e-05 1.2154e-07 1.0578e-05
4.9941e-05 0.00030711 0.001601 0.00083296 0.00032869 2.048e-05 1.4899e-07 1.103e-05
5.0298e-05 0.00042582 0.0016138 0.00083016 0.00033133 2.0526e-05 1.8804e-07 1.1525e-05
5.0644e-05 0.00052376 0.0016265 0.00082734 0.00033393 2.0555e-05 2.0123e-07 1.1992e-05
5.1001e-05 0.00064977 0.0016394 0.00082455 0.00033659 2.0608e-05 2.2743e-07 1.2503e-05
5.1369e-05 0.00081482 0.0016525 0.00082178 0.00033932 2.0689e-05 2.7195e-07 1.3064e-05
5.1727e-05 0.00095218 0.0016656 0.000819 0.00034201 2.0752e-05 2.8779e-07 1.3595e-05
5.2073e-05 0.0010634 0.0016784 0.00081619 0.00034465 2.0797e-05 5.9777e-07 1.4095e-05
5.2406e-05 0.0013786 0.0016915 0.00081342 0.00034724 2.0651e-05 7.3918e-07 1.5274e-05
5.2751e-05 0.0017911 0.0016938 0.00081081 0.0003499 2.0535e-05 7.0769e-07 1.6567e-05
5.3084e-05 0.0021403 0.0016961 0.00080823 0.00035252 2.04e-05 6.3378e-07 1.7792e-05
5.3429e-05 0.0025906 0.0016985 0.00080569 0.0003552 2.0291e-05 5.9538e-07 1.9127e-05
5.3785e-05 0.0031706 0.0017009 0.00080317 0.00035795 2.0208e-05 5.8777e-07 2.0581e-05
5.4152e-05 0.0039174 0.0017035 0.00080069 0.00036077 2.015e-05 6.1004e-07 2.2166e-05
5.4505e-05 0.0042091 0.0017061 0.00079823 0.00036353 2.0209e-05 6.9944e-07 2.2778e-05
5.4846e-05 0.0044516 0.0017087 0.00079576 0.00036624 2.0251e-05 7.4838e-07 2.3354e-05
5.5175e-05 0.0046498 0.0017113 0.00079326 0.0003689 2.0276e-05 7.5865e-07 2.3898e-05
5.5493e-05 0.0062015 0.0017137 0.00079073 0.00037152 2.0282e-05 7.2921e-07 2.4408e-05
5.5822e-05 0.0066938 0.0017163 0.00078824 0.0003742 2.0314e-05 7.3455e-07 2.4969e-05
5.6163e-05 0.0073347 0.0017189 0.00078577 0.00037696 2.037e-05 7.7528e-07 2.5587e-05
5.9176e-05 0.0078815 0.0017215 0.00078328 0.0003795 2.0408e-05 7.7719e-07 2.6169e-05
6.2255e-05 0.008606 0.0017242 0.00078082 0.00038211 2.0474e-05 8.1908e-07 2.6813e-05
8.5329e-05 0.015666 0.0017438 0.00076392 0.00040144 1.9616e-05 1.1802e-06 2.8153e-05
8.8691e-05 0.016041 0.0017467 0.00076153 0.00040744 1.9367e-05 1.1836e-06 2.8298e-05
9.2121e-05 0.016553 0.0017497 0.00075918 0.00041357 1.9149e-05 1.1749e-06 2.8473e-05
9.5621e-05 0.016575 0.0017528 0.00075685 0.00041983 1.8961e-05 1.1542e-06 2.8682e-05
9.9078e-05 0.016541 0.0017558 0.0007545 0.00042601 1.8752e-05 1.0863e-06 2.8867e-05
0.00010261 0.016592 0.0017589 0.00075218 0.00043232 1.8571e-05 1.0654e-06 2.8616e-05
0.00010609 0.016614 0.001762 0.00074984 0.00043856 1.837e-05 1.0003e-06 2.9164e-05
0.00010706 0.016726 0.0017651 0.00074752 0.00044516 1.8199e-05 9.8307e-07 2.9771e-05
0.00010801 0.016786 0.0017682 0.00074519 0.00045168 1.801e-05 9.2404e-07 3.0344e-05
0.00010894 0.016795 0.0017713 0.00074283 0.00045812 1.7802e-05 8.2155e-07 3.0885e-05
0.00010985 0.01675 0.0017742 0.00074045 0.00046447 1.7574e-05 6.7032e-07 3.1394e-05
0.00011079 0.016787 0.0017773 0.0007381 0.00047096 1.7374e-05 5.677e-07 3.1953e-05
0.00011175 0.016906 0.0017804 0.00073577 0.0004776 1.7201e-05 5.0163e-07 3.2568e-05
0.00011273 0.017116 0.0017837 0.00073347 0.00048437 1.6408e-05 4.6452e-07 3.3241e-05
0.0001137 0.017267 0.0017868 0.00073115 0.00049106 1.557e-05 3.9252e-07 3.3877e-05
0.00011464 0.017362 0.0017899 0.0007288 0.00049766 1.5577e-05 2.8295e-07 3.4476e-05
0.00011561 0.017544 0.0017931 0.00072648 0.00050441 1.5605e-05 2.033e-07 3.5134e-05
0.00011657 0.01767 0.0017963 0.00072414 0.00051107 1.5617e-05 2.7264e-07 3.5755e-05
0.00011754 0.017893 0.0017995 0.00072183 0.00051788 1.5651e-05 3.7127e-07 3.5763e-05
0.0001185 0.018063 0.0018026 0.00071949 0.00052462 1.5672e-05 4.3691e-07 3.5753e-05
0.00011949 0.018323 0.0018059 0.00071718 0.00053149 1.5711e-05 5.309e-07 3.5772e-05
0.00012049 0.018681 0.0018092 0.0007149 0.0005385 1.577e-05 6.6186e-07 3.5818e-05
0.00012148 0.018983 0.0018125 0.00071259 0.00054543 1.5815e-05 7.5469e-07 3.5847e-05
0.00012249 0.019389 0.0018158 0.00071031 0.00055251 1.588e-05 8.8893e-07 3.5904e-05
0.00012353 0.019735 0.0018191 0.00070801 0.00055973 1.5932e-05 9.8275e-07 3.5944e-05
0.00012455 0.020028 0.0018224 0.00070569 0.00056689 1.5971e-05 1.039e-06 3.5966e-05
0.0001256 0.020422 0.0018257 0.0007034 0.00057419 1.6029e-05 1.1355e-06 3.6016e-05
0.00012666 0.020933 0.0018291 0.00070112 0.00058162 1.6105e-05 1.2811e-06 3.6094e-05
0.00012771 0.021379 0.0018325 0.00069883 0.00058898 1.6169e-05 1.3826e-06 3.6154e-05
0.00012875 0.021764 0.0018358 0.00069652 0.00059627 1.622e-05 2.5612e-06 3.6198e-05
0.00012977 0.022091 0.0018391 0.0006942 0.00060349 1.6258e-05 3.5712e-06 3.6223e-05
0.00013081 0.022533 0.0018424 0.00069189 0.00061085 1.6316e-05 4.9339e-06 3.6278e-05
0.00013184 0.022913 0.0018457 0.00068957 0.00061814 1.6361e-05 6.0994e-06 3.6315e-05
0.00013289 0.023419 0.0018491 0.00068727 0.00062558 1.6426e-05 7.7269e-06 3.6382e-05
0.00013396 0.024066 0.0018525 0.000685 0.00063316 1.6511e-05 9.3438e-06 3.6478e-05
0.00013506 0.024884 0.0018561 0.00068275 0.0006409 1.6616e-05 1.095e-05 3.6603e-05
0.00013619 0.025909 0.0018597 0.00068052 0.00064879 1.6742e-05 1.2546e-05 3.6759e-05
0.00013734 0.027194 0.0018634 0.00067831 0.00065684 1.6889e-05 1.4706e-05 3.6947e-05
0.00013847 0.028324 0.001867 0.00067609 0.0006648 1.7021e-05 1.6529e-05 3.7113e-05
0.00013962 0.029808 0.0018708 0.00067389 0.00067293 1.7178e-05 1.9077e-05 3.7315e-05
0.00014081 0.031703 0.0018746 0.00067172 0.00068125 1.736e-05 2.2642e-05 3.7554e-05
0.00014203 0.034126 0.0018785 0.00066958 0.00068975 1.757e-05 2.7642e-05 3.7833e-05
0.00014327 0.03723 0.0018825 0.00066746 0.00069844 1.742e-05 3.469e-05 3.8154e-05
0.00014455 0.041145 0.0018866 0.00066536 0.00070731 1.7292e-05 4.4438e-05 3.8525e-05
0.0001458 0.044575 0.0018907 0.00066325 0.00071608 1.7149e-05 5.2582e-05 3.8869e-05
0.00014709 0.048966 0.0018948 0.00066116 0.00072505 1.703e-05 6.4085e-05 3.9259e-05
0.00014836 0.05284 0.0018989 0.00065905 0.00073391 1.6895e-05 7.3778e-05 3.9622e-05
0.0001496 0.056235 0.0019029 0.00065691 0.00074267 1.6744e-05 8.1876e-05 3.9957e-05
0.00015083 0.059208 0.0019069 0.00065476 0.00075133 1.6576e-05 0.00014199 4.0265e-05
0.00015208 0.063021 0.0019109 0.00065264 0.00076018 1.6433e-05 0.00022622 4.0618e-05
0.00015332 0.066355 0.0019149 0.00065049 0.00076892 1.6273e-05 0.00029706 4.0943e-05
0.00015459 0.067289 0.001919 0.00064837 0.00077074 1.6138e-05 0.0003947 4.1311e-05
0.00015589 0.068524 0.0019232 0.00064627 0.00077263 1.6026e-05 0.00053687 4.1726e-05
0.00015723 0.070127 0.0019275 0.00064419 0.0007746 1.5936e-05 0.000744 4.2191e-05
0.0001586 0.072221 0.0019318 0.00064214 0.00077664 1.5869e-05 0.0010354 4.2712e-05
0.00016 0.074892 0.0019363 0.00064012 0.00077876 1.5824e-05 0.0014363 4.3288e-05
0.00016143 0.078286 0.0019409 0.00063811 0.00078095 1.5799e-05 0.0015611 4.3925e-05
0.0001629 0.079227 0.0019455 0.00063613 0.00078323 1.5796e-05 0.0017378 4.4629e-05
0.00016435 0.080023 0.0019501 0.00063414 0.00078546 1.5779e-05 0.0018877 4.5296e-05
0.00016578 0.080684 0.0019547 0.00063212 0.00078764 1.5748e-05 0.0020149 4.5925e-05
0.00016723 0.081584 0.0019593 0.00063012 0.0007899 1.5736e-05 0.0021876 4.6615e-05
0.00016867 0.082348 0.0019639 0.00062811 0.0007921 1.571e-05 0.0023359 4.7269e-05
0.00017014 0.08337 0.0019686 0.00062612 0.00079439 1.5704e-05 0.0025367 4.7987e-05
0.00017164 0.084727 0.0019734 0.00062415 0.00079675 1.5719e-05 0.0028156 4.8777e-05
0.00017313 0.085902 0.0019781 0.00062216 0.00079907 1.572e-05 0.0030541 4.9527e-05
0.00017459 0.086904 0.0019827 0.00062015 0.00080133 1.5707e-05 0.0032567 5.0235e-05
0.00017608 0.086831 0.0019875 0.00061817 0.00080368 1.5714e-05 0.0033179 5.1013e-05
0.00017761 0.086932 0.0019923 0.00061621 0.0008061 1.574e-05 0.0034026 5.1865e-05
0.00017911 0.086928 0.0019971 0.00061422 0.00080847 1.5752e-05 0.0034734 5.2671e-05
0.00018065 0.087102 0.002002 0.00061226 0.00081092 1.5784e-05 0.0035714 5.3554e-05
0.00018222 0.087466 0.002007 0.00061032 0.00081345 1.5837e-05 0.003602 5.4521e-05
0.00018377 0.087719 0.0020119 0.00060836 0.00081592 1.5876e-05 0.0036273 5.5438e-05
0.0001853 0.087859 0.0020167 0.00060639 0.00081835 1.5898e-05 0.003648 5.6304e-05
0.00018686 0.08819 0.0020217 0.00060443 0.00082086 1.5942e-05 0.0036776 5.7255e-05
0.00018847 0.088753 0.0020267 0.0006025 0.00082345 1.6009e-05 0.0036856 5.8304e-05
0.00019004 0.089184 0.0020317 0.00060055 0.000826 1.6061e-05 0.0036914 5.9297e-05
0.00019166 0.08871 0.0020368 0.00059862 0.00082863 1.6136e-05 0.0037017 6.0394e-05
0.00019332 0.088448 0.0020421 0.00059672 0.00083135 1.6234e-05 0.0037003 6.1596e-05
0.00019495 0.090231 0.0020472 0.00059479 0.00083401 1.6315e-05 0.0036969 6.2731e-05
0.00019655 0.091738 0.0020523 0.00059285 0.00083662 1.6379e-05 0.0036926 6.3803e-05
0.00019819 0.093004 0.0020573 0.00059088 0.00083931 1.6426e-05 0.003686 6.4812e-05
0.00019981 0.094039 0.0020611 0.00059421 0.00084195 1.7383e-05 0.0037 6.574e-05
0.0002014 0.094888 0.0020649 0.00059752 0.00084453 1.8286e-05 0.0037109 6.6612e-05
0.00020304 0.096078 0.0020687 0.00060085 0.00084721 1.9281e-05 0.0037279 6.7579e-05
