

TREE # 1

  0  0.0000   1957.597364  x:  1.13478   0.14609   0.10182   0.01022   0.03043   0.02945   0.01796   0.00593   0.00902   0.01910   0.02776   0.00000   0.03415   0.01802   0.06567   1.08743   1.15440  
  1 99.0000   1957.596918  x:  1.13478   0.14609   0.10182   0.01022   0.03043   0.02945   0.01796   0.00593   0.00902   0.01910   0.02776   0.00000   0.03415   0.01802   0.06567   1.08743   1.15440  
  2 336.7630   1956.156175  x:  1.13479   0.14629   0.10169   0.00936   0.02869   0.02887   0.01803   0.00000   0.00861   0.01958   0.02779   0.00000   0.03354   0.01830   0.06528   1.08855   1.15365  
  3 746.7701   1955.482748  x:  1.13485   0.14838   0.10077   0.01237   0.01800   0.02703   0.01712   0.00000   0.01418   0.01859   0.02617   0.00000   0.03004   0.01912   0.06239   1.09990   1.14589  
  4 135.7894   1952.085238  x:  1.13540   0.16756   0.09337   0.01383   0.01967   0.03321   0.02217   0.00000   0.02331   0.03721   0.02201   0.00000   0.02686   0.01423   0.03961   1.21511   1.06625  
  5 102.6069   1943.350010  x:  1.13712   0.22002   0.07153   0.01654   0.03086   0.03780   0.01195   0.00000   0.02000   0.03391   0.02670   0.00000   0.02852   0.05467   0.02473   1.57720   0.81249  
  6 773.0311   1931.196801  x:  1.13984   0.28267   0.04484   0.01403   0.03639   0.03763   0.03607   0.00000   0.01483   0.02146   0.01632   0.00000   0.02501   0.05984   0.06550   2.07181   0.46146  
  7 2088.5177   1925.971571  x:  1.14177   0.29100   0.04493   0.01262   0.03579   0.03103   0.01342   0.00000   0.01020   0.01780   0.02927   0.00000   0.02746   0.03663   0.07816   2.22944   0.34525  
  8 854.1168   1925.007560  x:  1.14336   0.28067   0.05382   0.01271   0.03347   0.02739   0.01629   0.00000   0.00682   0.01144   0.02905   0.00000   0.03718   0.03237   0.07288   2.26245   0.31968  
  9 174.6921   1924.029491  x:  1.14604   0.25723   0.06881   0.01273   0.03088   0.02504   0.01745   0.00000   0.01088   0.01768   0.02917   0.00000   0.04788   0.03608   0.07530   2.30140   0.28957  
 10 220.5821   1922.823434  x:  1.14995   0.21700   0.08664   0.01281   0.03033   0.03759   0.01644   0.00000   0.00800   0.01777   0.02424   0.00000   0.03795   0.03921   0.07433   2.34975   0.25748  
 11 169.5911   1922.462702  x:  1.15120   0.20272   0.08985   0.01341   0.03403   0.03276   0.01913   0.00000   0.00953   0.01694   0.02713   0.00000   0.03055   0.04015   0.07265   2.36641   0.25193  
 12 101.9366   1922.268992  x:  1.15193   0.19425   0.08904   0.01365   0.03602   0.02847   0.01728   0.00000   0.00912   0.01726   0.02230   0.00000   0.02914   0.04016   0.07214   2.37858   0.25419  
 13 56.5500   1921.613954  x:  1.15487   0.16445   0.08206   0.01382   0.03374   0.03067   0.01760   0.00000   0.00906   0.01681   0.02561   0.00000   0.03408   0.03828   0.07260   2.43302   0.28081  
 14 59.5294   1921.084059  x:  1.15931   0.15431   0.10793   0.01348   0.03408   0.03050   0.01664   0.00000   0.00861   0.01676   0.02607   0.00000   0.03163   0.03766   0.07497   2.48774   0.31570  
 15 51.3314   1920.887929  x:  1.22329   0.15697   0.10543   0.01359   0.03340   0.03008   0.01672   0.00000   0.00783   0.01708   0.02638   0.00000   0.03124   0.03671   0.07503   2.48748   0.31795  
 16  1.4855   1919.420493  x:  1.19941   0.16015   0.10415   0.01460   0.02681   0.02730   0.01813   0.00000   0.00231   0.02006   0.02813   0.00000   0.02991   0.02939   0.07157   2.46372   0.32070  
 17  0.4233   1918.303864  x:  1.17949   0.16427   0.10316   0.01487   0.01741   0.02432   0.01938   0.00000   0.00475   0.02213   0.02991   0.00000   0.03006   0.01794   0.06671   2.42121   0.32463  
 18  0.1742   1918.083664  x:  1.16412   0.16359   0.10336   0.01555   0.01579   0.02486   0.02135   0.00000   0.00508   0.02565   0.02749   0.00000   0.02718   0.02315   0.06239   2.33257   0.32808  
 19  0.1081   1917.985222  x:  1.16150   0.15996   0.10493   0.01569   0.01784   0.02398   0.02036   0.00000   0.00500   0.02831   0.02716   0.00000   0.02724   0.02158   0.06055   2.27117   0.32694  
 20  0.0546   1917.968645  x:  1.16424   0.15979   0.10548   0.01556   0.01680   0.02490   0.01978   0.00000   0.00488   0.02902   0.02747   0.00000   0.02792   0.02112   0.06100   2.25971   0.32598  
 21  0.0177   1917.965273  x:  1.16568   0.16032   0.10551   0.01543   0.01696   0.02475   0.01958   0.00000   0.00493   0.02929   0.02775   0.00000   0.02775   0.02159   0.06193   2.25906   0.32528  
 22  0.0022   1917.964887  x:  1.16510   0.16028   0.10539   0.01536   0.01690   0.02473   0.01968   0.00000   0.00492   0.02945   0.02766   0.00000   0.02753   0.02155   0.06208   2.25776   0.32524  
 23  0.0013   1917.964832  x:  1.16498   0.16025   0.10537   0.01534   0.01691   0.02471   0.01972   0.00000   0.00492   0.02948   0.02761   0.00000   0.02761   0.02157   0.06213   2.25764   0.32518  
 24  0.0003   1917.964830  x:  1.16502   0.16025   0.10537   0.01534   0.01692   0.02473   0.01972   0.00000   0.00492   0.02948   0.02761   0.00000   0.02760   0.02156   0.06214   2.25768   0.32516  
 25  0.0001   1917.964830  x:  1.16505   0.16025   0.10538   0.01534   0.01692   0.02472   0.01972   0.00000   0.00492   0.02948   0.02761   0.00000   0.02761   0.02156   0.06215   2.25766   0.32513  
 26  0.0000   1917.964830  x:  1.16503   0.16025   0.10538   0.01534   0.01692   0.02473   0.01972   0.00000   0.00492   0.02948   0.02761   0.00000   0.02761   0.02156   0.06215   2.25757   0.32513  
 27  0.0000   1917.964830  x:  1.16503   0.16025   0.10538   0.01534   0.01692   0.02472   0.01972   0.00000   0.00492   0.02947   0.02761   0.00000   0.02761   0.02156   0.06215   2.25755   0.32513  
 28  0.0000   1917.964830  x:  1.16503   0.16025   0.10538   0.01534   0.01692   0.02472   0.01972   0.00000   0.00492   0.02947   0.02761   0.00000   0.02761   0.02156   0.06215   2.25755   0.32513  