Aquila_chrysaetos Colius_striatus Falco_peregrinus Falco_tinnunculus Haliaeetus_leucocephalus Leptosomus_discolor Malurus_cyaneus Tyto_alba
0.00020431 0.077542 0.0043919 0.0010969 0.00010047 2.9425e-05 9.0826e-07 1.673e-05
0.00020267 0.076456 0.0043907 0.0010943 9.6916e-05 2.8356e-05 7.9577e-07 1.565e-05
0.00020107 0.075589 0.0043896 0.0010917 9.3418e-05 2.7359e-05 7.2171e-07 1.4639e-05
0.00019945 0.07463 0.0043884 0.0010892 8.9891e-05 2.633e-05 6.3394e-07 1.3597e-05
0.00019781 0.07357 0.0043872 0.0010866 8.6334e-05 2.5267e-05 5.2916e-07 1.2523e-05
0.00019616 0.072389 0.004386 0.001084 8.2746e-05 2.4167e-05 4.0148e-07 1.1412e-05
0.00019454 0.071439 0.0043848 0.0010814 7.9211e-05 2.3138e-05 3.1742e-07 1.037e-05
0.00019294 0.07069 0.0043838 0.0010788 7.5729e-05 2.2179e-05 2.6245e-07 9.3955e-06
0.00019133 0.069825 0.0043827 0.0010762 7.221e-05 2.1178e-05 1.928e-07 9.3391e-06
0.00018975 0.066456 0.0043817 0.0010737 6.8754e-05 2.0255e-05 1.5049e-07 9.2973e-06
0.0001882 0.063713 0.0043808 0.0010711 6.5355e-05 1.9414e-05 1.2387e-07 9.2689e-06
0.00018664 0.06064 0.0043798 0.0010686 6.1917e-05 1.8534e-05 8.95e-08 9.2295e-06
0.0001851 0.058149 0.0043789 0.0010661 5.8536e-05 1.7719e-05 6.7934e-08 9.2034e-06
0.00018354 0.055356 0.004378 0.0010635 5.5118e-05 1.6866e-05 4.0057e-08 9.1666e-06
0.00018202 0.053119 0.0043772 0.001061 5.1758e-05 1.6078e-05 2.2815e-08 9.1436e-06
0.00018053 0.045824 0.0043765 0.0010585 4.8464e-05 1.5359e-05 1.275e-08 9.1361e-06
0.00017893 0.037518 0.0043758 0.001056 4.8194e-05 1.4601e-05 1.2583e-08 9.1168e-06
0.00017731 0.027982 0.004375 0.0010535 4.7907e-05 1.38e-05 1.12e-08 9.0854e-06
0.00017573 0.020789 0.0043743 0.001051 4.7632e-05 1.1226e-05 1.1103e-08 9.0702e-06
0.00017412 0.012572 0.0043735 0.0010485 4.7341e-05 1.0865e-05 9.8799e-09 9.0433e-06
0.00017249 0.01137 0.0043729 0.001046 4.7033e-05 1.0479e-05 7.2756e-09 9.004e-06
0.00017082 0.0105 0.0043723 0.0010436 4.6703e-05 1.0157e-05 6.0628e-09 8.648e-06
0.00016918 0.0097923 0.0043719 0.0010412 4.6382e-05 9.8595e-06 5.4781e-09 8.3169e-06
0.00016757 0.0092041 0.0043716 0.0010388 4.6067e-05 9.5824e-06 5.3184e-09 8.0067e-06
0.00016595 0.0085642 0.0043712 0.0010364 4.574e-05 9.294e-06 4.5244e-09 7.685e-06
0.00016435 0.0080285 0.004371 0.001034 4.5418e-05 9.0244e-06 4.0804e-09 7.3826e-06
0.00016278 0.0075783 0.0043708 0.0010316 4.5103e-05 8.7722e-06 3.8994e-09 7.0978e-06
0.00016123 0.0071996 0.0043706 0.0010293 4.4792e-05 8.5359e-06 3.9445e-09 6.8292e-06
0.0001597 0.0068818 0.0043706 0.0010269 4.4486e-05 8.3146e-06 4.213e-09 6.5758e-06
0.0001582 0.0066125 0.0043706 0.0010246 4.4183e-05 8.1062e-06 4.6882e-09 6.3355e-06
0.00015671 0.0063893 0.0043707 0.0010223 4.3886e-05 7.9112e-06 5.4632e-09 6.1086e-06
0.00015525 0.0062065 0.0043709 0.0010201 4.3593e-05 7.7288e-06 6.6268e-09 5.8945e-06
0.00015381 0.0060572 0.0043712 0.0010178 4.3303e-05 7.5577e-06 8.2476e-09 5.6916e-06
0.00015238 0.0059406 0.0043715 0.0010156 4.3018e-05 7.3981e-06 5.6497e-09 5.5001e-06
0.00015098 0.0058518 0.0043719 0.0010133 4.2736e-05 7.2488e-06 3.6563e-09 5.3188e-06
0.00014959 0.0057888 0.0043724 0.0010111 4.2457e-05 7.1091e-06 2.0701e-09 5.1469e-06
0.0001482 0.0057123 0.0043728 0.0010089 4.2169e-05 6.963e-06 3.4932e-09 4.9687e-06
0.00014683 0.0056629 0.0043734 0.0010067 4.1884e-05 6.8272e-06 5.3403e-09 4.8006e-06
0.00014547 0.0056395 0.004374 0.0010045 4.1603e-05 6.7014e-06 7.8314e-09 4.6421e-06
0.00014411 0.0056032 0.0043746 0.0010023 4.1313e-05 6.5693e-06 9.6289e-09 4.4774e-06
0.00014276 0.0055925 0.0043752 0.0010002 4.1026e-05 6.4469e-06 1.2242e-08 4.3221e-06
0.00014141 0.0055689 0.0043758 0.00099799 4.0728e-05 6.3183e-06 1.4098e-08 4.1607e-06
0.00014004 0.0055318 0.0043764 0.0009958 4.0421e-05 6.1831e-06 1.5215e-08 3.9929e-06
0.0001387 0.0055191 0.0043771 0.00099362 4.0116e-05 6.0572e-06 1.7153e-08 3.834e-06
0.00013737 0.0055332 0.0043778 0.00099147 3.9817e-05 5.9412e-06 2.0266e-08 3.6845e-06
0.00013604 0.0055321 0.0043785 0.0009893 3.9506e-05 5.818e-06 2.2423e-08 3.528e-06
0.00013472 0.0051623 0.0043793 0.00098715 3.92e-05 5.705e-06 2.5979e-08 3.3811e-06
0.00013343 0.004859 0.0043802 0.00098502 3.8901e-05 5.603e-06 2.3161e-08 3.2446e-06
0.00013216 0.0046118 0.0043812 0.00098291 3.8607e-05 5.5117e-06 2.1802e-08 3.1177e-06
0.00013088 0.0043384 0.0043822 0.00098079 3.8302e-05 5.4126e-06 1.9432e-08 2.9836e-06
0.00012962 0.0041133 0.0043832 0.0009787 3.8002e-05 5.3232e-06 1.8266e-08 2.8582e-06
0.00012838 0.0039338 0.0043843 0.00097662 3.7708e-05 5.2442e-06 1.8306e-08 2.7419e-06
0.00012713 0.003729 0.0043854 0.00097453 3.7401e-05 5.1568e-06 1.7301e-08 2.6179e-06
0.00012587 0.0034942 0.0043864 0.00097242 3.7081e-05 5.0603e-06 1.5138e-08 2.4855e-06
0.00012458 0.0036087 0.0043874 0.00097029 3.6745e-05 4.9537e-06 1.1544e-08 2.3435e-06
0.00012332 0.0035324 0.0043884 0.00096819 3.6418e-05 4.8592e-06 9.5572e-09 2.2125e-06
0.00012209 0.0034888 0.0043896 0.00096611 3.6098e-05 4.7765e-06 8.6836e-09 2.0918e-06
0.00012084 0.0033853 0.0043909 0.00096406 3.5762e-05 4.6361e-06 1.0323e-08 2.1223e-06
0.00011956 0.0032543 0.0043922 0.000962 3.5411e-05 4.4839e-06 1.0857e-08 2.1458e-06
0.00011832 0.0031624 0.0043935 0.00095996 3.5068e-05 4.3463e-06 7.7344e-09 2.1754e-06
0.0001171 0.0031044 0.004395 0.00095795 3.4734e-05 4.2224e-06 5.9698e-09 2.2111e-06
0.00011591 0.0030772 0.0043966 0.00095596 3.4408e-05 4.1114e-06 5.0955e-09 2.2534e-06
0.00011474 0.0030795 0.0043983 0.00095401 3.4091e-05 4.0126e-06 4.888e-09 2.3025e-06
0.0001136 0.0031165 0.0043874 0.00095227 3.3783e-05 3.6083e-06 1.8225e-09 2.3615e-06
0.00011245 0.0031315 0.0043763 0.00095051 3.3459e-05 3.6091e-06 1.8303e-09 2.4126e-06
0.00011127 0.0031249 0.0043652 0.00094873 3.312e-05 3.6016e-06 1.1779e-09 2.4561e-06
0.00011013 0.0031478 0.0043542 0.00094697 3.279e-05 3.6025e-06 7.3472e-10 2.5067e-06
0.000109 0.0032012 0.0043434 0.00094524 3.2467e-05 3.6118e-06 3.7675e-10 2.5648e-06
0.00010786 0.0032324 0.0043325 0.00094349 3.2129e-05 3.6128e-06 8.3518e-10 2.615e-06
0.00010675 0.003298 0.0043218 0.00094177 3.18e-05 3.4251e-06 1.4773e-09 2.6737e-06
0.00010561 0.0033409 0.0043111 0.00094003 3.1456e-05 3.2247e-06 1.4947e-09 2.7244e-06
0.0001045 0.0034162 0.0043004 0.00093831 3.112e-05 3.0405e-06 1.7e-09 2.7829e-06
0.00010338 0.0034684 0.0042897 0.00093658 3.0769e-05 2.849e-06 1.2757e-09 2.8334e-06
0.00010228 0.0035542 0.0042792 0.00093487 3.0425e-05 2.6728e-06 1.0223e-09 2.8918e-06
0.0001012 0.0036779 0.0042688 0.00093318 3.0089e-05 2.5106e-06 8.6875e-10 2.9582e-06
0.00010015 0.0038501 0.0042586 0.00093152 2.9761e-05 2.3626e-06 8.0309e-10 3.0341e-06
9.9119e-05 0.0040816 0.0042483 0.00092984 2.9442e-05 2.2276e-06 8.2723e-10 3.12e-06
9.8116e-05 0.0043868 0.0042382 0.00092818 2.913e-05 2.1047e-06 9.2829e-10 3.2164e-06
9.7137e-05 0.0047848 0.0042282 0.00092655 2.8826e-05 1.9928e-06 1.1412e-09 3.3243e-06
9.614e-05 0.0051245 0.0042182 0.0009249 2.8508e-05 1.8714e-06 7.6682e-10 3.4222e-06
9.5165e-05 0.0055598 0.0042083 0.00092328 2.8196e-05 1.7599e-06 4.678e-10 3.531e-06
9.4106e-05 0.0059304 0.0041983 0.00092163 2.9257e-05 1.6389e-06 1.1498e-09 3.6295e-06
9.307e-05 0.0064064 0.0041885 0.00092001 3.0336e-05 1.5275e-06 1.4967e-09 3.7391e-06
9.2016e-05 0.006812 0.0041786 0.00091837 3.1394e-05 1.4068e-06 1.5087e-09 3.8384e-06
9.0985e-05 0.0068756 0.0041688 0.00091675 3.247e-05 1.2956e-06 1.1857e-09 3.9491e-06
8.9978e-05 0.0069925 0.0041593 0.00091516 3.3566e-05 1.1937e-06 1.0494e-09 4.0732e-06
8.8995e-05 0.0071706 0.0041499 0.0009136 3.4683e-05 1.1005e-06 1.0541e-09 4.2114e-06
8.8036e-05 0.0074213 0.0041406 0.00091207 3.5821e-05 1.0152e-06 1.2014e-09 4.365e-06
8.7098e-05 0.0077541 0.0041316 0.00091056 3.6979e-05 9.364e-07 1.4993e-09 4.5337e-06
8.6142e-05 0.0080309 0.0041224 0.00090903 3.8114e-05 8.5007e-07 5.3264e-09 4.6896e-06
8.5208e-05 0.008397 0.0041134 0.00090752 3.927e-05 7.701e-07 1.1584e-08 4.8611e-06
8.4295e-05 0.0088735 0.0041046 0.00090604 4.0447e-05 6.9596e-07 2.2048e-08 5.0494e-06
8.3364e-05 0.0091267 0.0040959 0.00090459 4.1599e-05 6.8943e-07 2.7201e-08 5.1372e-06
8.2453e-05 0.0094671 0.0040874 0.00090316 4.2773e-05 6.8536e-07 3.636e-08 5.2375e-06
8.1527e-05 0.0097512 0.0040788 0.00090171 4.3925e-05 6.7625e-07 4.2619e-08 6.1545e-06
8.0622e-05 0.010138 0.0040703 0.00090029 4.51e-05 6.6989e-07 5.4309e-08 7.1539e-06
7.9701e-05 0.01046 0.0040618 0.00089885 4.6252e-05 6.5841e-07 6.2343e-08 8.104e-06
7.8802e-05 0.010895 0.0040534 0.00089743 4.7427e-05 6.4963e-07 6.1859e-08 9.1393e-06
7.7924e-05 0.01147 0.0040452 0.00089604 4.8626e-05 6.4344e-07 5.2043e-08 1.0267e-05
7.703e-05 0.011959 0.0040369 0.00089463 4.9802e-05 6.3226e-07 5.637e-08 1.1341e-05
7.6121e-05 0.012376 0.0040286 0.0008932 5.0956e-05 6.1613e-07 5.842e-08 1.2364e-05
7.5232e-05 0.012924 0.0040203 0.0008918 5.2133e-05 6.0245e-07 6.4155e-08 1.3476e-05
7.4328e-05 0.013398 0.004012 0.00089038 5.3289e-05 5.8404e-07 6.7456e-08 1.4539e-05
7.341e-05 0.0138 0.0040036 0.00088894 5.4423e-05 5.6075e-07 6.8492e-08 1.5555e-05
7.2476e-05 0.01414 0.0039952 0.00088747 5.5536e-05 5.3253e-07 6.7341e-08 1.6523e-05
7.1526e-05 0.014422 0.0039866 0.00088599 5.6627e-05 4.9929e-07 6.3886e-08 1.7447e-05
7.0597e-05 0.014808 0.0039782 0.00088454 5.7741e-05 4.6871e-07 6.3834e-08 1.8452e-05
6.9654e-05 0.015134 0.0039697 0.00088306 5.8833e-05 4.3323e-07 6.1655e-08 1.9411e-05
6.8731e-05 0.015579 0.0039614 0.00088162 5.9949e-05 4.005e-07 4.8827e-08 1.9643e-05
6.7828e-05 0.01616 0.0039532 0.00088019 6.1087e-05 3.6989e-07 4.1579e-08 1.9904e-05
6.6946e-05 0.01624 0.0039452 0.00087879 6.2249e-05 3.4151e-07 3.8183e-08 2.0199e-05
6.6049e-05 0.016297 0.0039371 0.00087738 6.3389e-05 3.0843e-07 3.2554e-08 2.0472e-05
6.5172e-05 0.016434 0.0039292 0.00087598 6.4554e-05 2.7748e-07 2.6597e-08 2.078e-05
6.4314e-05 0.016654 0.0039214 0.00087462 6.5742e-05 2.4812e-07 2.0311e-08 2.1122e-05
6.3476e-05 0.016508 0.0039138 0.00087328 6.6956e-05 2.2185e-07 1.3697e-08 2.1067e-05
6.2658e-05 0.016445 0.0039063 0.00087196 6.8197e-05 1.9695e-07 1.0064e-08 2.1037e-05
6.1824e-05 0.016332 0.0038987 0.00087062 6.9414e-05 2.3614e-07 4.5518e-09 2.0989e-05
6.0975e-05 0.016171 0.0038913 0.00086931 7.0607e-05 2.7063e-07 3.1256e-09 2.0925e-05
6.0112e-05 0.015957 0.0038838 0.00086798 7.1777e-05 5.3678e-07 6.9663e-10 2.0843e-05
5.9234e-05 0.016468 0.0038762 0.00086663 7.2923e-05 7.8791e-07 4.7988e-10 2.0744e-05
5.8373e-05 0.017128 0.0038688 0.0008653 7.4092e-05 1.0586e-06 2.4168e-10 2.0669e-05
5.75e-05 0.017713 0.0038612 0.00086396 7.5242e-05 1.317e-06 6.7517e-10 2.058e-05
5.6642e-05 0.018435 0.0038539 0.00086264 7.6411e-05 1.5923e-06 1.1079e-09 2.051e-05
5.5796e-05 0.019306 0.0038466 0.00086133 7.7598e-05 1.8842e-06 1.5809e-09 2.0457e-05
5.4963e-05 0.020344 0.0038394 0.00086004 7.88e-05 2.1926e-06 2.1413e-09 2.042e-05
5.4141e-05 0.021571 0.0038323 0.00085876 8.0018e-05 2.5181e-06 2.8507e-09 2.0399e-05
5.3311e-05 0.022725 0.0038252 0.00085748 8.1223e-05 2.8347e-06 3.0498e-09 2.0369e-05
5.2491e-05 0.024063 0.0038181 0.0008562 8.2442e-05 3.1669e-06 3.3782e-09 2.0353e-05
5.1681e-05 0.02563 0.0038112 0.00085494 8.3675e-05 3.5167e-06 3.9069e-09 2.0351e-05
5.0864e-05 0.027111 0.0038042 0.00085367 8.4896e-05 3.8578e-06 3.916e-09 2.0341e-05
5.004e-05 0.028513 0.0037972 0.0008524 8.6103e-05 4.1903e-06 3.4075e-09 2.0324e-05
4.9225e-05 0.030151 0.0037903 0.00085113 8.7326e-05 4.5406e-06 3.094e-09 2.0321e-05
4.8421e-05 0.030372 0.0037835 0.00084988 8.8564e-05 4.9097e-06 2.9398e-09 2.0332e-05
4.761e-05 0.030567 0.0037766 0.00084862 8.9789e-05 5.2702e-06 2.2978e-09 2.0336e-05
4.6792e-05 0.030737 0.0037697 0.00084735 9.1002e-05 5.6222e-06 1.1612e-09 2.0332e-05
4.5968e-05 0.030882 0.0037628 0.00084607 9.2203e-05 5.9657e-06 2.2299e-09 2.0322e-05
4.5137e-05 0.031001 0.0037559 0.00084479 9.3391e-05 6.3006e-06 2.8031e-09 2.0304e-05
4.4315e-05 0.031186 0.003749 0.00084351 9.4593e-05 6.6539e-06 3.5508e-09 2.0301e-05
4.3502e-05 0.031436 0.0037422 0.00084225 9.581e-05 7.0251e-06 4.5118e-09 2.031e-05
4.2682e-05 0.03166 0.0037354 0.00084098 9.7014e-05 7.3876e-06 4.944e-09 2.0311e-05
4.1856e-05 0.031856 0.0037286 0.0008397 9.8206e-05 7.741e-06 4.841e-09 2.0306e-05
4.1038e-05 0.032119 0.0037219 0.00083843 9.9411e-05 8.1127e-06 4.9691e-09 2.0313e-05
4.0214e-05 0.032354 0.0037151 0.00083715 0.0001006 8.4754e-06 4.5661e-09 2.0314e-05
3.9382e-05 0.032561 0.0037083 0.00083586 0.00010178 8.829e-06 3.6194e-09 2.0307e-05
3.856e-05 0.032839 0.0037016 0.00083459 0.00010298 9.2019e-06 2.9136e-09 2.0313e-05
3.7747e-05 0.033196 0.0036949 0.00083333 0.00010419 9.5956e-06 2.382e-09 2.0333e-05
3.6944e-05 0.033644 0.0036884 0.00083208 0.00010542 1.0012e-05 1.9823e-09 2.0367e-05
3.6152e-05 0.033379 0.003682 0.00083085 0.00010666 1.0457e-05 1.7301e-09 2.0419e-05
3.5352e-05 0.034402 0.0036756 0.00082964 0.00010789 1.0886e-05 9.0674e-10 2.046e-05
3.4541e-05 0.035334 0.0036692 0.00082842 0.00010911 1.1301e-05 1.8101e-09 2.049e-05
3.3742e-05 0.036462 0.0036629 0.00082721 0.00011034 1.1276e-05 2.9612e-09 1.9927e-05
3.2934e-05 0.0375 0.0036566 0.00082599 0.00011155 1.1242e-05 3.511e-09 1.9347e-05
3.2136e-05 0.038748 0.0036504 0.00082478 0.00011279 1.1221e-05 4.3843e-09 1.8801e-05
3.1349e-05 0.039912 0.0036441 0.00082357 0.00011404 1.1192e-05 4.6686e-09 1.8241e-05
3.0555e-05 0.041004 0.0036378 0.00082234 0.00011528 1.1157e-05 4.3912e-09 1.7667e-05
2.977e-05 0.042296 0.0036316 0.00082113 0.00011654 1.1132e-05 4.396e-09 1.7125e-05
2.8978e-05 0.043513 0.0036253 0.0008199 0.00011778 1.1101e-05 3.854e-09 1.657e-05
2.8194e-05 0.044944 0.0036192 0.0008187 0.00011905 1.108e-05 3.5557e-09 1.6046e-05
2.742e-05 0.046622 0.0036131 0.0008175 0.00012033 1.1069e-05 3.4587e-09 1.555e-05
2.6654e-05 0.048586 0.0036071 0.00081632 0.00012162 1.1069e-05 3.5505e-09 1.5082e-05
2.5881e-05 0.05045 0.0036011 0.00081513 0.00012291 1.1062e-05 3.1369e-09 1.4602e-05
2.5117e-05 0.05263 0.0035952 0.00081395 0.00012421 1.1066e-05 2.9006e-09 1.415e-05
2.4346e-05 0.054694 0.0035892 0.00081276 0.0001255 1.1063e-05 2.1552e-09 1.3685e-05
2.3582e-05 0.05708 0.0035833 0.00081159 0.0001268 1.107e-05 1.5222e-09 1.3244e-05
2.2827e-05 0.05987 0.0035775 0.00081043 0.00012813 1.1087e-05 9.6443e-10 1.2829e-05
2.208e-05 0.063099 0.0035718 0.00080928 0.00012947 1.1115e-05 3.9527e-10 1.2436e-05
2.1325e-05 0.066147 0.003566 0.00080812 0.0001308 1.1134e-05 9.1929e-10 1.2031e-05
2.058e-05 0.069723 0.0035604 0.00080698 0.00013215 1.1166e-05 1.4549e-09 1.165e-05
1.9842e-05 0.070385 0.0035548 0.00080585 0.00013351 1.1208e-05 2.0503e-09 1.1292e-05
1.9097e-05 0.070992 0.0035492 0.00080471 0.00013487 1.1243e-05 2.1425e-09 1.0921e-05
1.834e-05 0.07175 0.0035436 0.00080359 0.00013619 1.1289e-05 2.3606e-09 1.0575e-05
1.7593e-05 0.072681 0.0035382 0.00080248 0.00013754 1.1348e-05 2.7322e-09 1.0251e-05
1.6855e-05 0.073815 0.0035329 0.00080138 0.00013892 1.142e-05 3.3168e-09 9.9477e-06
1.6126e-05 0.07519 0.0035276 0.00080031 0.00014031 1.1505e-05 4.2221e-09 9.6652e-06
1.5389e-05 0.076455 0.0035224 0.00079922 0.00014169 1.1581e-05 4.4953e-09 9.3708e-06
1.4661e-05 0.077999 0.0035172 0.00079815 0.0001431 1.1671e-05 5.1934e-09 9.0977e-06
1.3944e-05 0.079869 0.0035121 0.00079709 0.00014453 1.1775e-05 6.4379e-09 8.8443e-06
1.3238e-05 0.08303 0.0035069 0.00079602 0.00014599 1.1622e-05 5.8972e-09 8.7005e-06
1.2522e-05 0.085881 0.0035017 0.00079493 0.00014743 1.1456e-05 4.7872e-09 8.545e-06
1.1817e-05 0.089368 0.0034966 0.00079386 0.0001489 1.1308e-05 4.3671e-09 8.4051e-06
1.1101e-05 0.092523 0.0034915 0.00079277 0.00015034 1.1148e-05 3.1825e-09 8.2539e-06
1.0396e-05 0.096367 0.0034864 0.00079171 0.00015182 1.1005e-05 2.4567e-09 8.1178e-06
9.7002e-06 0.10106 0.0034815 0.00079066 0.00015332 1.0878e-05 2.0299e-09 7.9959e-06
9.0142e-06 0.10227 0.0034766 0.00078963 0.00015486 1.0767e-05 1.8189e-09 7.8878e-06
8.3181e-06 0.10333 0.0034717 0.00078858 0.00015637 1.0645e-05 9.8501e-10 7.7688e-06
7.9392e-06 0.1047 0.0034669 0.00078756 0.00015638 1.0539e-05 3.5015e-10 7.6645e-06
7.5529e-06 0.10592 0.0034621 0.00078651 0.00015637 1.0422e-05 6.2238e-10 7.5501e-06
7.1707e-06 0.10744 0.0034573 0.00078549 0.00015638 1.032e-05 8.6217e-10 7.4481e-06
6.7923e-06 0.1093 0.0034527 0.00078448 0.0001564 1.0232e-05 1.1092e-09 7.3577e-06
6.4071e-06 0.11099 0.003448 0.00078346 0.00015641 1.0134e-05 8.498e-10 7.2586e-06
6.0255e-06 0.11306 0.0034432 0.00078243 0.00015644 1.0049e-05 6.0367e-10 7.1705e-06
5.6476e-06 0.1156 0.0034385 0.0007814 0.00015648 9.9778e-06 3.2445e-10 7.0939e-06
5.2633e-06 0.11792 0.0034338 0.00078037 0.00015651 9.8978e-06 9.4504e-10 7.0093e-06
4.8726e-06 0.12005 0.0034291 0.00077932 0.00015652 9.8089e-06 1.0672e-09 6.9167e-06
4.4852e-06 0.12263 0.0034244 0.00077829 0.00015655 9.7328e-06 1.2162e-09 6.8347e-06
4.5789e-06 0.12502 0.0034197 0.00077725 0.00015651 9.6485e-06 8.7744e-10 6.7454e-06
4.6719e-06 0.12785 0.0034151 0.00077622 0.00015649 9.5753e-06 5.2101e-10 6.6652e-06
4.7601e-06 0.13048 0.0034104 0.00077518 0.00015645 9.4942e-06 1.5176e-09 6.5778e-06
4.8475e-06 0.13358 0.0034058 0.00077415 0.00015643 9.4235e-06 2.6923e-09 6.499e-06
4.9303e-06 0.13648 0.0034012 0.00077311 0.00015639 9.3458e-06 3.3231e-09 6.4138e-06
5.0122e-06 0.13988 0.0033967 0.00077209 0.00015636 9.278e-06 4.1783e-09 6.3367e-06
5.0936e-06 0.1439 0.0033922 0.00077107 0.00015635 9.2209e-06 5.4265e-09 6.2682e-06
5.1741e-06 0.14858 0.0033879 0.00077008 0.00015636 9.173e-06 7.1173e-09 6.2071e-06
5.2539e-06 0.15408 0.0033836 0.00076909 0.00015638 9.1351e-06 9.5008e-09 6.1538e-06
5.3329e-06 0.16048 0.0033793 0.00076812 0.00015641 9.106e-06 1.2753e-08 6.1074e-06
5.4112e-06 0.168 0.0033752 0.00076716 0.00015645 9.0864e-06 1.7418e-08 6.0684e-06
5.4888e-06 0.17682 0.0033711 0.00076621 0.00015651 9.0763e-06 2.3992e-08 6.0366e-06
5.5657e-06 0.18715 0.0033671 0.00076528 0.00015658 9.0754e-06 2.2868e-08 6.0119e-06
5.6418e-06 0.19924 0.0033632 0.00076436 0.00015667 9.0836e-06 2.2755e-08 5.9939e-06
5.7172e-06 0.21334 0.0033594 0.00076345 0.00015677 9.1007e-06 2.3635e-08 5.9825e-06
5.7882e-06 0.22676 0.0033555 0.00076254 0.00015686 9.1123e-06 2.3766e-08 5.9662e-06
5.8547e-06 0.23952 0.0033516 0.00076161 0.00015693 9.118e-06 2.3132e-08 5.9448e-06
5.9205e-06 0.25436 0.0033477 0.0007607 0.00015702 9.1325e-06 2.348e-08 5.93e-06
5.9819e-06 0.26851 0.0033439 0.00075977 0.00015709 9.1415e-06 2.3092e-08 5.9102e-06
6.0422e-06 0.28479 0.0033401 0.00075886 0.00015718 9.1586e-06 2.3589e-08 5.8963e-06
6.1016e-06 0.30354 0.0033364 0.00075796 0.00015728 9.1837e-06 2.502e-08 5.8882e-06
6.1565e-06 0.32135 0.0033326 0.00075705 0.00015737 9.2031e-06 2.5662e-08 5.875e-06
6.2107e-06 0.3421 0.0033289 0.00075615 0.00015747 9.2314e-06 1.7661e-08 5.8684e-06
6.2642e-06 0.36627 0.0033253 0.00075526 0.00015758 9.2689e-06 1.1885e-08 5.8682e-06
6.3132e-06 0.38928 0.0033217 0.00075437 0.00015768 9.3007e-06 5.0606e-09 5.863e-06
6.3578e-06 0.41118 0.003318 0.00075346 0.00015777 9.3266e-06 5.4053e-09 5.8529e-06
6.3979e-06 0.43198 0.0033143 0.00075255 0.00015785 9.3465e-06 5.1983e-09 5.8375e-06
6.4398e-06 0.45622 0.0033107 0.00075164 0.00015444 9.3757e-06 5.2971e-09 5.8288e-06
6.4808e-06 0.46125 0.0033072 0.00075075 0.00015107 9.4134e-06 5.6619e-09 5.826e-06
6.5211e-06 0.46714 0.0033037 0.00074987 0.00014775 9.0061e-06 6.3789e-09 5.8297e-06
6.5605e-06 0.47395 0.0033003 0.00074901 0.00014446 8.619e-06 7.4665e-09 5.8392e-06
6.5955e-06 0.48043 0.0032968 0.00074813 0.00014116 8.2227e-06 7.9759e-09 5.8439e-06
6.626e-06 0.48659 0.0032934 0.00074724 0.00013783 7.8168e-06 7.903e-09 5.8436e-06
6.6558e-06 0.49376 0.00329 0.00074637 0.00013455 7.4321e-06 8.2625e-09 5.8497e-06
6.6813e-06 0.50061 0.0032866 0.00074549 0.00013125 7.0385e-06 8.0519e-09 5.8509e-06
6.7057e-06 0.50849 0.0032832 0.00074461 0.00012799 6.6636e-06 8.2219e-09 5.8578e-06
6.7258e-06 0.51599 0.0032798 0.00074373 0.0001247 6.2797e-06 7.8101e-09 5.8598e-06
6.7451e-06 0.52472 0.0032765 0.00074286 0.00012146 5.9155e-06 7.8256e-09 5.8681e-06
6.76e-06 0.53305 0.0032732 0.00074198 0.0001182 5.5428e-06 7.276e-09 5.8715e-06
6.7706e-06 0.54099 0.0032698 0.00074109 0.00011492 5.1615e-06 6.1551e-09 5.8702e-06
6.7768e-06 0.54856 0.0032664 0.0007402 0.00011163 4.7714e-06 4.4495e-09 5.8641e-06
6.7822e-06 0.55738 0.0032631 0.00073931 0.00010837 4.401e-06 3.1686e-09 5.8644e-06
6.7832e-06 0.56576 0.0032597 0.00073842 0.0001051 4.0215e-06 5.9246e-09 5.8596e-06
6.7835e-06 0.57553 0.0032565 0.00073753 0.00010186 3.6612e-06 9.6016e-09 5.8612e-06
6.783e-06 0.58692 0.0032533 0.00073666 9.8668e-05 3.3189e-06 1.4624e-08 5.8693e-06
6.7781e-06 0.59773 0.00325 0.00073578 9.5453e-05 2.9679e-06 1.8701e-08 5.8723e-06
6.7686e-06 0.60797 0.0032468 0.00073489 9.2219e-05 2.6078e-06 2.1874e-08 5.87e-06
6.7586e-06 0.61998 0.0032436 0.00073401 8.9026e-05 2.2663e-06 2.6604e-08 5.8746e-06
6.7481e-06 0.63413 0.0032405 0.00073315 8.5873e-05 1.9427e-06 2.4096e-08 5.8862e-06
6.737e-06 0.65089 0.0032374 0.0007323 8.2761e-05 1.6361e-06 2.2864e-08 5.9052e-06
6.7213e-06 0.66658 0.0032343 0.00073143 7.9627e-05 1.3205e-06 2.0735e-08 5.9183e-06
6.7008e-06 0.68123 0.0032312 0.00073056 7.6471e-05 9.9476e-07 1.7612e-08 5.9253e-06
6.68e-06 0.69868 0.0032282 0.0007297 7.3357e-05 6.8678e-07 1.5781e-08 5.9401e-06
6.6538e-06 0.7145 0.0032251 0.00072883 7.0213e-05 3.6576e-07 2.2855e-08 5.947e-06
6.6135e-06 0.72883 0.003222 0.00072794 7.0261e-05 3.3045e-07 2.805e-08 5.9459e-06
6.5676e-06 0.74178 0.0032188 0.00072704 7.0293e-05 2.9066e-07 3.1565e-08 5.9364e-06
6.5222e-06 0.75779 0.0032157 0.00072615 7.0337e-05 2.5277e-07 3.7949e-08 5.9371e-06
6.4714e-06 0.77225 0.0032126 0.00072525 7.0366e-05 2.9136e-07 4.238e-08 5.9295e-06
6.4148e-06 0.78526 0.0032094 0.00072433 7.0379e-05 3.2554e-07 4.5008e-08 5.9132e-06
6.3526e-06 0.79694 0.0032061 0.0007234 7.0374e-05 3.5533e-07 4.5927e-08 5.8879e-06
6.2908e-06 0.81129 0.003203 0.00072249 7.0382e-05 3.8668e-07 4.9748e-08 5.8727e-06
6.2298e-06 0.82928 0.0031999 0.00072159 7.0402e-05 4.2014e-07 4.6069e-08 5.8686e-06
6.1695e-06 0.8519 0.003197 0.00072072 7.0436e-05 4.5595e-07 4.5143e-08 5.8756e-06
6.1033e-06 0.87197 0.003194 0.00071982 7.0453e-05 4.869e-07 4.2401e-08 5.8732e-06
6.038e-06 0.89734 0.0031911 0.00071895 7.0483e-05 5.2043e-07 2.8501e-08 5.8821e-06
5.9669e-06 0.91988 0.0031881 0.00071806 7.0496e-05 5.4909e-07 2.9058e-08 5.8818e-06
5.8899e-06 0.93995 0.0031851 0.00071716 7.0492e-05 5.7293e-07 2.8128e-08 5.8722e-06
5.8071e-06 0.95783 0.003182 0.00071623 7.0471e-05 5.9196e-07 2.5636e-08 5.8531e-06
5.7183e-06 0.97365 0.0031789 0.00071529 7.0432e-05 6.0607e-07 2.1298e-08 5.8241e-06
5.6301e-06 0.97848 0.0031758 0.00071437 7.0406e-05 6.2239e-07 1.9185e-08 5.8061e-06
5.543e-06 0.97999 0.0031729 0.00071347 7.0394e-05 6.4145e-07 1.8867e-08 5.8001e-06
5.4566e-06 0.98191 0.0031701 0.00071259 7.0396e-05 6.6303e-07 1.3276e-08 5.8052e-06
5.3712e-06 0.98439 0.0031674 0.00071173 7.0411e-05 6.8768e-07 1.0363e-08 5.8222e-06
5.2867e-06 0.98759 0.0031648 0.0007109 7.0442e-05 7.1558e-07 8.9944e-09 5.8515e-06
5.1961e-06 0.99038 0.0031621 0.00071004 7.0454e-05 7.3804e-07 6.3831e-09 5.8704e-06
5.1065e-06 0.99128 0.0031595 0.00070921 7.0481e-05 7.6387e-07 5.0293e-09 5.9017e-06
5.0109e-06 0.99207 0.0031569 0.00070835 7.0489e-05 7.8435e-07 2.6118e-09 5.923e-06
4.9092e-06 0.99275 0.0031542 0.00070748 7.048e-05 7.9937e-07 3.1951e-09 5.9339e-06
4.8085e-06 0.99293 0.0031517 0.00070663 7.0485e-05 8.178e-07 4.4169e-09 5.9591e-06
4.7019e-06 0.99308 0.0031491 0.00070576 7.0472e-05 8.3098e-07 4.7817e-09 5.9747e-06
4.5893e-06 0.9932 0.0031465 0.00070492 7.0442e-05 8.3883e-07 4.2424e-09 5.9802e-06
4.4775e-06 0.99339 0.0031441 0.00070409 7.0425e-05 8.4978e-07 4.2977e-09 5.9974e-06
4.3598e-06 0.99354 0.0031417 0.00070325 7.0391e-05 8.5553e-07 3.5501e-09 6.0049e-06
4.2425e-06 0.99376 0.0031393 0.00070243 7.0369e-05 8.6394e-07 3.2716e-09 6.0229e-06
4.1195e-06 0.99395 0.0031369 0.00070159 7.033e-05 8.6733e-07 2.2476e-09 6.0317e-06
3.9908e-06 0.99411 0.0031344 0.00070073 7.0274e-05 8.6573e-07 3.8356e-09 6.0314e-06
3.8624e-06 0.99433 0.003132 0.00069989 7.0231e-05 8.6673e-07 6.3251e-09 6.0415e-06
3.7284e-06 0.99452 0.0031296 0.00069903 7.017e-05 8.6276e-07 7.7819e-09 6.0425e-06
3.5949e-06 0.99479 0.0031272 0.0006982 7.0123e-05 8.6178e-07 8.9054e-09 6.0549e-06
3.4558e-06 0.99502 0.0031248 0.00069734 7.006e-05 8.558e-07 9.6954e-09 6.0581e-06
3.311e-06 0.99522 0.0031224 0.00069648 6.998e-05 8.4479e-07 1.0152e-08 6.0521e-06
3.1666e-06 0.99519 0.00312 0.00069562 6.9911e-05 8.3648e-07 1.1632e-08 6.0567e-06
3.0163e-06 0.99514 0.0031176 0.00069476 6.9826e-05 8.2294e-07 1.2006e-08 6.0516e-06
2.8667e-06 0.99514 0.0031153 0.00069391 6.9754e-05 8.1249e-07 1.3639e-08 6.0582e-06
2.7176e-06 0.99517 0.0031131 0.00069308 6.9695e-05 8.0511e-07 1.7026e-08 6.0767e-06
2.5692e-06 0.99526 0.003111 0.00069227 6.9651e-05 8.0082e-07 1.6021e-08 6.1074e-06
2.4214e-06 0.99514 0.0031089 0.00069149 6.9621e-05 7.9963e-07 1.6635e-08 6.1507e-06
2.2678e-06 0.995 0.0031069 0.00069068 6.9574e-05 7.933e-07 1.5996e-08 6.184e-06
2.1085e-06 0.99484 0.0031048 0.00068986 6.9509e-05 7.818e-07 1.4057e-08 6.2073e-06
1.9432e-06 0.99464 0.0031026 0.00068902 6.9426e-05 7.6492e-07 1.0604e-08 6.2201e-06
1.7783e-06 0.9945 0.0031005 0.0006882 6.9355e-05 7.5085e-07 8.9921e-09 6.2445e-06
1.6075e-06 0.99434 0.0030983 0.00068736 6.9267e-05 7.314e-07 6.0646e-09 6.2583e-06
1.43e-06 0.99389 0.0030963 0.00068654 6.9156e-05 7.3841e-07 5.0216e-09 6.1134e-06
1.4743e-06 0.99337 0.0030942 0.00068571 6.8981e-05 7.4031e-07 2.9667e-09 5.9559e-06
1.5173e-06 0.99299 0.0030922 0.00068489 6.8821e-05 7.4516e-07 1.7758e-09 5.8155e-06
1.5554e-06 0.99254 0.0030901 0.00068406 6.8643e-05 7.4492e-07 2.7468e-09 5.6628e-06
1.5887e-06 0.99203 0.003088 0.00068321 6.8448e-05 7.3962e-07 2.97e-09 5.4977e-06
1.617e-06 0.99144 0.0030858 0.00068234 6.8234e-05 7.2911e-07 2.4457e-09 5.3193e-06
1.6439e-06 0.98954 0.0030837 0.0006815 6.8033e-05 7.2113e-07 2.2781e-09 5.1571e-06
1.6694e-06 0.98806 0.0030817 0.00068067 6.7846e-05 7.1598e-07 2.4684e-09 5.0113e-06
1.6901e-06 0.98638 0.0030796 0.00067982 6.7642e-05 7.0583e-07 1.9689e-09 4.8537e-06
1.7094e-06 0.98508 0.0030777 0.000679 6.7453e-05 6.9848e-07 1.802e-09 4.712e-06
1.7238e-06 0.98359 0.0030757 0.00067815 6.7245e-05 6.8599e-07 9.5245e-10 4.5581e-06
1.7333e-06 0.98189 0.0030736 0.00067729 6.7019e-05 6.6847e-07 1.6292e-09 4.3923e-06
1.7415e-06 0.98057 0.0030716 0.00067645 6.6808e-05 6.5379e-07 2.7115e-09 4.2426e-06
1.7483e-06 0.97644 0.0030696 0.00067559 6.661e-05 6.4178e-07 4.5086e-09 4.1078e-06
1.7538e-06 0.97322 0.0030677 0.00067475 6.6425e-05 6.3242e-07 7.5813e-09 3.987e-06
1.758e-06 0.96296 0.0030658 0.00067393 6.6256e-05 6.2564e-07 1.2881e-08 3.8793e-06
1.7608e-06 0.95478 0.0030641 0.00067313 6.6098e-05 6.2101e-07 2.1672e-08 3.7828e-06
1.7622e-06 0.94835 0.0030625 0.00067234 6.5955e-05 6.1885e-07 3.6952e-08 3.6979e-06
1.7365e-06 0.92327 0.003056 0.00066919 6.5358e-05 5.8926e-07 5.0569e-08 3.3418e-06
1.7207e-06 0.91475 0.0030542 0.00066836 6.5189e-05 5.6967e-07 5.1455e-08 3.2289e-06
1.7e-06 0.90507 0.0030524 0.00066751 6.5003e-05 5.4515e-07 5.0385e-08 3.106e-06
1.6743e-06 0.89396 0.0030505 0.00066664 6.48e-05 5.1549e-07 4.8211e-08 2.9724e-06
1.6473e-06 0.88532 0.0030487 0.00066579 6.461e-05 4.8855e-07 3.6264e-08 2.8516e-06
1.6191e-06 0.8786 0.003047 0.00066496 6.4434e-05 4.641e-07 2.9691e-08 2.7425e-06
1.0116e-06 0.78364 0.0030289 0.00065478 6.2347e-05 4.1006e-07 5.2727e-08 1.5998e-06
9.4595e-07 0.77751 0.0030278 0.00065404 6.2199e-05 4.5586e-07 4.4331e-08 1.5274e-06
8.7884e-07 0.77273 0.0030268 0.00065331 6.2064e-05 5.0519e-07 1.637e-08 1.4621e-06
9.8241e-07 0.7673 0.0030257 0.00065257 6.1902e-05 5.4912e-07 1.3027e-08 1.3898e-06
1.085e-06 0.76304 0.0030248 0.00065185 6.1752e-05 5.9656e-07 1.1384e-08 1.3239e-06
1.1865e-06 0.75963 0.0030239 0.00065115 6.1614e-05 6.473e-07 1.0835e-08 1.2635e-06
1.2829e-06 0.75578 0.003023 0.00065043 6.1459e-05 6.9253e-07 9.2185e-09 1.1965e-06
1.3782e-06 0.75269 0.0030221 0.00064973 6.1315e-05 7.4109e-07 8.5581e-09 1.1345e-06
1.4684e-06 0.7492 0.0030212 0.00064901 6.1154e-05 7.8412e-07 6.9015e-09 1.0662e-06
1.5577e-06 0.74645 0.0030204 0.00064831 6.1005e-05 8.3104e-07 6.1563e-09 1.0032e-06
1.646e-06 0.74431 0.0030197 0.00064762 6.0868e-05 8.822e-07 6.1263e-09 9.4538e-07
1.7293e-06 0.74187 0.0030189 0.00064692 6.0715e-05 9.2752e-07 5.2379e-09 8.8135e-07
1.8115e-06 0.7332 0.0030046 0.00064629 6.0572e-05 9.7685e-07 4.9594e-09 8.218e-07
1.8927e-06 0.72616 0.0029904 0.00064567 6.044e-05 1.0305e-06 5.2241e-09 7.6638e-07
1.9731e-06 0.72055 0.0029764 0.00064508 6.032e-05 1.0894e-06 6.1944e-09 7.1521e-07
2.0484e-06 0.71429 0.0029624 0.00064446 6.0184e-05 1.1421e-06 6.2939e-09 6.5845e-07
2.1178e-06 0.70932 0.0029485 0.00064387 6.0026e-05 1.2002e-06 6.0595e-09 6.0584e-07
2.1864e-06 0.70538 0.0029348 0.00064329 5.988e-05 1.2644e-06 5.4911e-09 5.57e-07
2.2541e-06 0.70222 0.0029214 0.00064274 5.9746e-05 1.3343e-06 4.5887e-09 5.1121e-07
2.3209e-06 0.69969 0.002908 0.00064219 5.9622e-05 1.4104e-06 4.277e-09 4.6819e-07
2.3824e-06 0.69682 0.0028946 0.00064164 5.9481e-05 1.4792e-06 3.4123e-09 4.199e-07
2.4433e-06 0.68665 0.0028814 0.0006411 5.9352e-05 1.5552e-06 3.0949e-09 3.7471e-07
2.499e-06 0.67524 0.0028681 0.00064054 5.9207e-05 1.6236e-06 2.0006e-09 3.2432e-07
2.554e-06 0.66616 0.002855 0.00064 5.9074e-05 1.6996e-06 1.3528e-09 2.7688e-07
2.6082e-06 0.63403 0.002842 0.00063948 5.8951e-05 1.7829e-06 9.88e-10 2.3171e-07
2.6616e-06 0.60772 0.0028292 0.00063897 5.884e-05 1.8741e-06 7.2704e-10 1.8852e-07
2.7097e-06 0.57844 0.0028164 0.00063845 5.8712e-05 1.9569e-06 1.9153e-09 1.4056e-07
3.1974e-06 0.57379 0.0028034 0.00063792 5.8457e-05 2.0205e-06 2.3627e-09 1.4664e-07
3.6906e-06 0.56999 0.0027906 0.00063739 5.8213e-05 2.0904e-06 3.1179e-09 1.5234e-07
4.1771e-06 0.56589 0.0027777 0.00063686 5.7955e-05 2.1547e-06 3.2781e-09 1.5497e-07
4.6677e-06 0.56245 0.002765 0.00063634 5.7704e-05 2.2241e-06 3.6783e-09 1.569e-07
5.1617e-06 0.55953 0.0027524 0.00063582 5.7459e-05 2.298e-06 4.2986e-09 1.5795e-07
5.6595e-06 0.55707 0.0027399 0.00063532 5.722e-05 2.377e-06 5.2453e-09 1.5818e-07
6.1517e-06 0.55447 0.0027274 0.00063481 5.6971e-05 2.4512e-06 5.6216e-09 1.5559e-07
6.6469e-06 0.55224 0.0027149 0.00063431 5.6726e-05 2.5299e-06 6.3038e-09 1.5203e-07
7.1367e-06 0.54989 0.0027025 0.0006338 5.647e-05 2.6039e-06 6.4153e-09 1.4568e-07
7.6209e-06 0.54739 0.00269 0.00063328 5.6204e-05 2.6733e-06 5.9602e-09 1.3653e-07
8.1087e-06 0.54529 0.0026776 0.00063277 5.5943e-05 2.7476e-06 5.8532e-09 1.2649e-07
8.6001e-06 0.54354 0.0026654 0.00063227 5.5687e-05 2.8271e-06 6.0804e-09 1.1553e-07
9.0952e-06 0.5421 0.0026532 0.00063178 5.5437e-05 2.9119e-06 6.6705e-09 1.0361e-07
9.5849e-06 0.54056 0.0026411 0.00063128 5.5177e-05 2.992e-06 6.699e-09 8.8948e-08
1.0078e-05 0.53929 0.002629 0.00063079 5.492e-05 3.0772e-06 7.0685e-09 7.3221e-08
1.0565e-05 0.53792 0.0026169 0.00063029 5.4654e-05 3.1575e-06 6.85e-09 1.0721e-07
1.1047e-05 0.53999 0.0026047 0.00062978 5.4376e-05 3.2328e-06 6.0388e-09 1.3818e-07
1.1523e-05 0.54195 0.0025926 0.00062927 5.4089e-05 3.3033e-06 1.2015e-08 1.6617e-07
1.1994e-05 0.5438 0.0025804 0.00062874 5.3791e-05 3.3692e-06 1.7012e-08 1.9121e-07
1.2459e-05 0.54554 0.0025681 0.0006282 5.3482e-05 3.4302e-06 2.1061e-08 2.1326e-07
1.2928e-05 0.54762 0.002556 0.00062768 5.3179e-05 3.4968e-06 2.684e-08 2.3504e-07
1.3401e-05 0.5501 0.002544 0.00062716 5.2881e-05 3.5689e-06 3.4997e-08 2.5661e-07
1.3877e-05 0.54996 0.0025321 0.00062666 5.2587e-05 3.6465e-06 4.6165e-08 2.7789e-07
1.4358e-05 0.55001 0.0025203 0.00062616 5.2299e-05 3.7301e-06 4.5629e-08 2.9909e-07
1.4843e-05 0.55026 0.0025086 0.00062567 5.2016e-05 3.8202e-06 4.6624e-08 3.2027e-07
1.5322e-05 0.55044 0.0024969 0.00062518 5.1722e-05 3.9053e-06 4.6702e-08 3.3841e-07
1.5795e-05 0.55055 0.0024851 0.00062467 5.1418e-05 3.9852e-06 4.5832e-08 3.5349e-07
1.6273e-05 0.55086 0.0024735 0.00062418 5.1119e-05 4.0717e-06 4.6497e-08 3.6856e-07
1.6754e-05 0.55135 0.0024619 0.00062369 5.0825e-05 4.1642e-06 3.5484e-08 3.8351e-07
1.724e-05 0.55206 0.0024505 0.00062322 5.0535e-05 4.2638e-06 2.767e-08 3.9854e-07
1.7731e-05 0.55299 0.0024392 0.00062275 5.0251e-05 4.3707e-06 2.2165e-08 4.1371e-07
1.8225e-05 0.55415 0.0024279 0.0006223 4.9971e-05 4.4847e-06 1.8223e-08 4.289e-07
1.8714e-05 0.55522 0.0024167 0.00062183 4.968e-05 4.5929e-06 1.3313e-08 4.4091e-07
1.9207e-05 0.55657 0.0024055 0.00062138 4.9394e-05 4.7093e-06 9.8292e-09 4.5318e-07
1.9705e-05 0.55822 0.0023945 0.00062093 4.9114e-05 4.8344e-06 7.3711e-09 4.6581e-07
2.0209e-05 0.56025 0.0023836 0.0006205 4.8839e-05 4.969e-06 5.6629e-09 4.7892e-07
2.0719e-05 0.56273 0.0023728 0.00062008 4.8571e-05 5.1142e-06 4.524e-09 4.9268e-07
2.1221e-05 0.565 0.0023619 0.00061965 4.829e-05 5.2516e-06 2.6881e-09 5.0284e-07
2.1716e-05 0.56702 0.002351 0.0006192 4.7996e-05 5.3796e-06 3.9517e-09 5.0902e-07
2.1779e-05 0.56881 0.00234 0.00061874 4.8209e-05 5.4977e-06 4.4568e-09 5.1108e-07
2.1846e-05 0.57106 0.0023291 0.00061829 4.843e-05 5.6281e-06 5.4807e-09 5.1423e-07
2.1905e-05 0.57305 0.0023182 0.00061783 4.8636e-05 5.7482e-06 5.6965e-09 5.132e-07
2.1958e-05 0.5748 0.0023074 0.00061738 4.8828e-05 5.8581e-06 5.0787e-09 5.0791e-07
2.2014e-05 0.57702 0.0022967 0.00061695 4.9027e-05 5.9806e-06 5.0134e-09 5.0386e-07
2.2073e-05 0.57983 0.0022862 0.00061654 4.9236e-05 6.1168e-06 5.4822e-09 5.0107e-07
2.2137e-05 0.58339 0.0022758 0.00061614 4.9453e-05 6.2677e-06 3.0194e-09 4.996e-07
2.2193e-05 0.58652 0.0022654 0.00061572 4.9655e-05 6.4069e-06 3.8444e-09 4.9382e-07
2.2241e-05 0.58925 0.0022548 0.00061529 4.9841e-05 6.5342e-06 3.8866e-09 4.8358e-07
2.2294e-05 0.59273 0.0022445 0.00061487 5.0037e-05 6.6765e-06 4.418e-09 4.7476e-07
2.2339e-05 0.59574 0.002234 0.00061444 5.0216e-05 6.8062e-06 4.1303e-09 4.6141e-07
2.2373e-05 0.59985 0.0022236 0.00061402 5.0375e-05 6.7242e-06 4.4458e-09 4.5252e-07
2.2413e-05 0.60094 0.0022135 0.00061362 5.0545e-05 6.6571e-06 5.4754e-09 4.4537e-07
2.2458e-05 0.60245 0.0022032 0.00061321 5.0726e-05 6.6033e-06 4.563e-09 4.3966e-07
2.2508e-05 0.60451 0.0021931 0.00061281 5.0918e-05 6.5633e-06 4.3572e-09 4.3558e-07
2.2549e-05 0.60626 0.0021829 0.00061239 5.1094e-05 6.5127e-06 3.3062e-09 4.2712e-07
2.2596e-05 0.60863 0.0021729 0.000612 5.1282e-05 6.4758e-06 2.8625e-09 4.2027e-07
2.2635e-05 0.61066 0.0021628 0.00061159 5.1453e-05 6.4282e-06 1.8814e-09 4.0904e-07
2.2679e-05 0.61336 0.0021528 0.00061119 5.1636e-05 6.3943e-06 1.3328e-09 3.9941e-07
2.2715e-05 0.61567 0.0021427 0.00061078 5.1802e-05 6.3492e-06 2.6957e-09 3.8527e-07
2.2756e-05 0.61867 0.0021328 0.00061039 5.1978e-05 6.3166e-06 4.8767e-09 3.7244e-07
2.2801e-05 0.62253 0.0021231 0.00061001 5.2165e-05 6.2963e-06 4.5313e-09 3.6083e-07
2.285e-05 0.62747 0.0021135 0.00060965 5.2363e-05 6.2881e-06 1.2332e-09 3.5035e-07
2.2892e-05 0.63174 0.0021038 0.00060927 5.2544e-05 6.269e-06 9.8284e-10 3.3549e-07
2.2925e-05 0.63543 0.002094 0.00060888 5.2707e-05 6.2389e-06 2.4801e-09 3.1621e-07
2.2963e-05 0.64013 0.0020843 0.0006085 5.2881e-05 6.2209e-06 4.8222e-09 2.9807e-07
2.3005e-05 0.64609 0.0020748 0.00060814 5.3066e-05 6.2148e-06 8.9696e-09 2.8093e-07
2.3052e-05 0.65361 0.0020654 0.00060779 5.3261e-05 6.2204e-06 9.2244e-09 2.6467e-07
2.3091e-05 0.66023 0.002056 0.00060743 5.344e-05 6.2155e-06 9.1456e-09 2.4424e-07
2.3123e-05 0.66611 0.0020464 0.00060705 5.3602e-05 6.2009e-06 8.7332e-09 2.1974e-07
2.3158e-05 0.67341 0.002037 0.00060669 5.3775e-05 6.1975e-06 7.9874e-09 1.9603e-07
2.3198e-05 0.68242 0.0020277 0.00060634 5.3957e-05 6.2053e-06 8.064e-09 1.7295e-07
2.3243e-05 0.68496 0.0020186 0.00060602 5.4151e-05 6.2253e-06 9.0874e-09 1.5055e-07
2.328e-05 0.68721 0.0020094 0.00060567 5.4329e-05 6.2358e-06 9.1345e-09 1.2435e-07
2.3321e-05 0.69004 0.0020003 0.00060534 5.4517e-05 6.2574e-06 1.0093e-08 9.8508e-08
2.3354e-05 0.69254 0.0019912 0.000605 5.4689e-05 6.269e-06 1.0017e-08 1.1856e-07
2.3392e-05 0.69289 0.0019821 0.00060467 5.487e-05 6.2916e-06 1.0899e-08 1.3862e-07
2.3434e-05 0.69353 0.0019732 0.00060436 5.5063e-05 6.3263e-06 1.3103e-08 1.5899e-07
2.3469e-05 0.69402 0.0019643 0.00060403 5.524e-05 6.3517e-06 1.412e-08 1.7572e-07
2.3497e-05 0.69439 0.0019552 0.00060369 5.5402e-05 6.3678e-06 1.403e-08 1.8886e-07
2.3517e-05 0.69463 0.0019461 0.00060333 5.5548e-05 6.3747e-06 1.2834e-08 1.9843e-07
2.353e-05 0.69476 0.001937 0.00060296 5.568e-05 6.3723e-06 1.0445e-08 2.0444e-07
2.3535e-05 0.69475 0.0019277 0.00060257 5.5795e-05 6.3602e-06 6.6295e-09 2.0681e-07
2.3545e-05 0.69499 0.0019186 0.00060219 5.5921e-05 6.3592e-06 4.3168e-09 2.0922e-07
2.3559e-05 0.69548 0.0019096 0.00060184 5.6056e-05 6.3696e-06 2.9249e-09 2.1173e-07
2.3577e-05 0.6946 0.0019008 0.0006015 5.6203e-05 6.392e-06 2.1157e-09 2.1444e-07
2.3601e-05 0.6912 0.0018918 0.00060113 5.6362e-05 6.428e-06 1.7642e-09 2.1763e-07
2.363e-05 0.6805 0.001883 0.00060079 5.6533e-05 6.4778e-06 1.7099e-09 2.213e-07
2.3664e-05 0.67205 0.0018741 0.00060043 5.6716e-05 6.5406e-06 1.9202e-09 2.2529e-07
2.3703e-05 0.64565 0.0018653 0.00060008 5.6911e-05 6.617e-06 2.4242e-09 2.2962e-07
2.3747e-05 0.6251 0.0018567 0.00059975 5.7118e-05 6.7086e-06 3.4342e-09 2.3453e-07
2.3783e-05 0.60319 0.001848 0.00059941 5.7308e-05 6.788e-06 3.6256e-09 2.3549e-07
2.3824e-05 0.58614 0.0018394 0.00059908 5.7511e-05 6.883e-06 4.4134e-09 2.3703e-07
2.3857e-05 0.56671 0.0018307 0.00059873 5.7697e-05 6.9663e-06 4.6335e-09 2.3472e-07
2.3895e-05 0.55159 0.0018222 0.00059841 5.7895e-05 7.0654e-06 5.5721e-09 2.3298e-07
2.3926e-05 0.53436 0.0018136 0.00059807 5.8077e-05 7.1526e-06 1.5405e-08 2.2739e-07
2.3962e-05 0.52096 0.0018052 0.00059774 5.8271e-05 7.256e-06 1.7876e-08 2.2236e-07
2.3989e-05 0.50559 0.0017966 0.0005974 5.8448e-05 7.3468e-06 1.8896e-08 2.1342e-07
2.4022e-05 0.49362 0.0017882 0.00059708 5.8638e-05 7.454e-06 2.1847e-08 2.0499e-07
2.4061e-05 0.4843 0.0017799 0.00059677 5.8841e-05 7.5786e-06 2.011e-08 1.9701e-07
2.4091e-05 0.4737 0.0017716 0.00059645 5.9027e-05 7.6905e-06 1.6826e-08 1.8527e-07
2.4126e-05 0.46529 0.0017634 0.00059615 5.9225e-05 7.8187e-06 1.5576e-08 1.7375e-07
2.4166e-05 0.45875 0.0017553 0.00059586 5.9435e-05 7.9655e-06 1.5815e-08 1.6254e-07
2.4331e-05 0.40835 0.0016978 0.00059358 6.0671e-05 8.8758e-06 5.29e-09 4.7159e-08
2.4347e-05 0.40231 0.0016895 0.00059323 6.0834e-05 9.0109e-06 3.8115e-09 5.1995e-08
2.4368e-05 0.39759 0.0016813 0.00059289 6.1009e-05 9.1652e-06 3.0379e-09 5.5865e-08
2.438e-05 0.3922 0.0016731 0.00059253 6.1167e-05 9.3055e-06 1.4319e-09 1.1842e-07
2.4398e-05 0.38799 0.001665 0.0005922 6.1338e-05 9.4654e-06 3.5583e-10 1.8427e-07
2.4408e-05 0.38319 0.0016568 0.00059184 6.1492e-05 9.6113e-06 3.636e-10 2.448e-07
2.4422e-05 0.37937 0.0016487 0.0005915 6.1657e-05 9.7754e-06 2.8023e-10 3.083e-07
2.4429e-05 0.37502 0.0016406 0.00059115 6.1805e-05 9.9255e-06 1.0111e-09 3.6648e-07
2.444e-05 0.3716 0.0016326 0.00059081 6.1965e-05 1.0096e-05 2.0133e-09 4.2811e-07
2.4456e-05 0.36889 0.0016247 0.00059048 6.2136e-05 1.0285e-05 3.4839e-09 4.931e-07
2.4464e-05 0.36582 0.0016167 0.00059015 6.2291e-05 1.046e-05 4.1674e-09 5.5278e-07
2.4464e-05 0.36256 0.0016086 0.00058979 6.2429e-05 1.0622e-05 4.0863e-09 6.0708e-07
2.4468e-05 0.35082 0.0016007 0.00058945 6.2578e-05 1.0802e-05 4.4596e-09 6.6464e-07
2.4478e-05 0.34136 0.0015929 0.00058913 6.2739e-05 1.1004e-05 5.4254e-09 7.2615e-07
2.4491e-05 0.33371 0.0015852 0.00058882 6.2911e-05 1.1229e-05 7.2359e-09 7.9191e-07
2.451e-05 0.32752 0.0015776 0.00058853 6.3095e-05 1.1477e-05 1.0396e-08 8.6229e-07
2.4521e-05 0.3207 0.0015699 0.00058822 6.3264e-05 1.1711e-05 1.234e-08 9.2704e-07
2.4524e-05 0.31312 0.0015622 0.0005879 6.3416e-05 1.1929e-05 1.3156e-08 9.8605e-07
2.4532e-05 0.2854 0.0015546 0.0005876 6.358e-05 1.218e-05 1.5358e-08 9.5111e-07
2.4533e-05 0.28173 0.0015469 0.00058728 6.3729e-05 1.2405e-05 1.6364e-08 1.0753e-06
2.4527e-05 0.27766 0.0015392 0.00058694 6.3862e-05 1.2615e-05 1.6264e-08 1.1924e-06
2.4524e-05 0.27431 0.0015316 0.00058662 6.4004e-05 1.2846e-05 1.7298e-08 1.3164e-06
2.4514e-05 0.27063 0.0015239 0.00058628 6.4132e-05 1.3063e-05 1.7267e-08 1.4336e-06
2.4497e-05 0.26657 0.0015161 0.00058593 6.4245e-05 1.3267e-05 1.6172e-08 1.5443e-06
2.4484e-05 0.26322 0.0015085 0.0005856 6.4367e-05 1.3491e-05 1.6353e-08 1.5161e-06
2.4464e-05 0.25955 0.0015008 0.00058525 6.4475e-05 1.3702e-05 1.5577e-08 1.483e-06
2.4448e-05 0.2565 0.0014932 0.00058491 6.4591e-05 1.3932e-05 1.5729e-08 1.4529e-06
2.4425e-05 0.25319 0.0014856 0.00058456 6.4695e-05 1.415e-05 1.5293e-08 1.4183e-06
2.4405e-05 0.25044 0.001478 0.00058422 6.4806e-05 1.4388e-05 1.5745e-08 1.3867e-06
2.4387e-05 0.24815 0.0014705 0.0005839 6.4924e-05 1.4646e-05 1.7084e-08 1.3578e-06
2.4372e-05 0.24625 0.0014631 0.00058358 6.505e-05 1.4923e-05 1.9451e-08 1.3314e-06
2.436e-05 0.24466 0.0014558 0.00058328 6.5182e-05 1.522e-05 1.567e-08 1.3071e-06
2.435e-05 0.24334 0.0014485 0.00058298 6.5321e-05 1.5538e-05 1.3102e-08 1.2851e-06
2.4342e-05 0.24227 0.0014414 0.00058269 6.5466e-05 1.5877e-05 1.1427e-08 1.2651e-06
2.4336e-05 0.24142 0.0014342 0.00058242 6.5617e-05 1.6239e-05 1.0448e-08 1.2471e-06
2.4332e-05 0.24077 0.0014272 0.00058215 6.5775e-05 1.6625e-05 1.0052e-08 1.2309e-06
2.433e-05 0.2403 0.0014202 0.00058189 6.5939e-05 1.7035e-05 1.0197e-08 1.2166e-06
2.433e-05 0.23999 0.0014133 0.00058164 6.6109e-05 1.7469e-05 1.0839e-08 1.2038e-06
2.4325e-05 0.23962 0.0014064 0.00058139 6.6268e-05 1.7892e-05 1.0857e-08 1.1875e-06
2.4323e-05 0.23941 0.0013995 0.00058114 6.6433e-05 1.8342e-05 4.5869e-09 1.1728e-06
2.4315e-05 0.23915 0.0013926 0.00058088 6.6588e-05 1.878e-05 4.9461e-09 1.1547e-06
2.4308e-05 0.23904 0.0013858 0.00058063 6.6748e-05 1.9244e-05 5.5674e-09 1.1379e-06
2.4297e-05 0.23888 0.0013789 0.00058037 6.6897e-05 1.9696e-05 5.6442e-09 1.1176e-06
2.428e-05 0.23866 0.001372 0.00058011 6.7036e-05 2.0137e-05 5.1785e-09 1.0938e-06
2.4266e-05 0.2386 0.0013652 0.00057985 6.7181e-05 2.0606e-05 5.0197e-09 1.0717e-06
2.4247e-05 0.23849 0.0013584 0.00057958 6.7316e-05 2.1064e-05 4.3253e-09 1.046e-06
2.4229e-05 0.23583 0.0013516 0.00057933 6.7457e-05 2.155e-05 3.9065e-09 1.022e-06
2.4214e-05 0.23357 0.0013449 0.00057908 6.7604e-05 2.2066e-05 3.7116e-09 9.996e-07
2.4201e-05 0.23166 0.0013382 0.00057884 6.7757e-05 2.1956e-05 3.718e-09 9.7869e-07
2.4189e-05 0.23004 0.0013317 0.00057861 6.7917e-05 2.1861e-05 3.8872e-09 9.5897e-07
2.4172e-05 0.22832 0.001325 0.00057837 6.8065e-05 2.1757e-05 3.5493e-09 9.3579e-07
2.4158e-05 0.21948 0.0013185 0.00057814 6.822e-05 2.167e-05 3.4068e-09 9.1403e-07
2.4145e-05 0.2118 0.001312 0.00057792 6.838e-05 2.1597e-05 3.4585e-09 8.9336e-07
2.4134e-05 0.20521 0.0013056 0.00057771 6.8547e-05 2.1539e-05 3.6903e-09 8.7397e-07
2.4125e-05 0.19955 0.0012992 0.0005775 6.872e-05 2.1497e-05 4.128e-09 8.5579e-07
2.4111e-05 0.19361 0.0012928 0.00057729 6.8882e-05 2.1447e-05 4.0576e-09 8.3424e-07
2.4098e-05 0.18845 0.0012865 0.00057709 6.905e-05 2.1411e-05 4.1657e-09 8.1359e-07
2.4088e-05 0.18403 0.0012802 0.00057689 6.9225e-05 2.139e-05 4.5047e-09 7.9405e-07
2.4079e-05 0.1802 0.001274 0.0005767 6.9405e-05 2.1382e-05 5.0698e-09 7.7533e-07
2.4072e-05 0.17689 0.0012678 0.00057653 6.959e-05 2.1388e-05 5.9214e-09 7.5738e-07
2.406e-05 0.1734 0.0012617 0.00057634 6.9765e-05 2.1387e-05 6.2149e-09 7.361e-07
2.405e-05 0.16973 0.0012555 0.00057614 6.9946e-05 2.1378e-05 5.9488e-09 7.1145e-07
2.4034e-05 0.16584 0.0012492 0.00057594 7.0117e-05 2.1361e-05 5.1034e-09 6.8335e-07
2.402e-05 0.14725 0.001243 0.00057574 7.0293e-05 2.1358e-05 4.5626e-09 6.5611e-07
2.4009e-05 0.13115 0.0012369 0.00057555 7.0476e-05 2.1369e-05 4.2644e-09 6.2968e-07
2.3999e-05 0.11736 0.0012309 0.00057537 7.0665e-05 2.1396e-05 4.2185e-09 6.0421e-07
2.3991e-05 0.10543 0.0012249 0.0005752 7.0861e-05 2.1437e-05 4.3813e-09 5.7944e-07
2.3985e-05 0.095236 0.0012189 0.00057504 7.1064e-05 2.1494e-05 4.8276e-09 5.5555e-07
2.3974e-05 0.084457 0.0012129 0.00057487 7.1255e-05 2.1542e-05 4.7137e-09 5.2823e-07
2.3956e-05 0.07533 0.001207 0.00057471 7.1431e-05 2.1607e-05 4.9344e-09 5.0192e-07
2.3932e-05 0.065579 0.0012011 0.00057454 7.1594e-05 2.1667e-05 4.5535e-09 4.7199e-07
2.391e-05 0.057251 0.0011952 0.00057437 7.1765e-05 2.1742e-05 4.4679e-09 4.4284e-07
2.3882e-05 0.048624 0.0011893 0.0005742 7.1923e-05 2.1808e-05 3.79e-09 4.1012e-07
2.3849e-05 0.039404 0.0011834 0.00057402 7.2069e-05 2.1864e-05 2.4995e-09 3.7382e-07
2.3818e-05 0.031562 0.0011775 0.00057385 7.2222e-05 2.1937e-05 1.5041e-09 3.3833e-07
2.379e-05 0.024897 0.0011717 0.00057369 7.2384e-05 2.2026e-05 6.6564e-10 3.0357e-07
2.3756e-05 0.024172 0.0011658 0.00057351 7.2532e-05 2.2105e-05 1.301e-09 2.6519e-07
2.3724e-05 0.023574 0.0011601 0.00057335 7.2689e-05 2.2202e-05 2.0164e-09 2.2751e-07
2.3694e-05 0.023085 0.0011543 0.0005732 7.2854e-05 2.2316e-05 2.91e-09 1.9042e-07
2.3668e-05 0.022697 0.0011487 0.00057306 7.3028e-05 2.245e-05 4.1747e-09 1.5399e-07
2.3644e-05 0.022392 0.0011431 0.00057293 7.321e-05 2.2603e-05 5.979e-09 1.179e-07
2.3614e-05 0.022045 0.0011374 0.00057279 7.3379e-05 2.2744e-05 7.0042e-09 7.8258e-08
2.3578e-05 0.02165 0.0011318 0.00057263 7.3534e-05 2.2873e-05 7.2734e-09 8.868e-08
2.3535e-05 0.021202 0.0011261 0.00057246 7.3675e-05 2.2989e-05 6.7835e-09 9.6087e-08
2.3495e-05 0.020851 0.0011204 0.00057231 7.3825e-05 2.3125e-05 6.85e-09 1.0261e-07
2.3459e-05 0.020587 0.0011149 0.00057217 7.3985e-05 2.3283e-05 7.5039e-09 1.0833e-07
2.3426e-05 0.020403 0.0011094 0.00057204 7.4157e-05 2.2957e-05 8.9415e-09 1.1336e-07
2.3386e-05 0.020171 0.0011038 0.00057189 7.4312e-05 2.2612e-05 9.4087e-09 1.1514e-07
2.3338e-05 0.019883 0.0010983 0.00057177 7.4449e-05 2.2245e-05 8.8139e-09 1.1361e-07
2.3294e-05 0.019684 0.001093 0.00057166 7.46e-05 2.1912e-05 9.0859e-09 1.1152e-07
2.3256e-05 0.018752 0.0010877 0.00057156 7.4765e-05 2.1615e-05 1.045e-08 1.0903e-07
2.3209e-05 0.017754 0.0010823 0.00057145 7.4912e-05 2.1295e-05 1.1121e-08 1.0315e-07
2.3168e-05 0.016573 0.0010769 0.00057132 7.5075e-05 2.0934e-05 1.0671e-08 1.4764e-07
2.3119e-05 0.015216 0.0010714 0.00057118 7.5219e-05 2.0549e-05 9.0806e-09 1.8754e-07
2.3074e-05 0.014138 0.0010661 0.00057105 7.5377e-05 2.0199e-05 8.5227e-09 2.2904e-07
2.3021e-05 0.012902 0.0010606 0.0005709 7.5517e-05 1.9825e-05 6.9013e-09 2.6592e-07
2.2973e-05 0.011919 0.0010553 0.00057077 7.567e-05 1.9487e-05 6.1814e-09 3.0449e-07
2.2917e-05 0.010798 0.0010499 0.00057063 7.5806e-05 1.9126e-05 4.5004e-09 3.3849e-07
2.2865e-05 0.0099096 0.0010445 0.0005705 7.5955e-05 1.8799e-05 3.5808e-09 3.7432e-07
2.2818e-05 0.0092073 0.0010393 0.00057038 7.6117e-05 1.8505e-05 3.1857e-09 4.1223e-07
2.2775e-05 0.0083929 0.001034 0.00057025 7.6294e-05 1.8188e-05 1.9752e-09 4.4516e-07
2.2738e-05 0.0077658 0.0010288 0.00057014 7.6487e-05 1.7906e-05 1.2662e-09 4.8071e-07
2.2693e-05 0.0070394 0.0010236 0.00057004 7.6661e-05 1.7602e-05 1.9424e-09 5.1127e-07
2.2639e-05 0.0062003 0.0010184 0.00056993 7.6817e-05 1.7276e-05 1.9443e-09 5.369e-07
2.2591e-05 0.005555 0.0010133 0.00056983 7.6989e-05 1.6985e-05 2.3179e-09 5.6522e-07
2.2549e-05 0.0050604 0.0010083 0.00056976 7.7177e-05 1.6728e-05 3.2043e-09 5.9645e-07
2.2497e-05 0.0044816 0.0010032 0.00056966 7.7345e-05 1.6448e-05 3.5464e-09 6.2241e-07
2.2452e-05 0.0040378 0.00099823 0.00056959 7.753e-05 1.6202e-05 4.5157e-09 6.5139e-07
2.2411e-05 0.0036994 0.00099332 0.00056953 7.7731e-05 1.5985e-05 3.2671e-09 6.8359e-07
2.2362e-05 0.0033037 0.00098836 0.00056945 7.7913e-05 1.5749e-05 5.0585e-09 7.1052e-07
2.2318e-05 0.0029956 0.00098347 0.00056939 7.811e-05 1.5541e-05 4.3978e-09 7.4038e-07
2.2279e-05 0.0027572 0.00097866 0.00056935 7.8322e-05 1.4705e-05 4.4689e-09 7.734e-07
2.2231e-05 0.0024764 0.0009738 0.00056929 7.8515e-05 1.3824e-05 3.7012e-09 8.01e-07
2.2189e-05 0.0022631 0.00096902 0.00056925 7.8724e-05 1.302e-05 3.5921e-09 8.3222e-07
2.2139e-05 0.0020117 0.00096419 0.00056919 7.8915e-05 1.2174e-05 8.0106e-09 8.5799e-07
2.2093e-05 0.0018158 0.00095944 0.00056915 7.912e-05 1.1395e-05 8.5225e-09 8.8699e-07
2.2052e-05 0.0016668 0.00095476 0.00056912 7.9341e-05 1.0682e-05 1.0139e-08 9.1973e-07
2.2004e-05 0.0014893 0.00095003 0.00056908 7.9544e-05 1.0688e-05 1.1066e-08 9.4687e-07
2.1948e-05 0.0012851 0.00094526 0.00056903 7.973e-05 1.0683e-05 1.166e-08 9.6905e-07
2.1895e-05 0.0011164 0.00094054 0.00056898 7.9927e-05 1.069e-05 1.1921e-08 9.9347e-07
2.1844e-05 0.00097468 0.00093588 0.00056895 8.0132e-05 1.0709e-05 1.1849e-08 1.0199e-06
2.1788e-05 0.00081881 0.00093119 0.0005689 8.0325e-05 1.072e-05 1.103e-08 1.0424e-06
2.1734e-05 0.00068665 0.00092655 0.00056887 8.0527e-05 1.0743e-05 1.0907e-08 1.0668e-06
2.1675e-05 0.0005427 0.00092188 0.00056883 8.0718e-05 1.0759e-05 1.0108e-08 1.0876e-06
2.1617e-05 0.00041745 0.00091727 0.00056879 8.0915e-05 1.0784e-05 9.8561e-09 1.1098e-06
2.1554e-05 0.00028116 0.00091262 0.00056875 8.1101e-05 1.0803e-05 8.944e-09 1.1283e-06
2.1486e-05 0.00029294 0.00090795 0.00056869 8.1276e-05 1.0815e-05 7.3598e-09 1.1432e-06
2.1413e-05 0.00029925 0.00090326 0.00056863 8.1439e-05 1.0821e-05 5.0867e-09 1.1543e-06
2.1342e-05 0.00030932 0.00089862 0.00056858 8.1611e-05 1.0837e-05 3.4106e-09 1.1672e-06
2.1272e-05 0.00032334 0.00089402 0.00056853 8.1789e-05 1.0863e-05 2.1204e-09 1.1817e-06
2.1197e-05 0.00033198 0.0008894 0.00056848 8.1957e-05 1.0883e-05 2.8416e-10 1.1928e-06
2.1118e-05 0.00033525 0.00088476 0.00056841 8.2114e-05 1.0897e-05 1.5262e-10 1.2002e-06
2.1033e-05 0.00033306 0.0008801 0.00056834 8.226e-05 1.0905e-05 6.4921e-10 1.2041e-06
2.095e-05 0.00033472 0.00087548 0.00056828 8.2414e-05 1.0923e-05 1.0796e-09 1.2096e-06
2.0868e-05 0.00033969 0.0008709 0.00056822 8.2574e-05 1.0949e-05 1.466e-09 1.2165e-06
2.0788e-05 0.00034856 0.00086636 0.00056817 8.2741e-05 1.0986e-05 1.8713e-09 1.225e-06
2.071e-05 0.00036151 0.00086187 0.00056814 8.2916e-05 1.1033e-05 2.3393e-09 1.2351e-06
2.0633e-05 0.00037882 0.00085742 0.00056811 8.3098e-05 1.109e-05 2.9211e-09 1.2469e-06
2.0557e-05 0.00040086 0.00085301 0.00056809 8.3287e-05 1.1157e-05 3.6802e-09 1.2604e-06
2.0483e-05 0.00042751 0.00084864 0.00056807 8.3483e-05 1.1233e-05 4.6533e-09 1.2754e-06
2.041e-05 0.00045996 0.00084431 0.00056807 8.3686e-05 1.1321e-05 5.9866e-09 1.2921e-06
2.0339e-05 0.00049891 0.00084002 0.00056807 8.3897e-05 1.1419e-05 7.8259e-09 1.3106e-06
2.0263e-05 0.00053159 0.00083571 0.00056807 8.4097e-05 1.1511e-05 9.0437e-09 1.3255e-06
2.0181e-05 0.00055807 0.00083138 0.00056805 8.4286e-05 1.1596e-05 9.6531e-09 1.3369e-06
2.0095e-05 0.00057843 0.00082703 0.00056803 8.4464e-05 1.1676e-05 9.6609e-09 1.3447e-06
2.001e-05 0.0006046 0.00082272 0.00056802 8.4649e-05 1.1765e-05 1.0118e-08 1.354e-06
1.9927e-05 0.00063783 0.00081845 0.00056801 8.4842e-05 1.1865e-05 1.1134e-08 1.3651e-06
1.9839e-05 0.00066481 0.00081416 0.00056799 8.5024e-05 1.196e-05 1.1538e-08 1.3728e-06
1.9745e-05 0.0006854 0.00080985 0.00056797 8.5195e-05 1.2048e-05 1.1316e-08 1.3768e-06
1.9654e-05 0.00071329 0.00080558 0.00056796 8.5373e-05 1.2147e-05 1.1672e-08 1.3827e-06
1.9563e-05 0.00074827 0.00080134 0.00056795 8.5559e-05 1.2256e-05 1.2571e-08 1.3902e-06
1.9468e-05 0.00077674 0.00079709 0.00056793 8.5733e-05 1.236e-05 1.2844e-08 1.3941e-06
1.9367e-05 0.00079858 0.00079281 0.00056791 8.5897e-05 1.2457e-05 1.2476e-08 1.3945e-06
1.9262e-05 0.00081383 0.00078852 0.00056788 8.605e-05 1.2547e-05 1.1464e-08 1.3912e-06
1.9158e-05 0.00083616 0.00078426 0.00056785 8.621e-05 1.2648e-05 1.0998e-08 1.3895e-06
1.9055e-05 0.00086686 0.00078004 0.00056783 8.6377e-05 1.2761e-05 1.1097e-08 1.3897e-06
1.8948e-05 0.00089089 0.00077581 0.00056781 8.6534e-05 1.2868e-05 1.059e-08 1.3864e-06
1.8841e-05 0.00092285 0.00077154 0.00056777 8.6698e-05 1.2985e-05 1.06e-08 1.3846e-06
1.8736e-05 0.00096427 0.00076732 0.00056774 8.6869e-05 1.3115e-05 1.1162e-08 1.3847e-06
1.8626e-05 0.00099845 0.00076308 0.00056771 8.7029e-05 1.3239e-05 1.1104e-08 1.3812e-06
1.8517e-05 0.0010417 0.00075888 0.00056768 8.7196e-05 1.3373e-05 1.1549e-08 1.3792e-06
1.841e-05 0.0010959 0.00075471 0.00056766 8.737e-05 1.3521e-05 1.2613e-08 1.3791e-06
1.8297e-05 0.0011423 0.00075052 0.00056763 8.7534e-05 1.3662e-05 1.303e-08 1.3754e-06
1.8186e-05 0.0012004 0.00074637 0.00056761 8.7705e-05 1.3816e-05 1.412e-08 1.3735e-06
1.807e-05 0.0012508 0.00074221 0.00056758 8.7866e-05 1.3963e-05 1.4563e-08 1.3682e-06
1.7949e-05 0.0012932 0.00073802 0.00056754 8.8016e-05 1.4103e-05 1.4346e-08 1.3592e-06
1.783e-05 0.0013478 0.00073387 0.00056751 8.8174e-05 1.4257e-05 1.482e-08 1.3521e-06
1.7711e-05 0.0014145 0.00072976 0.00056749 8.8339e-05 1.4424e-05 1.5958e-08 1.3465e-06
1.7588e-05 0.0014727 0.00072562 0.00056746 8.8492e-05 1.4583e-05 1.6411e-08 1.3373e-06
1.7466e-05 0.001545 0.00072153 0.00056744 8.8654e-05 1.4756e-05 1.7661e-08 1.3299e-06
1.7339e-05 0.0016085 0.00071741 0.00056741 8.8805e-05 1.4922e-05 1.8206e-08 1.319e-06
1.7213e-05 0.0016858 0.00071333 0.00056738 8.8962e-05 1.5101e-05 1.9526e-08 1.3095e-06
1.7082e-05 0.0017539 0.00070923 0.00056735 8.9109e-05 1.5273e-05 2.0121e-08 1.2965e-06
1.6952e-05 0.0018383 0.00070516 0.00056733 8.9263e-05 1.546e-05 2.1647e-08 1.2852e-06
1.6824e-05 0.0019392 0.00070113 0.00056731 8.9424e-05 1.5661e-05 2.416e-08 1.2754e-06
1.6696e-05 0.0020586 0.00069714 0.00056731 8.9593e-05 1.5877e-05 2.7902e-08 1.2671e-06
1.657e-05 0.0022008 0.00069318 0.00056731 8.9769e-05 1.6109e-05 3.34e-08 1.2605e-06
1.6444e-05 0.0023692 0.0006892 0.0005673 8.9953e-05 1.6359e-05 3.3915e-08 1.2556e-06
1.632e-05 0.0023134 0.00068525 0.0005673 9.0145e-05 1.6626e-05 3.5613e-08 1.2521e-06
1.6197e-05 0.0022739 0.00068134 0.00056731 9.0345e-05 1.6911e-05 3.8792e-08 1.2504e-06
1.6075e-05 0.0022497 0.00067747 0.00056732 9.0553e-05 1.7216e-05 4.3805e-08 1.2503e-06
1.5954e-05 0.0022391 0.00067363 0.00056735 9.0768e-05 1.754e-05 3.9416e-08 1.2516e-06
1.5828e-05 0.0022199 0.00066977 0.00056736 9.0973e-05 1.7855e-05 3.3983e-08 1.2495e-06
1.5703e-05 0.0022139 0.00066594 0.00056739 9.1184e-05 1.819e-05 3.0244e-08 1.2487e-06
1.5578e-05 0.0022212 0.00066215 0.00056742 9.1403e-05 1.8545e-05 2.7844e-08 1.2493e-06
1.5449e-05 0.0022196 0.00065833 0.00056744 9.1611e-05 1.8889e-05 2.4566e-08 1.2464e-06
1.5315e-05 0.0022092 0.0006545 0.00056746 9.1808e-05 1.9225e-05 2.0372e-08 1.2399e-06
1.5182e-05 0.0022133 0.0006507 0.00056748 9.2013e-05 1.9582e-05 1.7532e-08 1.2351e-06
1.505e-05 0.002232 0.00064693 0.00056751 9.2226e-05 1.9963e-05 1.5733e-08 1.2319e-06
1.4919e-05 0.0022644 0.0006432 0.00056755 9.2447e-05 2.0366e-05 1.47e-08 1.2302e-06
1.4783e-05 0.0022876 0.00063945 0.00056758 9.2657e-05 2.0759e-05 1.2954e-08 1.2248e-06
1.4648e-05 0.0023266 0.00063573 0.00056762 9.2875e-05 2.1177e-05 1.1982e-08 1.2212e-06
1.4508e-05 0.002356 0.00063199 0.00056765 9.3082e-05 2.1584e-05 1.0322e-08 1.214e-06
1.4363e-05 0.0023752 0.00062824 0.00056767 9.3277e-05 2.198e-05 7.8945e-09 1.2029e-06
1.422e-05 0.0024106 0.00062451 0.0005677 9.3481e-05 2.2401e-05 6.2138e-09 1.1937e-06
1.4078e-05 0.0022373 0.00062083 0.00056774 9.3696e-05 2.2274e-05 5.1902e-09 1.1887e-06
1.3931e-05 0.0020457 0.00061712 0.00056777 9.3898e-05 2.2136e-05 3.46e-09 1.1794e-06
1.3777e-05 0.001833 0.00061339 0.00056779 9.4085e-05 2.1987e-05 9.2669e-10 1.1657e-06
1.3618e-05 0.0015958 0.00060962 0.00056779 9.4258e-05 2.1826e-05 9.1878e-10 1.1474e-06
1.3461e-05 0.0013987 0.0006059 0.00056781 9.4442e-05 2.1684e-05 9.0145e-10 1.1316e-06
1.3297e-05 0.0011783 0.00060214 0.00056781 9.461e-05 2.153e-05 3.8667e-10 1.1112e-06
1.3128e-05 0.00093072 0.00059836 0.0005678 9.4763e-05 2.1362e-05 8.4658e-10 1.086e-06
1.296e-05 0.00072729 0.00059461 0.00056781 9.4929e-05 2.1216e-05 1.3426e-09 1.0636e-06
1.2786e-05 0.00073975 0.00059084 0.0005678 9.5078e-05 2.1055e-05 6.901e-09 1.0362e-06
1.2616e-05 0.0007641 0.00058712 0.0005678 9.5243e-05 2.0918e-05 1.5167e-08 1.0122e-06
1.2448e-05 0.00080116 0.00058344 0.00056782 9.5423e-05 2.0805e-05 1.6285e-08 9.9128e-07
1.2283e-05 0.00085231 0.00057982 0.00056785 9.5618e-05 2.0715e-05 1.2491e-08 9.7345e-07
1.212e-05 0.00080097 0.00057625 0.0005679 9.5828e-05 2.0647e-05 1.0193e-08 9.5854e-07
1.1951e-05 0.00073762 0.00057265 0.00056794 9.6021e-05 2.0565e-05 6.824e-09 9.3878e-07
1.1785e-05 0.00068782 0.00056909 0.00056799 9.6228e-05 2.0503e-05 4.5307e-09 9.2143e-07
1.162e-05 0.00064959 0.00056557 0.00056805 9.6448e-05 2.046e-05 2.9253e-09 9.0639e-07
1.1458e-05 0.00062149 0.0005621 0.00056812 9.6682e-05 2.0437e-05 1.7543e-09 8.9357e-07
1.1297e-05 0.00060255 0.00055867 0.00056821 9.693e-05 2.0432e-05 8.4307e-10 8.8294e-07
1.1131e-05 0.00057459 0.00055521 0.00056828 9.7161e-05 2.0415e-05 1.5206e-09 8.6772e-07
1.0966e-05 0.00055552 0.00055179 0.00056837 9.7405e-05 2.0417e-05 1.8633e-09 8.5469e-07
1.0804e-05 0.00054467 0.00054841 0.00056847 9.7664e-05 2.0438e-05 1.8711e-09 8.4381e-07
1.0635e-05 0.00052796 0.00054501 0.00056856 9.7905e-05 2.0445e-05 1.544e-09 8.2821e-07
1.0468e-05 0.00051917 0.00054164 0.00056865 9.8161e-05 2.0472e-05 1.3441e-09 8.1475e-07
1.0303e-05 0.00051801 0.00053832 0.00056877 9.843e-05 2.0519e-05 1.2285e-09 8.0335e-07
1.014e-05 0.00052461 0.00053504 0.00056889 9.8714e-05 2.0585e-05 1.1774e-09 7.9398e-07
9.9789e-06 0.00054035 0.00053181 0.00056903 9.9015e-05 2.0674e-05 1.2224e-09 7.8696e-07
9.8117e-06 0.00054673 0.00052854 0.00056916 9.9297e-05 2.0748e-05 7.0941e-10 7.7522e-07
9.647e-06 0.00056312 0.00052532 0.0005693 9.9596e-05 2.0846e-05 2.8157e-10 7.6599e-07
9.4754e-06 0.00056918 0.00052206 0.00056943 9.9876e-05 2.0927e-05 5.584e-10 7.518e-07
9.3067e-06 0.00058636 0.00051885 0.00056957 0.00010017 2.1034e-05 8.5682e-10 7.4033e-07
9.1405e-06 0.00056822 0.00051569 0.00056973 0.00010049 2.0964e-05 1.283e-09 6.8971e-07
8.9767e-06 0.00056063 0.00051258 0.0005699 0.00010082 2.0917e-05 1.9051e-09 6.4272e-07
8.8151e-06 0.00056317 0.00050952 0.00057009 0.00010117 2.0893e-05 2.8854e-09 5.9907e-07
8.6454e-06 0.00048313 0.0005065 0.0005703 0.0001015 2.0899e-05 4.6944e-09 5.5988e-07
8.4779e-06 0.00042012 0.00050352 0.00057052 0.00010184 2.0928e-05 6.1697e-09 5.234e-07
8.3125e-06 0.00037076 0.00050059 0.00057076 0.0001022 2.0979e-05 7.3115e-09 4.8936e-07
8.1493e-06 0.00033248 0.00049771 0.00057101 0.00010258 2.0593e-05 8.1197e-09 4.5755e-07
7.9879e-06 0.00030317 0.00049486 0.00057128 0.00010297 2.0241e-05 5.6637e-09 4.2769e-07
7.8287e-06 0.00028184 0.00049207 0.00057157 0.00010339 1.9924e-05 4.224e-09 3.9975e-07
7.671e-06 0.00026648 0.00048931 0.00057187 0.00010382 1.9635e-05 3.3383e-09 3.7319e-07
7.515e-06 0.00025696 0.00048659 0.00057218 0.00010426 1.9376e-05 2.8594e-09 3.4808e-07
7.3608e-06 0.00025277 0.00048391 0.00057251 0.00010473 1.9144e-05 2.6739e-09 3.2424e-07
7.2081e-06 0.00025376 0.00048128 0.00057286 0.00010521 1.8938e-05 2.7454e-09 3.0149e-07
7.057e-06 0.00026006 0.00047868 0.00057322 0.00010571 1.8756e-05 3.1037e-09 2.7972e-07
6.8998e-06 0.00025911 0.00047605 0.00057356 0.0001062 1.8559e-05 2.8205e-09 2.5399e-07
6.7441e-06 0.00026364 0.00047346 0.00057392 0.0001067 1.8386e-05 2.8366e-09 2.2919e-07
6.5825e-06 0.00026096 0.00047084 0.00057427 0.00010718 1.8198e-05 7.5185e-09 2.0051e-07
6.4224e-06 0.00026395 0.00046826 0.00057463 0.00010768 1.8034e-05 1.4721e-08 1.7272e-07
6.2635e-06 0.00027223 0.00046572 0.00057501 0.0001082 1.7892e-05 2.5737e-08 1.4546e-07
6.0986e-06 0.00027294 0.00046314 0.00057537 0.0001087 1.7736e-05 3.4176e-08 1.1437e-07
5.9353e-06 0.00028009 0.00046061 0.00057575 0.00010922 1.7603e-05 3.4635e-08 8.4054e-08
5.7737e-06 0.00029422 0.00045812 0.00057614 0.00010976 1.7493e-05 3.7309e-08 5.4329e-08
5.6059e-06 0.00030001 0.00045559 0.00057652 0.00011028 1.7368e-05 3.8353e-08 2.0803e-08
5.4316e-06 0.00029696 0.00045303 0.00057688 0.00011078 1.7226e-05 6.048e-08 1.8861e-08
5.6561e-06 0.00028495 0.00045043 0.00057723 0.00011119 1.7066e-05 7.7202e-08 3.9102e-08
5.8829e-06 0.00027966 0.00044788 0.00057759 0.00011161 1.6299e-05 8.0069e-08 5.8934e-08
6.1123e-06 0.00028113 0.00044536 0.00057797 0.00011206 1.5595e-05 8.6756e-08 7.8569e-08
6.3439e-06 0.00028842 0.00044288 0.00057836 0.00011253 1.4944e-05 8.3635e-08 9.7934e-08
6.578e-06 0.00030202 0.00044044 0.00057877 0.00011301 1.4345e-05 8.3416e-08 1.1722e-07
6.8146e-06 0.00032216 0.00043804 0.00057919 0.00011352 1.3792e-05 8.5818e-08 1.3648e-07
7.0535e-06 0.00034948 0.00043567 0.00057963 0.00011404 1.3281e-05 9.1158e-08 1.5578e-07
7.2945e-06 0.00038412 0.00043334 0.00058009 0.00011458 1.2806e-05 8.6086e-08 1.7504e-07
7.5379e-06 0.00042793 0.00043104 0.00058056 0.00011514 1.2366e-05 8.3801e-08 1.9447e-07
7.7836e-06 0.00048247 0.00042877 0.00058104 0.00011571 1.1959e-05 8.3957e-08 2.1415e-07
8.0231e-06 0.00052753 0.00042648 0.00058151 0.00011627 1.1534e-05 8.2668e-08 2.3029e-07
8.265e-06 0.00058408 0.00042422 0.00058199 0.00011685 1.114e-05 8.3768e-08 2.4668e-07
8.5093e-06 0.00054977 0.00042199 0.00058249 0.00011744 1.0775e-05 8.7552e-08 2.6343e-07
8.7556e-06 0.00052393 0.00041978 0.000583 0.00011806 1.0434e-05 9.4516e-08 2.8038e-07
8.9957e-06 0.0004896 0.00041756 0.00058349 0.00011865 1.0079e-05 9.9431e-08 2.9374e-07
9.2383e-06 0.00046412 0.00041536 0.000584 0.00011926 9.7494e-06 9.2341e-08 3.0753e-07
9.4747e-06 0.00043038 0.00041314 0.0005845 0.00011985 9.4053e-06 8.3186e-08 3.1772e-07
9.7131e-06 0.00040413 0.00041094 0.00058501 0.00012046 9.0842e-06 7.7494e-08 3.2817e-07
9.9454e-06 0.00037004 0.00040872 0.00058551 0.00012106 8.7494e-06 6.9999e-08 3.3506e-07
1.018e-05 0.00034385 0.00040653 0.00058602 0.00012167 8.4392e-06 3.4211e-08 3.4246e-07
1.0409e-05 0.00030969 0.00040432 0.00058651 0.00012226 8.1146e-06 3.1592e-08 3.462e-07
1.064e-05 0.00028213 0.00040213 0.00058702 0.00012287 7.8119e-06 3.0556e-08 3.5026e-07
1.0864e-05 0.00024685 0.00039991 0.00058752 0.00012346 7.4952e-06 2.8328e-08 3.5066e-07
1.1082e-05 0.00020345 0.00039767 0.000588 0.00012404 7.1642e-06 2.483e-08 3.474e-07
1.1294e-05 0.00024524 0.0003954 0.00058847 0.0001246 6.8179e-06 1.9884e-08 3.4043e-07
1.1509e-05 0.00029555 0.00039317 0.00058896 0.00012517 6.4967e-06 1.6918e-08 3.3404e-07
1.1726e-05 0.00035532 0.00039096 0.00058945 0.00012576 6.1974e-06 1.5215e-08 3.2801e-07
1.1934e-05 0.00042802 0.00038878 0.00058996 0.00012633 5.9205e-06 1.4605e-08 3.2255e-07
1.2145e-05 0.00051524 0.00038663 0.00059049 0.00012691 5.6629e-06 1.3663e-08 3.1743e-07
1.235e-05 0.00059011 0.00038446 0.000591 0.00012748 5.3919e-06 1.2387e-08 3.0858e-07
1.2557e-05 0.00068277 0.00038232 0.00059153 0.00012807 5.1416e-06 1.0778e-08 3.0031e-07
1.2768e-05 0.00079758 0.0003802 0.00059207 0.00012867 4.9108e-06 1.0087e-08 2.926e-07
1.2983e-05 0.00094042 0.00037813 0.00059263 0.0001293 4.6986e-06 1.0179e-08 2.8548e-07
1.319e-05 0.0010634 0.00037602 0.00059317 0.00012991 4.4732e-06 1.9763e-08 2.7448e-07
1.3401e-05 0.00106 0.00037394 0.00059373 0.00013054 4.2668e-06 3.5075e-08 2.6417e-07
1.3616e-05 0.0010717 0.0003719 0.0005943 0.00013119 4.078e-06 5.9348e-08 2.545e-07
1.3823e-05 0.0010713 0.00036984 0.00059486 0.00013183 3.8773e-06 2.6277e-07 2.4104e-07
1.4035e-05 0.0010848 0.0003678 0.00059544 0.00013248 3.6922e-06 3.1843e-07 2.2796e-07
1.4239e-05 0.0010864 0.00036573 0.000596 0.00013311 3.4956e-06 3.6351e-07 2.1113e-07
1.4446e-05 0.0011017 0.00036369 0.00059658 0.00013377 3.3139e-06 4.327e-07 1.9462e-07
1.4646e-05 0.0011047 0.00036163 0.00059714 0.0001344 3.1205e-06 4.886e-07 1.7431e-07
1.4851e-05 0.0011231 0.00035959 0.00059771 0.00013506 2.9428e-06 5.7709e-07 1.5448e-07
1.5048e-05 0.0011335 0.00035753 0.00059828 0.00013569 2.7533e-06 6.4929e-07 1.9458e-07
1.5248e-05 0.0011586 0.0003555 0.00059885 0.00013635 2.5778e-06 7.592e-07 2.3613e-07
1.5453e-05 0.0012005 0.0003535 0.00059945 0.00013703 2.4161e-06 7.8588e-07 2.7959e-07
1.5661e-05 0.001259 0.00035153 0.00060006 0.00013773 2.2657e-06 8.2859e-07 3.2478e-07
1.5872e-05 0.0013362 0.00034959 0.00060068 0.00013845 2.1256e-06 8.307e-07 3.7184e-07
1.6086e-05 0.0014339 0.00034767 0.00060132 0.00013919 1.9944e-06 8.4138e-07 4.208e-07
1.6293e-05 0.0015175 0.00034573 0.00060195 0.00013991 1.856e-06 8.48e-07 4.655e-07
1.6504e-05 0.001622 0.00034381 0.00060258 0.00014065 1.7257e-06 8.1713e-07 5.12e-07
1.6717e-05 0.0017522 0.00034192 0.00060324 0.00014141 1.6035e-06 7.9825e-07 5.6065e-07
1.6925e-05 0.001867 0.00034 0.00060387 0.00014215 1.4748e-06 7.7499e-07 6.0513e-07
1.7134e-05 0.0020062 0.00033811 0.00060452 0.00014291 1.3528e-06 7.61e-07 6.5137e-07
1.7347e-05 0.0021765 0.00033624 0.00060519 0.00014369 1.2375e-06 6.7475e-07 6.9983e-07
1.7562e-05 0.0023798 0.00033438 0.00060586 0.00014449 1.1277e-06 6.1264e-07 7.5027e-07
1.7771e-05 0.0025647 0.00033251 0.00060652 0.00014527 1.0126e-06 5.4267e-07 7.9668e-07
1.7982e-05 0.0027849 0.00033066 0.0006072 0.00014606 9.0263e-07 4.9234e-07 8.4509e-07
1.8188e-05 0.0029847 0.00033619 0.00060779 0.00014684 9.6395e-07 4.3511e-07 8.8935e-07
1.8396e-05 0.0032245 0.00034176 0.0006084 0.00014764 1.0284e-06 3.7761e-07 9.3583e-07
1.8599e-05 0.0034459 0.00034731 0.00060899 0.00014842 1.0888e-06 3.1984e-07 9.7853e-07
1.8796e-05 0.0036505 0.00035284 0.00060958 0.00014919 1.1451e-06 2.6178e-07 1.0175e-06
1.8996e-05 0.0038906 0.00035841 0.00061017 0.00014998 1.204e-06 2.1934e-07 1.0582e-06
1.919e-05 0.0041139 0.00036396 0.00061076 0.00015075 1.2589e-06 1.7191e-07 1.0952e-06
1.9379e-05 0.0043206 0.00036948 0.00061134 0.00015151 1.3099e-06 1.1873e-07 1.1287e-06
1.957e-05 0.0045663 0.00037505 0.00061192 0.00015228 1.3637e-06 8.0503e-08 1.164e-06
1.9763e-05 0.0048566 0.00038066 0.00061252 0.00015307 1.4204e-06 5.2988e-08 1.2013e-06
1.9958e-05 0.0051982 0.00038632 0.00061313 0.00015388 1.4802e-06 3.3143e-08 1.2407e-06
2.0155e-05 0.005594 0.00039202 0.00061374 0.0001547 1.5428e-06 1.8421e-08 1.282e-06
2.0353e-05 0.0060521 0.00039775 0.00061437 0.00015553 1.6084e-06 7.429e-09 1.3252e-06
2.0547e-05 0.0064827 0.00040347 0.00061498 0.00015635 1.6699e-06 7.2707e-09 1.3647e-06
2.0733e-05 0.006987 0.00040922 0.00061561 0.00015715 1.735e-06 7.5149e-09 1.4066e-06
2.0922e-05 0.0075763 0.00041503 0.00061624 0.00015797 1.8037e-06 8.187e-09 1.4509e-06
2.1106e-05 0.0081338 0.00042081 0.00061687 0.00015877 1.8683e-06 8.2864e-09 1.4915e-06
2.1291e-05 0.0087775 0.00042664 0.0006175 0.00015959 1.9364e-06 8.7827e-09 1.5343e-06
2.1479e-05 0.0095198 0.0004325 0.00061814 0.00016042 2.0079e-06 9.7232e-09 1.5795e-06
2.1661e-05 0.010222 0.00043835 0.00061878 0.00016124 2.0752e-06 1.0052e-08 1.6207e-06
2.1844e-05 0.011031 0.00044423 0.00061942 0.00016208 2.1462e-06 1.0865e-08 1.6644e-06
2.2023e-05 0.011798 0.0004501 0.00062005 0.0001629 2.2129e-06 1.1068e-08 1.7042e-06
2.2197e-05 0.012524 0.00045594 0.00062068 0.00016371 2.2753e-06 1.0647e-08 1.7402e-06
2.2372e-05 0.013362 0.00046183 0.00062131 0.00016453 2.3415e-06 1.0721e-08 1.7786e-06
2.2543e-05 0.014156 0.00046776 0.00062196 0.00016534 2.4034e-06 1.0113e-08 1.8132e-06
2.2708e-05 0.014905 0.00047367 0.00062259 0.00016614 2.4609e-06 8.8685e-09 1.8438e-06
2.2876e-05 0.015783 0.00047963 0.00062324 0.00016696 2.5228e-06 8.1745e-09 1.8774e-06
2.3046e-05 0.01681 0.00048563 0.00062389 0.00016779 2.5892e-06 7.9515e-09 1.9139e-06
2.3218e-05 0.01801 0.00049169 0.00062456 0.00016863 2.6605e-06 8.1776e-09 1.9535e-06
2.3385e-05 0.019146 0.00049772 0.00062521 0.00016947 2.7272e-06 7.8121e-09 1.9891e-06
2.3554e-05 0.020465 0.0005038 0.00062588 0.00017032 2.7985e-06 7.8571e-09 2.0276e-06
2.3726e-05 0.022001 0.00050992 0.00062655 0.00017119 2.8751e-06 8.3322e-09 2.0694e-06
2.39e-05 0.023825 0.00051611 0.00062724 0.00017207 2.958e-06 9.3954e-09 2.1153e-06
2.4079e-05 0.025989 0.00052236 0.00062794 0.00017298 3.0478e-06 6.1775e-09 2.1654e-06
2.4261e-05 0.028609 0.00052867 0.00062866 0.00017391 3.146e-06 3.9925e-09 2.0537e-06
2.4436e-05 0.031016 0.00053494 0.00062936 0.00017483 3.2371e-06 9.5988e-10 1.9357e-06
2.4605e-05 0.033214 0.00054118 0.00063005 0.00017572 3.3207e-06 8.3195e-10 1.8107e-06
2.4777e-05 0.035856 0.00054748 0.00063075 0.00017664 3.4125e-06 6.88e-10 1.6931e-06
2.4954e-05 0.039046 0.00055384 0.00063147 0.00017758 3.5129e-06 5.0494e-10 1.5826e-06
2.5136e-05 0.042985 0.00056029 0.0006322 0.00017855 3.6238e-06 2.7627e-10 1.4798e-06
2.5309e-05 0.046513 0.00056668 0.00063292 0.00017949 3.7255e-06 7.9539e-10 1.3695e-06
2.5488e-05 0.05085 0.00057315 0.00063365 0.00018046 3.8378e-06 1.403e-09 1.2666e-06
2.5672e-05 0.056311 0.0005797 0.00063441 0.00018146 3.9628e-06 4.8388e-10 1.1714e-06
2.5864e-05 0.060638 0.0005862 0.00063514 0.0001825 4.0544e-06 5.7617e-10 1.2123e-06
2.6061e-05 0.064297 0.00059278 0.00063589 0.00018357 4.1253e-06 6.822e-10 1.2414e-06
2.6264e-05 0.068841 0.00059944 0.00063666 0.00018467 4.2068e-06 7.9996e-10 1.2747e-06
2.6473e-05 0.074372 0.00060618 0.00063745 0.0001858 4.2984e-06 9.2623e-10 1.3119e-06
2.6686e-05 0.081095 0.000613 0.00063825 0.00018696 4.4004e-06 1.0889e-09 1.3532e-06
2.6892e-05 0.087176 0.00061977 0.00063904 0.0001881 4.4932e-06 7.0846e-10 1.3886e-06
2.7102e-05 0.094543 0.00062662 0.00063984 0.00018926 4.5965e-06 3.953e-10 1.4281e-06
2.7305e-05 0.10127 0.00063341 0.00064063 0.0001904 4.6909e-06 1.0371e-09 1.4621e-06
2.7513e-05 0.10933 0.00064029 0.00064143 0.00019157 4.7958e-06 1.8275e-09 1.5e-06
2.7726e-05 0.11899 0.00064724 0.00064225 0.00019277 4.9115e-06 2.9258e-09 1.542e-06
2.7931e-05 0.12789 0.00065415 0.00064305 0.00019394 5.0184e-06 3.522e-09 1.5786e-06
2.8129e-05 0.13612 0.00066101 0.00064384 0.00019509 5.1165e-06 3.446e-09 1.6096e-06
2.8332e-05 0.14597 0.00066795 0.00064464 0.00019627 5.2259e-06 3.7424e-09 1.6449e-06
2.8527e-05 0.15513 0.00067484 0.00064543 0.00019743 5.3266e-06 3.3725e-09 1.6748e-06
2.8728e-05 0.16604 0.00068182 0.00064624 0.00019862 5.4388e-06 3.3628e-09 1.7091e-06
2.8934e-05 0.16855 0.00068887 0.00064706 0.00019983 5.5634e-06 3.7128e-09 1.7487e-06
2.9133e-05 0.17088 0.00069589 0.00064787 0.00020103 5.6793e-06 3.4223e-09 1.7831e-06
2.9325e-05 0.17304 0.00070286 0.00064867 0.0002022 5.7866e-06 2.4674e-09 1.812e-06
2.9522e-05 0.17563 0.00070991 0.00064948 0.00020341 5.9056e-06 1.8467e-09 1.8454e-06
2.9724e-05 0.17874 0.00071704 0.0006503 0.00020464 6.037e-06 1.4211e-09 1.8832e-06
2.993e-05 0.1824 0.00072424 0.00065114 0.0002059 6.1805e-06 1.074e-09 1.9253e-06
3.0142e-05 0.18306 0.00073152 0.000652 0.00020719 6.3379e-06 7.7706e-10 1.9725e-06
3.0359e-05 0.18232 0.00073889 0.00065287 0.00020851 6.5102e-06 4.7669e-10 2.0248e-06
3.0582e-05 0.18178 0.00074634 0.00065376 0.00020986 6.6982e-06 1.1859e-10 2.0827e-06
3.0797e-05 0.18115 0.00075374 0.00065463 0.00021119 6.8755e-06 1.9529e-10 2.1346e-06
3.1005e-05 0.18045 0.00076111 0.00065549 0.0002125 7.0425e-06 1.2106e-09 2.1807e-06
3.1218e-05 0.17991 0.00076854 0.00065636 0.00021383 7.2234e-06 2.4632e-09 2.2315e-06
3.1421e-05 0.17642 0.00077606 0.00065725 0.00021513 7.4214e-06 4.2463e-09 2.2883e-06
3.1618e-05 0.17272 0.00078354 0.00065813 0.00021642 7.6108e-06 5.3496e-09 2.3401e-06
3.1809e-05 0.16882 0.000791 0.00065899 0.00021769 7.7923e-06 5.8417e-09 2.3872e-06
3.1995e-05 0.1647 0.00079842 0.00065985 0.00021894 7.9663e-06 5.7407e-09 2.4298e-06
3.2184e-05 0.16117 0.00080591 0.00066072 0.00022022 8.1529e-06 5.9991e-09 2.4764e-06
3.2367e-05 0.15747 0.00081338 0.00066158 0.00022148 8.3325e-06 5.6975e-09 2.5187e-06
3.2554e-05 0.1543 0.00082091 0.00066245 0.00022277 8.5249e-06 5.7363e-09 2.565e-06
3.2736e-05 0.15095 0.00082841 0.00066331 0.00022404 8.71e-06 5.2149e-09 2.607e-06
3.2921e-05 0.1481 0.00083598 0.00066418 0.00022533 8.9081e-06 5.0091e-09 2.6529e-06
3.3109e-05 0.13411 0.00084361 0.00066506 0.00022664 9.1199e-06 5.0925e-09 2.7031e-06
3.33e-05 0.12194 0.00085131 0.00066595 0.00022798 9.3447e-06 5.427e-09 2.7571e-06
3.3494e-05 0.11137 0.00085907 0.00066686 0.00022934 9.583e-06 6.0487e-09 2.815e-06
3.3693e-05 0.10025 0.0008668 0.00066775 0.00023072 9.8136e-06 6.1047e-09 2.8685e-06
3.3886e-05 0.088559 0.0008745 0.00066863 0.00023209 1.0036e-05 5.5992e-09 2.9175e-06
3.4073e-05 0.076259 0.00088218 0.00066951 0.00023345 1.0252e-05 4.5262e-09 2.9621e-06
3.4264e-05 0.065686 0.00088992 0.00067039 0.00023482 1.0482e-05 3.7825e-09 3.0111e-06
3.445e-05 0.064666 0.00089764 0.00067127 0.00023619 1.0704e-05 2.5044e-09 3.0558e-06
3.4639e-05 0.063813 0.00090543 0.00067216 0.00023757 1.0942e-05 1.4754e-09 3.1049e-06
3.4832e-05 0.059286 0.00091328 0.00067306 0.00023899 1.1195e-05 5.7578e-10 3.1587e-06
3.5019e-05 0.054522 0.00092111 0.00067395 0.00024038 1.1441e-05 1.1476e-09 3.2079e-06
3.521e-05 0.050427 0.000929 0.00067485 0.0002418 1.1702e-05 1.7345e-09 3.2619e-06
3.5395e-05 0.04613 0.00093687 0.00067574 0.00024321 1.1956e-05 1.8711e-09 3.3114e-06
3.5584e-05 0.042434 0.00094481 0.00067664 0.00024464 1.2227e-05 2.0482e-09 3.3657e-06
3.5776e-05 0.03922 0.00095281 0.00067755 0.00024609 1.2513e-05 2.2554e-09 3.4243e-06
3.5972e-05 0.036456 0.00096088 0.00067848 0.00024757 1.2818e-05 2.5428e-09 3.4879e-06
3.6171e-05 0.03408 0.00096901 0.00067941 0.00024907 1.3142e-05 2.9418e-09 3.5567e-06
3.6374e-05 0.032038 0.00097722 0.00068035 0.0002506 1.3485e-05 3.4965e-09 3.6308e-06
3.6571e-05 0.029888 0.0009854 0.00068129 0.00025211 1.3819e-05 3.5522e-09 3.7003e-06
3.6772e-05 0.02804 0.00099364 0.00068224 0.00025364 1.4174e-05 3.7869e-09 3.7752e-06
3.6977e-05 0.026455 0.001002 0.00068319 0.0002552 1.4551e-05 4.2272e-09 3.8558e-06
3.7176e-05 0.024783 0.0010103 0.00068414 0.00025675 1.4918e-05 4.1527e-09 3.9317e-06
3.7378e-05 0.023333 0.0010186 0.0006851 0.00025832 1.5305e-05 4.2606e-09 4.0128e-06
3.7585e-05 0.022091 0.001027 0.00068607 0.00025992 1.5717e-05 4.6081e-09 4.1001e-06
3.7785e-05 0.020782 0.0010354 0.00068703 0.0002615 1.6118e-05 4.4329e-09 4.1825e-06
3.7981e-05 0.019398 0.0010438 0.00068798 0.00026306 1.6509e-05 3.7257e-09 4.26e-06
3.817e-05 0.017931 0.0010522 0.00068892 0.00026461 1.6888e-05 2.4628e-09 4.3323e-06
3.8354e-05 0.016366 0.0010605 0.00068986 0.00026615 1.7257e-05 5.9642e-10 4.3993e-06
3.8531e-05 0.01468 0.0010688 0.00069078 0.00026766 1.7612e-05 6.418e-10 4.4604e-06
3.8714e-05 0.013281 0.0010772 0.00069171 0.00026921 1.7995e-05 6.173e-10 4.5291e-06
3.889e-05 0.011816 0.0010855 0.00069263 0.00027073 1.8363e-05 2.6261e-09 4.5912e-06
3.907e-05 0.010594 0.0010939 0.00069357 0.00027228 1.8759e-05 5.2471e-09 4.6609e-06
3.9256e-05 0.0095729 0.0011024 0.00069452 0.00027387 1.9184e-05 4.5312e-09 4.7383e-06
3.9447e-05 0.0087192 0.001111 0.00069548 0.00027549 1.9641e-05 4.1531e-09 4.824e-06
3.9644e-05 0.0080154 0.0011197 0.00069647 0.00027715 2.0134e-05 4.1487e-09 4.919e-06
3.9847e-05 0.0074348 0.0011284 0.00069746 0.00027884 2.0666e-05 4.5117e-09 5.0239e-06
4.0042e-05 0.0067988 0.0011372 0.00069844 0.00028051 2.1177e-05 4.2291e-09 5.1211e-06
4.0243e-05 0.0062673 0.001146 0.00069944 0.00028221 2.1725e-05 4.2824e-09 5.2276e-06
4.0436e-05 0.0056854 0.0011548 0.00070042 0.00028389 2.2253e-05 3.6921e-09 5.3263e-06
4.0622e-05 0.0050458 0.0011635 0.00070139 0.00028555 2.2759e-05 2.4248e-09 5.4172e-06
4.0814e-05 0.0045183 0.0011723 0.00070238 0.00028724 2.3306e-05 1.5298e-09 5.5182e-06
4.0998e-05 0.0039286 0.0011811 0.00070335 0.00028891 2.3828e-05 2.8202e-09 5.6102e-06
4.1173e-05 0.0032661 0.0011898 0.00070431 0.00029054 2.4325e-05 3.4002e-09 5.6932e-06
4.1356e-05 0.0027332 0.0011986 0.00070528 0.00029222 2.4867e-05 4.5896e-09 5.7878e-06
4.1546e-05 0.0023058 0.0012076 0.00070627 0.00029394 2.5457e-05 6.5903e-09 5.8946e-06
4.1726e-05 0.0018133 0.0012164 0.00070725 0.00029562 2.6015e-05 7.5539e-09 5.9904e-06
4.1915e-05 0.0014322 0.0012254 0.00070824 0.00029736 2.6047e-05 5.6185e-09 6.1012e-06
4.2113e-05 0.0011374 0.0012346 0.00070926 0.00029915 2.6109e-05 4.7746e-09 6.2278e-06
4.2319e-05 0.00090522 0.0012438 0.0007103 0.00030099 2.5714e-05 4.5835e-09 6.3698e-06
4.2515e-05 0.00090636 0.001253 0.00071132 0.00030278 2.529e-05 3.5016e-09 6.4988e-06
4.272e-05 0.0008042 0.0012621 0.00071232 0.00030463 2.491e-05 3.0487e-09 6.6448e-06
4.2915e-05 0.00068098 0.0012711 0.00071329 0.00030645 2.4504e-05 2.0514e-09 6.7781e-06
4.3118e-05 0.00058478 0.0012802 0.00071429 0.00030831 2.4138e-05 1.4593e-09 6.9275e-06
4.3329e-05 0.00051007 0.0012895 0.00071531 0.00031022 2.381e-05 1.1038e-09 7.094e-06
4.3549e-05 0.0004526 0.0012989 0.00071635 0.00031218 2.3518e-05 8.8494e-10 7.2786e-06
4.3777e-05 0.00040914 0.0013084 0.00071741 0.00031419 2.3258e-05 7.4208e-10 7.4824e-06
4.4015e-05 0.00037834 0.001318 0.00071849 0.00031626 2.3033e-05 6.651e-10 7.7086e-06
4.4262e-05 0.00035825 0.0013278 0.00071959 0.00031838 2.2841e-05 6.3075e-10 7.9628e-06
4.4518e-05 0.00034667 0.0013383 0.0007167 0.00032056 2.2677e-05 6.0248e-10 8.2413e-06
4.4785e-05 0.00034379 0.0013489 0.00071384 0.0003228 2.2543e-05 5.9768e-10 8.5481e-06
4.5061e-05 0.00034942 0.0013597 0.00071101 0.0003251 2.2437e-05 6.1525e-10 8.8857e-06
4.5346e-05 0.00036307 0.0013706 0.00070821 0.00032746 2.2357e-05 6.3462e-10 9.254e-06
4.5641e-05 0.00038555 0.0013817 0.00070543 0.00032987 2.2302e-05 6.6276e-10 9.6554e-06
4.5945e-05 0.00034752 0.0013929 0.00070268 0.00033234 2.2272e-05 7.0984e-10 1.0093e-05
4.6259e-05 0.00031987 0.0014042 0.00069996 0.00033488 2.2267e-05 7.9038e-10 1.057e-05
4.6582e-05 0.00019786 0.0014157 0.00069726 0.00033747 2.2287e-05 9.8916e-10 1.1089e-05
4.6919e-05 0.00019315 0.0014272 0.00069455 0.00034014 2.2287e-05 6.0388e-10 1.1575e-05
4.7267e-05 0.0001943 0.0014387 0.00069186 0.00034288 2.2313e-05 2.9787e-10 1.2108e-05
4.7604e-05 0.0003042 0.0014502 0.00068915 0.00034558 2.2321e-05 6.7534e-10 1.2612e-05
4.7951e-05 0.0004423 0.0014619 0.00068646 0.00034834 2.2354e-05 1.1365e-09 1.316e-05
4.8308e-05 0.0006165 0.0014737 0.00068381 0.00035116 2.2412e-05 1.8124e-09 1.3757e-05
4.8654e-05 0.0007642 0.0014854 0.00068113 0.00035394 2.2452e-05 1.8235e-09 1.4322e-05
4.901e-05 0.00095197 0.0014973 0.00067848 0.00035679 2.2517e-05 2.094e-09 1.4938e-05
4.9379e-05 0.0011955 0.0015093 0.00067586 0.00035971 2.261e-05 5.9592e-10 1.5613e-05
4.9736e-05 0.0014029 0.0015213 0.00067321 0.00036258 2.2685e-05 5.8569e-10 1.6253e-05
5.0081e-05 0.0015768 0.0015331 0.00067055 0.00036541 2.2741e-05 2.0247e-09 1.6858e-05
5.0414e-05 0.0019585 0.0015451 0.00066791 0.00036818 2.2542e-05 2.0741e-09 1.7999e-05
5.0759e-05 0.0024533 0.0015471 0.00066538 0.00037102 2.2374e-05 2.4831e-09 1.9247e-05
5.1092e-05 0.0028767 0.0015491 0.00066288 0.00037382 2.2185e-05 2.1257e-09 2.0432e-05
5.1435e-05 0.0034161 0.0015512 0.0006604 0.00037668 2.2025e-05 2.08e-09 2.1718e-05
5.1789e-05 0.0041023 0.0015534 0.00065795 0.00037961 2.1892e-05 2.3328e-09 2.3115e-05
5.2154e-05 0.004975 0.0015556 0.00065553 0.00038261 2.1786e-05 2.9566e-09 2.4632e-05
5.2505e-05 0.0053484 0.0015579 0.00065313 0.00038555 2.1835e-05 4.7091e-09 2.5257e-05
5.2845e-05 0.0056655 0.0015602 0.00065071 0.00038844 2.1866e-05 5.502e-09 2.5847e-05
5.3173e-05 0.0059323 0.0015624 0.00064827 0.00039128 2.188e-05 5.4005e-09 2.6405e-05
5.3491e-05 0.0078979 0.0015645 0.00064582 0.00039408 2.1876e-05 4.3685e-09 2.6928e-05
5.3818e-05 0.0085293 0.0015668 0.00064338 0.00039695 2.1896e-05 3.9874e-09 2.7502e-05
5.4157e-05 0.0093374 0.0015691 0.00064097 0.00039988 2.1941e-05 4.1476e-09 2.8132e-05
5.7151e-05 0.010035 0.0015713 0.00063854 0.0004026 2.1968e-05 3.4894e-09 2.8727e-05
6.0209e-05 0.010945 0.0015737 0.00063614 0.00040539 2.2022e-05 3.4034e-09 2.9383e-05
6.3331e-05 0.012129 0.0015761 0.00063376 0.00040826 2.2103e-05 3.861e-09 3.0105e-05
6.6515e-05 0.013639 0.0015786 0.00063141 0.00041119 2.2211e-05 4.9314e-09 3.0209e-05
6.9778e-05 0.014938 0.001581 0.00062904 0.00041422 2.2299e-05 1.4805e-08 3.0291e-05
7.3295e-05 0.016638 0.0015835 0.00062669 0.00041403 2.1991e-05 1.7446e-08 3.0414e-05
7.677e-05 0.018113 0.0015859 0.00062432 0.00041381 2.1659e-05 1.8631e-08 3.0515e-05
8.0029e-05 0.019383 0.0015883 0.00062193 0.00041998 2.1301e-05 1.8409e-08 3.0596e-05
8.3358e-05 0.019746 0.0015908 0.00061957 0.00042628 2.0983e-05 1.9917e-08 3.0708e-05
8.6753e-05 0.020237 0.0015933 0.00061723 0.00043271 2.0699e-05 1.7012e-08 3.0851e-05
9.0216e-05 0.020885 0.001596 0.00061492 0.00043928 2.0447e-05 1.5861e-08 3.1026e-05
9.3747e-05 0.020975 0.0015987 0.00061262 0.00044599 2.0226e-05 1.6135e-08 3.1233e-05
9.7235e-05 0.021011 0.0016013 0.00061031 0.00045261 1.9983e-05 1.5082e-08 3.1416e-05
0.00010079 0.021131 0.001604 0.00060802 0.00045937 1.977e-05 1.5407e-08 3.1137e-05
0.00010431 0.021222 0.0016067 0.00060571 0.00046604 1.9535e-05 1.4471e-08 3.1696e-05
0.0001053 0.021409 0.0016094 0.00060343 0.00047309 1.9331e-05 1.5e-08 3.2314e-05
0.00010626 0.02154 0.0016121 0.00060113 0.00048005 1.9108e-05 1.4296e-08 3.2898e-05
0.00010722 0.021617 0.0016148 0.00059881 0.00048694 1.8866e-05 1.2309e-08 3.3448e-05
0.00010815 0.021641 0.0016173 0.00059646 0.00049373 1.8601e-05 8.8246e-09 3.3964e-05
0.00010911 0.021749 0.00162 0.00059415 0.00050067 1.8367e-05 6.8945e-09 3.4533e-05
0.00011009 0.021946 0.0016227 0.00059185 0.00050775 1.816e-05 5.977e-09 3.5157e-05
0.00011109 0.022244 0.0016255 0.00058958 0.00051497 1.729e-05 5.8188e-09 3.5841e-05
0.00011207 0.022475 0.0016283 0.00058728 0.0005221 1.6372e-05 4.7133e-09 3.6485e-05
0.00011304 0.022644 0.001631 0.00058497 0.00052915 1.636e-05 2.5605e-09 3.7091e-05
0.00011403 0.022911 0.0016338 0.00058268 0.00053634 1.6369e-05 1.2107e-09 3.7756e-05
0.000115 0.023114 0.0016365 0.00058037 0.00054344 1.6362e-05 1.6854e-09 3.8382e-05
0.000116 0.023438 0.0016393 0.00057808 0.0005507 1.6383e-05 6.419e-10 3.8406e-05
0.00011698 0.023696 0.001642 0.00057577 0.00055787 1.6388e-05 8.7575e-10 3.8409e-05
0.00011798 0.024066 0.0016449 0.00057349 0.00056519 1.6414e-05 1.1979e-09 3.8443e-05
0.00011901 0.024566 0.0016478 0.00057123 0.00057266 1.6461e-05 1.692e-09 3.8509e-05
0.00012001 0.024986 0.0016506 0.00056895 0.00058005 1.6492e-05 1.5572e-09 3.8553e-05
0.00012105 0.025547 0.0016535 0.00056669 0.00058758 1.6544e-05 1.6134e-09 3.863e-05
0.00012211 0.026021 0.0016564 0.00056441 0.00059529 1.6581e-05 4.6855e-09 3.8685e-05
0.00012315 0.026419 0.0016592 0.00056211 0.00060292 1.6604e-05 6.6423e-09 3.8719e-05
0.00012422 0.026951 0.0016621 0.00055984 0.0006107 1.6646e-05 9.8774e-09 3.8785e-05
0.00012848 0.029187 0.0016737 0.00055072 0.00064191 1.681e-05 6.0079e-09 3.905e-05
0.00012954 0.02977 0.0016765 0.00054843 0.00064975 1.6851e-05 5.3709e-09 3.9119e-05
0.00013059 0.030266 0.0016794 0.00054613 0.00065749 1.6876e-05 3.8438e-09 3.9166e-05
0.00013166 0.030927 0.0016823 0.00054385 0.00066541 1.6924e-05 3.0033e-09 3.9247e-05
0.00013276 0.031775 0.0016853 0.00054159 0.00067347 1.6991e-05 2.5658e-09 3.9359e-05
0.00013388 0.032856 0.0016884 0.00053935 0.0006817 1.708e-05 2.4378e-09 3.9504e-05
0.00013503 0.03423 0.0016915 0.00053713 0.00069009 1.719e-05 2.6071e-09 3.9682e-05
0.0001362 0.035981 0.0016947 0.00053494 0.00069866 1.7324e-05 7.0292e-10 3.9896e-05
0.00013736 0.03749 0.0016979 0.00053272 0.00070712 1.7439e-05 6.3402e-10 4.0084e-05
0.00013854 0.03951 0.0017011 0.00053053 0.00071577 1.7581e-05 6.0422e-10 4.0313e-05
0.00013976 0.042131 0.0017045 0.00052837 0.00072462 1.775e-05 6.0392e-10 4.0583e-05
0.000141 0.045527 0.0017079 0.00052623 0.00073366 1.7948e-05 6.3375e-10 4.0897e-05
0.00014228 0.049926 0.0017114 0.00052411 0.00074291 1.7795e-05 7.2815e-10 4.1257e-05
0.00014358 0.055514 0.001715 0.00052201 0.00075235 1.7668e-05 8.6459e-10 4.1674e-05
0.00014487 0.060355 0.0017185 0.00051989 0.00076167 1.7522e-05 5.6506e-10 4.206e-05
0.00014619 0.066601 0.0017222 0.0005178 0.0007712 1.7402e-05 3.1412e-10 4.2496e-05
0.00014748 0.072068 0.0017257 0.00051569 0.00078063 1.7265e-05 8.0764e-10 4.2902e-05
0.00014876 0.076835 0.0017292 0.00051356 0.00078994 1.711e-05 7.4157e-10 4.3277e-05
0.00015001 0.081001 0.0017327 0.00051141 0.00079913 1.6937e-05 2.3728e-09 4.3622e-05
0.00015129 0.086316 0.0017362 0.00050928 0.00080854 1.679e-05 4.9715e-09 4.4016e-05
0.00015256 0.090986 0.0017397 0.00050713 0.00081783 1.6626e-05 6.4965e-09 4.438e-05
0.00015386 0.092342 0.0017433 0.00050501 0.00081977 1.6485e-05 9.1248e-09 4.4789e-05
0.00015519 0.094069 0.0017469 0.0005029 0.00082178 1.6367e-05 1.341e-08 4.5245e-05
0.00015655 0.096246 0.0017506 0.00050081 0.00082386 1.627e-05 2.0288e-08 4.5751e-05
0.00015795 0.099022 0.0017544 0.00049875 0.00082602 1.6196e-05 2.095e-08 4.6314e-05
0.00015937 0.10248 0.0017583 0.0004967 0.00082825 1.6142e-05 2.3142e-08 4.6932e-05
0.00016083 0.10678 0.0017623 0.00049467 0.00083055 1.6108e-05 2.017e-08 4.7609e-05
0.00016232 0.10794 0.0017663 0.00049267 0.00083293 1.6094e-05 1.8939e-08 4.8354e-05
0.00016379 0.10896 0.0017703 0.00049064 0.00083527 1.6067e-05 2.8029e-08 4.9063e-05
0.00016524 0.10985 0.0017743 0.0004886 0.00083757 1.6028e-05 3.495e-08 4.974e-05
0.00016672 0.11097 0.0017783 0.00048658 0.00083993 1.6005e-05 4.5439e-08 5.0471e-05
0.00016818 0.11199 0.0017823 0.00048454 0.00084225 1.5971e-05 5.3818e-08 5.1174e-05
0.00016967 0.11324 0.0017864 0.00048252 0.00084463 1.5953e-05 6.6335e-08 5.193e-05
0.00017118 0.11477 0.0017905 0.00048051 0.00084708 1.5952e-05 8.5428e-08 5.2746e-05
0.00017268 0.11618 0.0017946 0.0004785 0.0008495 1.594e-05 1.0119e-07 5.3534e-05
0.00017417 0.11747 0.0017986 0.00047646 0.00085188 1.5918e-05 1.1401e-07 5.4292e-05
0.00017568 0.11734 0.0018027 0.00047444 0.00085432 1.5911e-05 1.1205e-07 5.5106e-05
0.00017722 0.11735 0.0018069 0.00047244 0.00085682 1.5918e-05 1.1299e-07 5.5978e-05
0.00017874 0.11729 0.0018111 0.00047042 0.00085929 1.5916e-05 1.1222e-07 5.6821e-05
0.00018029 0.11736 0.0018153 0.00046842 0.00086182 1.5928e-05 1.1431e-07 5.7721e-05
0.00018186 0.11757 0.0018195 0.00046643 0.0008644 1.5955e-05 1.1964e-07 5.8684e-05
0.00018342 0.11771 0.0018238 0.00046443 0.00086695 1.5972e-05 1.2305e-07 5.9616e-05
0.00018496 0.11779 0.001828 0.00046241 0.00086947 1.5979e-05 1.246e-07 6.0517e-05
0.00018653 0.118 0.0018322 0.00046041 0.00087205 1.6001e-05 1.2949e-07 6.1481e-05
0.00018813 0.11837 0.0018365 0.00045842 0.0008747 1.604e-05 1.3905e-07 6.2519e-05
0.00018971 0.11866 0.0018408 0.00045642 0.00087731 1.6068e-05 1.4593e-07 6.352e-05
0.00019133 0.11772 0.0018452 0.00045444 0.00088 1.6114e-05 1.5901e-07 6.4604e-05
0.00019297 0.117 0.0018497 0.00045247 0.00088275 1.6178e-05 1.8092e-07 6.5772e-05
0.0001946 0.11827 0.0018541 0.00045049 0.00088546 1.6229e-05 1.9703e-07 6.689e-05
0.0001962 0.11938 0.0018584 0.00044849 0.00088812 1.6265e-05 2.0835e-07 6.7958e-05
0.00019784 0.12033 0.0018627 0.00044647 0.00089086 1.6288e-05 3.1307e-07 6.8975e-05
0.00019945 0.12114 0.0018664 0.0004497 0.00089356 1.7318e-05 3.9542e-07 6.9946e-05
0.00020105 0.12183 0.0018701 0.00045292 0.00089621 1.8304e-05 4.6021e-07 7.0871e-05
0.00020268 0.12277 0.0018738 0.00045615 0.00089893 1.9373e-05 5.6587e-07 7.1881e-05
