

TREE # 1

  0  0.0000   4499.544315  x:  0.12577   0.09886   0.06682   0.06690   0.01488   0.06391   0.08368   0.05527   0.00881   0.02542   0.01920   0.07282   0.07298   0.00453   0.03353   0.05047   0.00928   0.03110   0.01517   0.01168   0.05671   0.05504   0.03643   0.00916   0.00490   0.00709   0.00848   0.01447   0.01316   0.01300   0.01135   0.00601   0.00915   0.00218   0.00269   0.00710   0.02193   0.00229   0.00368   0.02838   0.00231   0.02648   0.00790   0.00000   0.01204   0.00291   0.00393   0.01947   0.00568   0.00654   0.01502   0.00317   0.00428   0.00076   0.00557   0.01065   0.00635   0.01427   0.00966   0.00802   0.00780   0.00838   0.00320   0.00695   0.00911   0.02064   0.19829   1.10005   1.14666  
  1 99.0000   4499.539003  x:  0.12577   0.09886   0.06682   0.06690   0.01488   0.06391   0.08368   0.05527   0.00881   0.02542   0.01920   0.07282   0.07298   0.00453   0.03353   0.05047   0.00928   0.03110   0.01517   0.01168   0.05671   0.05504   0.03643   0.00916   0.00490   0.00709   0.00848   0.01447   0.01316   0.01300   0.01135   0.00600   0.00915   0.00218   0.00269   0.00710   0.02193   0.00229   0.00368   0.02838   0.00231   0.02648   0.00790   0.00000   0.01204   0.00291   0.00393   0.01947   0.00568   0.00654   0.01502   0.00317   0.00428   0.00076   0.00557   0.01065   0.00635   0.01427   0.00966   0.00802   0.00780   0.00838   0.00320   0.00695   0.00911   0.02064   0.19829   1.10005   1.14666  
  2 1497.7011   4495.453956  x:  0.12578   0.09881   0.06684   0.06693   0.01490   0.06376   0.08378   0.05529   0.00881   0.02536   0.01932   0.07290   0.07311   0.00463   0.03342   0.05045   0.00870   0.03103   0.01511   0.01151   0.05668   0.05506   0.03643   0.00887   0.00504   0.00633   0.00848   0.01442   0.01314   0.01291   0.01119   0.00525   0.00911   0.00143   0.00242   0.00634   0.02196   0.00154   0.00293   0.02839   0.00156   0.02648   0.00737   0.00000   0.01200   0.00216   0.00417   0.01946   0.00493   0.00659   0.01499   0.00242   0.00352   0.00000   0.00482   0.01052   0.00630   0.01416   0.00981   0.00772   0.00787   0.00855   0.00267   0.00683   0.00912   0.02051   0.19833   1.10038   1.14636  
  3 10282.4148   4488.418707  x:  0.12578   0.09872   0.06688   0.06698   0.01492   0.06349   0.08395   0.05532   0.00885   0.02528   0.01945   0.07303   0.07334   0.00482   0.03326   0.05040   0.00762   0.03092   0.01504   0.01128   0.05663   0.05509   0.03643   0.00844   0.00531   0.00492   0.00854   0.01438   0.01315   0.01282   0.01099   0.00383   0.00912   0.00000   0.00268   0.00492   0.02199   0.00012   0.00151   0.02843   0.00015   0.02650   0.00640   0.00000   0.01190   0.00075   0.00444   0.01949   0.00351   0.00667   0.01501   0.00100   0.00210   0.00000   0.00340   0.01039   0.00633   0.01402   0.01017   0.00716   0.00806   0.00890   0.00167   0.00672   0.00914   0.02033   0.19840   1.10098   1.14580  
  4 50617.8702   4487.907534  x:  0.12578   0.09871   0.06688   0.06698   0.01492   0.06347   0.08396   0.05533   0.00885   0.02528   0.01945   0.07304   0.07335   0.00483   0.03326   0.05039   0.00754   0.03091   0.01504   0.01127   0.05663   0.05509   0.03643   0.00842   0.00532   0.00480   0.00854   0.01438   0.01315   0.01281   0.01098   0.00372   0.00912   0.00000   0.00268   0.00481   0.02199   0.00000   0.00140   0.02843   0.00004   0.02651   0.00633   0.00000   0.01188   0.00063   0.00443   0.01950   0.00340   0.00668   0.01502   0.00089   0.00199   0.00000   0.00329   0.01039   0.00634   0.01402   0.01020   0.00712   0.00807   0.00892   0.00159   0.00672   0.00914   0.02032   0.19841   1.10103   1.14576  
  5 72425.7364   4487.907534  x:  0.12578   0.09871   0.06688   0.06698   0.01492   0.06347   0.08396   0.05533   0.00885   0.02528   0.01945   0.07304   0.07335   0.00483   0.03326   0.05039   0.00754   0.03091   0.01504   0.01127   0.05663   0.05509   0.03643   0.00842   0.00532   0.00480   0.00854   0.01438   0.01315   0.01281   0.01098   0.00372   0.00912   0.00000   0.00268   0.00481   0.02199   0.00000   0.00140   0.02843   0.00004   0.02651   0.00633   0.00000   0.01188   0.00063   0.00443   0.01950   0.00340   0.00668   0.01502   0.00089   0.00199   0.00000   0.00329   0.01039   0.00634   0.01402   0.01020   0.00712   0.00807   0.00892   0.00159   0.00672   0.00914   0.02032   0.19841   1.10103   1.14576  
  6 6335564.6091   4487.724605  x:  0.12578   0.09871   0.06688   0.06699   0.01492   0.06346   0.08396   0.05533   0.00885   0.02527   0.01946   0.07305   0.07336   0.00482   0.03325   0.05039   0.00751   0.03091   0.01504   0.01126   0.05662   0.05509   0.03643   0.00840   0.00530   0.00477   0.00853   0.01438   0.01314   0.01280   0.01097   0.00369   0.00911   0.00000   0.00268   0.00477   0.02199   0.00000   0.00136   0.02843   0.00000   0.02651   0.00630   0.00000   0.01188   0.00060   0.00442   0.01950   0.00337   0.00667   0.01501   0.00086   0.00196   0.00000   0.00325   0.01037   0.00632   0.01401   0.01019   0.00710   0.00806   0.00892   0.00156   0.00670   0.00914   0.02032   0.19841   1.10105   1.14574  
  7 1335.7895   4485.312659  x:  0.12579   0.09867   0.06690   0.06701   0.01493   0.06334   0.08404   0.05534   0.00885   0.02523   0.01956   0.07311   0.07346   0.00488   0.03317   0.05037   0.00705   0.03086   0.01499   0.01113   0.05660   0.05511   0.03643   0.00821   0.00537   0.00417   0.00852   0.01434   0.01313   0.01274   0.01085   0.00309   0.00908   0.00000   0.00244   0.00418   0.02201   0.00000   0.00077   0.02844   0.00000   0.02651   0.00589   0.00000   0.01184   0.00000   0.00458   0.01950   0.00277   0.00671   0.01500   0.00026   0.00136   0.00000   0.00266   0.01028   0.00628   0.01393   0.01030   0.00687   0.00810   0.00906   0.00111   0.00662   0.00914   0.02022   0.19844   1.10131   1.14551  
  8 6698.4741   4484.381498  x:  0.12579   0.09865   0.06690   0.06702   0.01493   0.06329   0.08407   0.05535   0.00886   0.02522   0.01958   0.07314   0.07350   0.00492   0.03314   0.05036   0.00686   0.03084   0.01498   0.01109   0.05659   0.05511   0.03643   0.00814   0.00540   0.00392   0.00853   0.01434   0.01313   0.01272   0.01082   0.00283   0.00908   0.00000   0.00247   0.00392   0.02202   0.00000   0.00051   0.02844   0.00000   0.02651   0.00571   0.00000   0.01182   0.00000   0.00463   0.01951   0.00252   0.00673   0.01500   0.00000   0.00110   0.00000   0.00240   0.01026   0.00628   0.01390   0.01036   0.00677   0.00812   0.00912   0.00091   0.00661   0.00915   0.02019   0.19846   1.10142   1.14541  
  9 37944.0403   4482.765609  x:  0.12579   0.09862   0.06691   0.06703   0.01494   0.06321   0.08412   0.05536   0.00887   0.02520   0.01961   0.07318   0.07358   0.00493   0.03311   0.05034   0.00648   0.03081   0.01497   0.01106   0.05658   0.05512   0.03643   0.00808   0.00543   0.00341   0.00855   0.01433   0.01314   0.01271   0.01080   0.00233   0.00909   0.00000   0.00247   0.00342   0.02202   0.00000   0.00000   0.02846   0.00000   0.02652   0.00538   0.00000   0.01176   0.00000   0.00462   0.01954   0.00202   0.00673   0.01505   0.00000   0.00060   0.00000   0.00189   0.01025   0.00630   0.01388   0.01048   0.00658   0.00817   0.00922   0.00048   0.00659   0.00915   0.02015   0.19848   1.10164   1.14522  
 10 60784.4283   4481.057803  x:  0.12579   0.09858   0.06693   0.06705   0.01494   0.06310   0.08419   0.05537   0.00889   0.02518   0.01964   0.07323   0.07367   0.00496   0.03305   0.05032   0.00603   0.03077   0.01496   0.01101   0.05656   0.05514   0.03643   0.00798   0.00548   0.00282   0.00858   0.01433   0.01315   0.01270   0.01076   0.00174   0.00911   0.00000   0.00247   0.00282   0.02203   0.00000   0.00000   0.02848   0.00000   0.02654   0.00499   0.00000   0.01170   0.00000   0.00454   0.01957   0.00142   0.00672   0.01509   0.00000   0.00000   0.00000   0.00130   0.01024   0.00635   0.01385   0.01063   0.00636   0.00825   0.00934   0.00001   0.00658   0.00915   0.02010   0.19851   1.10190   1.14498  
 11 324761.1356   4481.019263  x:  0.12579   0.09858   0.06693   0.06705   0.01494   0.06310   0.08420   0.05537   0.00889   0.02517   0.01964   0.07323   0.07368   0.00496   0.03305   0.05032   0.00602   0.03077   0.01496   0.01101   0.05656   0.05514   0.03643   0.00798   0.00548   0.00280   0.00858   0.01433   0.01315   0.01270   0.01076   0.00172   0.00911   0.00000   0.00247   0.00280   0.02203   0.00000   0.00000   0.02848   0.00000   0.02654   0.00498   0.00000   0.01170   0.00000   0.00454   0.01957   0.00140   0.00672   0.01509   0.00000   0.00000   0.00000   0.00128   0.01024   0.00635   0.01385   0.01063   0.00636   0.00825   0.00934   0.00000   0.00658   0.00915   0.02010   0.19851   1.10191   1.14498  
 12 13830.9151   4478.188429  x:  0.12579   0.09845   0.06699   0.06711   0.01491   0.06270   0.08445   0.05541   0.00887   0.02512   0.01959   0.07341   0.07394   0.00504   0.03286   0.05027   0.00487   0.03066   0.01500   0.01107   0.05650   0.05519   0.03643   0.00800   0.00544   0.00152   0.00853   0.01436   0.01315   0.01276   0.01083   0.00044   0.00911   0.00000   0.00247   0.00152   0.02202   0.00000   0.00000   0.02856   0.00000   0.02661   0.00444   0.00000   0.01157   0.00000   0.00452   0.01965   0.00013   0.00681   0.01525   0.00000   0.00000   0.00000   0.00000   0.01032   0.00633   0.01385   0.01062   0.00632   0.00814   0.00947   0.00000   0.00659   0.00916   0.02002   0.19860   1.10252   1.14445  
 13 14503.0544   4477.955666  x:  0.12579   0.09844   0.06699   0.06711   0.01491   0.06268   0.08446   0.05541   0.00887   0.02512   0.01958   0.07342   0.07396   0.00504   0.03286   0.05027   0.00476   0.03066   0.01500   0.01107   0.05649   0.05519   0.03643   0.00801   0.00546   0.00139   0.00853   0.01436   0.01315   0.01275   0.01083   0.00031   0.00911   0.00000   0.00247   0.00140   0.02202   0.00000   0.00000   0.02856   0.00000   0.02661   0.00439   0.00000   0.01155   0.00000   0.00452   0.01967   0.00000   0.00679   0.01527   0.00000   0.00000   0.00000   0.00000   0.01032   0.00632   0.01385   0.01062   0.00632   0.00814   0.00946   0.00000   0.00659   0.00916   0.02003   0.19861   1.10258   1.14440  
 14 19545.9340   4477.498645  x:  0.12579   0.09842   0.06700   0.06712   0.01492   0.06264   0.08448   0.05541   0.00887   0.02513   0.01959   0.07344   0.07400   0.00504   0.03290   0.05025   0.00452   0.03067   0.01499   0.01107   0.05649   0.05519   0.03642   0.00802   0.00545   0.00108   0.00854   0.01435   0.01315   0.01274   0.01082   0.00000   0.00910   0.00000   0.00247   0.00109   0.02202   0.00000   0.00000   0.02855   0.00000   0.02660   0.00425   0.00000   0.01152   0.00000   0.00452   0.01973   0.00000   0.00682   0.01532   0.00000   0.00000   0.00000   0.00000   0.01030   0.00632   0.01386   0.01062   0.00633   0.00815   0.00946   0.00000   0.00659   0.00916   0.02005   0.19862   1.10273   1.14427  
 15 27930.0452   4476.286512  x:  0.12579   0.09838   0.06700   0.06713   0.01491   0.06257   0.08452   0.05540   0.00886   0.02515   0.01960   0.07345   0.07414   0.00505   0.03307   0.05017   0.00371   0.03071   0.01499   0.01105   0.05650   0.05519   0.03640   0.00801   0.00540   0.00000   0.00853   0.01436   0.01316   0.01275   0.01081   0.00000   0.00913   0.00000   0.00247   0.00001   0.02202   0.00000   0.00000   0.02854   0.00000   0.02656   0.00371   0.00000   0.01138   0.00000   0.00454   0.01987   0.00000   0.00677   0.01547   0.00000   0.00000   0.00000   0.00000   0.01031   0.00635   0.01387   0.01061   0.00633   0.00812   0.00949   0.00000   0.00661   0.00915   0.02007   0.19867   1.10321   1.14383  
 16 36676.3451   4476.286512  x:  0.12579   0.09838   0.06700   0.06713   0.01491   0.06257   0.08452   0.05540   0.00886   0.02515   0.01960   0.07345   0.07414   0.00505   0.03307   0.05017   0.00371   0.03071   0.01499   0.01105   0.05650   0.05519   0.03640   0.00801   0.00540   0.00000   0.00853   0.01436   0.01316   0.01275   0.01081   0.00000   0.00913   0.00000   0.00247   0.00001   0.02202   0.00000   0.00000   0.02854   0.00000   0.02656   0.00371   0.00000   0.01138   0.00000   0.00454   0.01987   0.00000   0.00677   0.01547   0.00000   0.00000   0.00000   0.00000   0.01031   0.00635   0.01387   0.01061   0.00633   0.00812   0.00949   0.00000   0.00661   0.00915   0.02007   0.19867   1.10321   1.14383  
 17 48742.9859   4476.281027  x:  0.12579   0.09838   0.06700   0.06713   0.01491   0.06257   0.08452   0.05540   0.00886   0.02515   0.01960   0.07345   0.07414   0.00505   0.03307   0.05017   0.00371   0.03071   0.01499   0.01105   0.05650   0.05519   0.03640   0.00801   0.00540   0.00000   0.00853   0.01436   0.01316   0.01275   0.01081   0.00000   0.00913   0.00000   0.00247   0.00000   0.02202   0.00000   0.00000   0.02854   0.00000   0.02656   0.00371   0.00000   0.01138   0.00000   0.00454   0.01987   0.00000   0.00677   0.01547   0.00000   0.00000   0.00000   0.00000   0.01031   0.00635   0.01387   0.01061   0.00633   0.00812   0.00949   0.00000   0.00660   0.00915   0.02007   0.19867   1.10322   1.14383  
 18 822.1392   4474.584587  x:  0.12581   0.09820   0.06707   0.06724   0.01499   0.06205   0.08485   0.05548   0.00879   0.02494   0.02012   0.07375   0.07459   0.00508   0.03272   0.05007   0.00166   0.03045   0.01471   0.01038   0.05640   0.05525   0.03640   0.00705   0.00535   0.00000   0.00834   0.01414   0.01307   0.01235   0.01018   0.00000   0.00882   0.00000   0.00061   0.00000   0.02213   0.00000   0.00000   0.02855   0.00000   0.02654   0.00179   0.00000   0.01118   0.00000   0.00488   0.01986   0.00000   0.00685   0.01534   0.00000   0.00000   0.00000   0.00000   0.00977   0.00591   0.01343   0.01051   0.00590   0.00808   0.00948   0.00000   0.00607   0.00916   0.01961   0.19882   1.10440   1.14277  
 19 1188.9858   4473.235767  x:  0.12582   0.09806   0.06713   0.06731   0.01503   0.06164   0.08511   0.05553   0.00885   0.02481   0.02039   0.07396   0.07495   0.00539   0.03249   0.04998   0.00000   0.03029   0.01459   0.01005   0.05632   0.05530   0.03640   0.00654   0.00572   0.00000   0.00841   0.01407   0.01306   0.01219   0.00988   0.00000   0.00880   0.00000   0.00065   0.00000   0.02219   0.00000   0.00000   0.02859   0.00000   0.02656   0.00028   0.00000   0.01095   0.00000   0.00556   0.01994   0.00000   0.00705   0.01539   0.00000   0.00000   0.00000   0.00000   0.00955   0.00592   0.01320   0.01054   0.00584   0.00832   0.00953   0.00000   0.00593   0.00919   0.01933   0.19893   1.10536   1.14191  
 20 1554.4300   4473.105006  x:  0.12582   0.09804   0.06714   0.06732   0.01503   0.06157   0.08515   0.05553   0.00886   0.02480   0.02040   0.07399   0.07502   0.00540   0.03248   0.04996   0.00000   0.03027   0.01459   0.01004   0.05631   0.05531   0.03640   0.00654   0.00573   0.00000   0.00843   0.01407   0.01306   0.01219   0.00988   0.00000   0.00881   0.00000   0.00065   0.00000   0.02219   0.00000   0.00000   0.02861   0.00000   0.02657   0.00000   0.00000   0.01089   0.00000   0.00554   0.01998   0.00000   0.00703   0.01545   0.00000   0.00000   0.00000   0.00000   0.00955   0.00594   0.01319   0.01054   0.00585   0.00835   0.00953   0.00000   0.00594   0.00919   0.01931   0.19895   1.10554   1.14174  
 21 1162.3911   4469.394461  x:  0.12590   0.09572   0.06800   0.06827   0.01493   0.05551   0.08897   0.05605   0.00894   0.02408   0.02077   0.07679   0.08058   0.00530   0.03129   0.04834   0.00000   0.02894   0.01463   0.01001   0.05545   0.05591   0.03625   0.00670   0.00573   0.00000   0.00846   0.01417   0.01317   0.01231   0.00998   0.00000   0.00900   0.00000   0.00067   0.00000   0.02227   0.00000   0.00000   0.02930   0.00000   0.02697   0.00000   0.00000   0.00350   0.00000   0.00621   0.02661   0.00000   0.00773   0.02341   0.00000   0.00000   0.00000   0.00000   0.00980   0.00600   0.01304   0.01059   0.00598   0.00828   0.00952   0.00000   0.00612   0.00920   0.01819   0.20087   1.12484   1.12404  
 22 3942.2589   4460.140493  x:  0.12617   0.08674   0.07128   0.07175   0.01445   0.03284   0.10337   0.05776   0.00911   0.02219   0.02036   0.08704   0.10114   0.00480   0.02787   0.04263   0.00000   0.02504   0.01530   0.01140   0.05242   0.05791   0.03574   0.00911   0.00554   0.00000   0.00836   0.01483   0.01346   0.01337   0.01153   0.00000   0.00948   0.00000   0.00076   0.00000   0.02228   0.00000   0.00000   0.03049   0.00000   0.02715   0.00000   0.00000   0.01371   0.00000   0.00892   0.05093   0.00000   0.00974   0.05251   0.00000   0.00000   0.00000   0.00000   0.01131   0.00596   0.01532   0.01063   0.00788   0.00634   0.00949   0.00000   0.00824   0.00925   0.01593   0.20848   1.20455   1.05046  
 23 1715.5518   4440.720369  x:  0.12619   0.08117   0.07300   0.07287   0.01600   0.04337   0.11162   0.05675   0.00979   0.02799   0.01250   0.09044   0.10980   0.00945   0.03482   0.04677   0.00000   0.03475   0.01560   0.01332   0.05341   0.05592   0.03647   0.00977   0.00941   0.00000   0.00926   0.01417   0.01231   0.01305   0.01196   0.00000   0.00780   0.00000   0.00083   0.00000   0.02127   0.00000   0.00000   0.02406   0.00000   0.02196   0.00000   0.00000   0.01397   0.00000   0.00867   0.05217   0.00000   0.00092   0.06059   0.00000   0.00000   0.00000   0.00000   0.00974   0.00667   0.01839   0.01055   0.00990   0.00931   0.01027   0.00000   0.00953   0.00940   0.02840   0.21642   1.32098   0.93725  
 24 777.8866   4421.080222  x:  0.12626   0.07293   0.07554   0.07448   0.01810   0.06104   0.12397   0.05513   0.01086   0.03664   0.00194   0.09541   0.12291   0.01490   0.04574   0.05328   0.00000   0.04943   0.01609   0.01618   0.05515   0.05269   0.03767   0.01122   0.01407   0.00000   0.01129   0.01341   0.01109   0.01280   0.01281   0.00000   0.00669   0.00000   0.00091   0.00000   0.01989   0.00000   0.00000   0.01466   0.00000   0.01461   0.00000   0.00000   0.01439   0.00000   0.00122   0.05079   0.00000   0.00906   0.07013   0.00000   0.00000   0.00000   0.00000   0.00810   0.00950   0.02252   0.01092   0.01356   0.01451   0.01117   0.00000   0.01255   0.00939   0.04684   0.22881   1.50590   0.75684  
 25 19825.2985   4387.860772  x:  0.12724   0.06369   0.07861   0.07626   0.01688   0.09859   0.13957   0.05158   0.00932   0.04980   0.03899   0.10099   0.13912   0.00989   0.06687   0.06455   0.00000   0.07342   0.01965   0.02747   0.05994   0.04589   0.04069   0.02654   0.01008   0.00000   0.01348   0.01648   0.01410   0.01804   0.02179   0.00000   0.01479   0.00000   0.00115   0.00000   0.01880   0.00000   0.00000   0.01215   0.00000   0.01653   0.00000   0.00000   0.01493   0.00000   0.00575   0.03947   0.00000   0.01626   0.08164   0.00000   0.00000   0.00000   0.00000   0.01675   0.01797   0.03136   0.01252   0.02146   0.01584   0.00919   0.00000   0.02284   0.00812   0.07887   0.25120   1.87049   0.39487  
 26 7556.0409   4372.899314  x:  0.12834   0.07036   0.07855   0.07364   0.01202   0.10464   0.13532   0.05206   0.00892   0.04587   0.02859   0.09588   0.13407   0.00418   0.06689   0.06344   0.00000   0.07172   0.01915   0.03034   0.06060   0.04716   0.04184   0.03458   0.01043   0.00000   0.01253   0.01770   0.01510   0.01954   0.02471   0.00000   0.01592   0.00000   0.00124   0.00000   0.02268   0.00000   0.00000   0.03420   0.00000   0.02941   0.00000   0.00000   0.01488   0.00000   0.01012   0.03174   0.00000   0.01622   0.07838   0.00000   0.00000   0.00000   0.00000   0.01992   0.02040   0.03026   0.01230   0.02351   0.01062   0.01115   0.00000   0.02613   0.01153   0.08041   0.25384   1.99427   0.26535  
 27 2382.5554   4366.826308  x:  0.12998   0.07766   0.07764   0.07184   0.01293   0.10084   0.12664   0.05403   0.01097   0.03862   0.02568   0.09094   0.12401   0.00485   0.06173   0.05976   0.00000   0.06305   0.01904   0.03176   0.06020   0.04949   0.03963   0.04212   0.01019   0.00000   0.01234   0.01785   0.01477   0.02032   0.02671   0.00000   0.01670   0.00000   0.00126   0.00000   0.02018   0.00000   0.00000   0.02259   0.00000   0.02436   0.00000   0.00000   0.01379   0.00000   0.01194   0.03087   0.00000   0.01526   0.07291   0.00000   0.00000   0.00000   0.00000   0.02221   0.02140   0.02729   0.01268   0.02452   0.00684   0.00737   0.00000   0.02816   0.00458   0.07306   0.25082   2.03980   0.22201  
 28 641.1347   4365.213106  x:  0.13073   0.07999   0.07724   0.07137   0.01334   0.09923   0.12294   0.05468   0.01083   0.03618   0.02568   0.08910   0.11960   0.00531   0.05968   0.05862   0.00000   0.05955   0.01910   0.03232   0.06013   0.05026   0.03911   0.04545   0.00982   0.00000   0.01217   0.01773   0.01457   0.02047   0.02741   0.00000   0.01659   0.00000   0.00127   0.00000   0.01964   0.00000   0.00000   0.01712   0.00000   0.02175   0.00000   0.00000   0.01338   0.00000   0.01203   0.03134   0.00000   0.01493   0.07066   0.00000   0.00000   0.00000   0.00000   0.02275   0.02126   0.02621   0.01260   0.02478   0.00633   0.00896   0.00000   0.02887   0.01091   0.06986   0.24929   2.05700   0.20889  
 29 919.8603   4361.407075  x:  0.13332   0.07914   0.07644   0.07254   0.01415   0.09737   0.11339   0.05443   0.00467   0.03732   0.02873   0.08606   0.10693   0.00933   0.05636   0.06047   0.00000   0.05368   0.01971   0.03326   0.06108   0.05039   0.04317   0.05528   0.01028   0.00000   0.01157   0.01583   0.01351   0.01865   0.02729   0.00000   0.01153   0.00000   0.00126   0.00000   0.02401   0.00000   0.00000   0.01802   0.00000   0.01724   0.00000   0.00000   0.01334   0.00000   0.00985   0.03838   0.00000   0.01486   0.06494   0.00000   0.00000   0.00000   0.00000   0.01920   0.01587   0.02546   0.01083   0.02427   0.01573   0.01929   0.00000   0.02826   0.00745   0.06194   0.24361   2.10576   0.20491  
 30 233.2335   4355.339162  x:  0.13767   0.07500   0.07559   0.07478   0.01679   0.09526   0.09881   0.05354   0.02063   0.04230   0.03212   0.08244   0.08682   0.01331   0.05165   0.06470   0.00000   0.04595   0.01988   0.03337   0.06274   0.05038   0.04903   0.07145   0.01162   0.00000   0.01110   0.01410   0.01269   0.01524   0.02516   0.00000   0.00561   0.00000   0.00124   0.00000   0.02554   0.00000   0.00000   0.01994   0.00000   0.01917   0.00000   0.00000   0.01339   0.00000   0.00696   0.04855   0.00000   0.01475   0.05464   0.00000   0.00000   0.00000   0.00000   0.01139   0.00501   0.02543   0.01093   0.02147   0.02558   0.01977   0.00000   0.02468   0.00767   0.04849   0.23339   2.19759   0.20936  
 31 904.2181   4345.060174  x:  0.14271   0.06930   0.07545   0.07749   0.01491   0.09311   0.08373   0.05232   0.01381   0.04704   0.02766   0.07976   0.06555   0.01398   0.04613   0.06954   0.00000   0.03935   0.01776   0.02917   0.06425   0.05142   0.05224   0.08962   0.01175   0.00000   0.00955   0.01487   0.01233   0.01224   0.01796   0.00000   0.02011   0.00000   0.00123   0.00000   0.02150   0.00000   0.00000   0.01931   0.00000   0.02276   0.00000   0.00000   0.01318   0.00000   0.00832   0.05613   0.00000   0.01380   0.03882   0.00000   0.00000   0.00000   0.00000   0.00435   0.00191   0.02544   0.01165   0.01250   0.02982   0.00710   0.00000   0.01344   0.01071   0.03062   0.21905   2.33406   0.22790  
 32 1082.5601   4339.878329  x:  0.14540   0.06735   0.07549   0.07853   0.01506   0.09209   0.07630   0.05200   0.01289   0.04880   0.02456   0.07844   0.05561   0.01254   0.04287   0.07181   0.00000   0.03645   0.01625   0.02479   0.06489   0.05239   0.05268   0.09849   0.00999   0.00000   0.00786   0.01453   0.01171   0.01136   0.01250   0.00000   0.01897   0.00000   0.00122   0.00000   0.01982   0.00000   0.00000   0.01844   0.00000   0.02349   0.00000   0.00000   0.01299   0.00000   0.01084   0.05875   0.00000   0.01334   0.02888   0.00000   0.00000   0.00000   0.00000   0.01035   0.01140   0.02506   0.01111   0.00469   0.02753   0.00615   0.00000   0.00389   0.01109   0.02112   0.21022   2.41919   0.24223  
 33 2157.4858   4329.108067  x:  0.14815   0.07389   0.07583   0.07683   0.01509   0.08934   0.07135   0.05395   0.01089   0.04244   0.01894   0.07688   0.05571   0.00641   0.03746   0.06928   0.00000   0.03368   0.01544   0.01403   0.06392   0.05681   0.04493   0.10983   0.00794   0.00000   0.01306   0.01660   0.01328   0.01796   0.00814   0.00000   0.01364   0.00000   0.00120   0.00000   0.01753   0.00000   0.00000   0.01501   0.00000   0.02263   0.00000   0.00000   0.01073   0.00000   0.01792   0.04858   0.00000   0.01297   0.01110   0.00000   0.00000   0.00000   0.00000   0.01244   0.00520   0.02272   0.01377   0.00489   0.00991   0.01752   0.00000   0.00695   0.00865   0.01448   0.19498   2.56513   0.27447  
 34 1091.3883   4321.531251  x:  0.14933   0.08422   0.07472   0.07375   0.01625   0.08772   0.06760   0.05620   0.00754   0.03235   0.01924   0.07329   0.05578   0.00798   0.03328   0.06469   0.00000   0.03021   0.01569   0.00829   0.06255   0.05952   0.03968   0.11379   0.00842   0.00000   0.00956   0.01412   0.01145   0.01585   0.01243   0.00000   0.00427   0.00000   0.00118   0.00000   0.02281   0.00000   0.00000   0.01708   0.00000   0.01705   0.00000   0.00000   0.01005   0.00000   0.02004   0.03382   0.00000   0.01323   0.01297   0.00000   0.00000   0.00000   0.00000   0.01053   0.00499   0.01728   0.01028   0.00906   0.00333   0.01154   0.00000   0.00603   0.01034   0.01855   0.18419   2.65660   0.29665  
 35 1159.3832   4318.710317  x:  0.14905   0.09227   0.07342   0.07090   0.01700   0.08716   0.06706   0.05749   0.00931   0.02607   0.01803   0.07047   0.05642   0.00592   0.03218   0.06117   0.00000   0.02958   0.01538   0.00975   0.06176   0.06036   0.03741   0.11162   0.00424   0.00000   0.00515   0.01252   0.01061   0.01361   0.01176   0.00000   0.00592   0.00000   0.00117   0.00000   0.02332   0.00000   0.00000   0.01592   0.00000   0.01684   0.00000   0.00000   0.01032   0.00000   0.02222   0.02653   0.00000   0.01335   0.01679   0.00000   0.00000   0.00000   0.00000   0.01148   0.00335   0.01447   0.00842   0.00588   0.00852   0.01374   0.00000   0.00612   0.00981   0.02157   0.17968   2.69370   0.30589  
 36 790.6692   4317.102548  x:  0.14816   0.09911   0.07157   0.06851   0.01703   0.08681   0.06725   0.05811   0.00909   0.02343   0.01900   0.06786   0.05586   0.00592   0.03283   0.05838   0.00000   0.02985   0.01535   0.01381   0.06132   0.05984   0.03841   0.10639   0.00431   0.00000   0.00929   0.01262   0.01096   0.01096   0.01058   0.00000   0.00548   0.00000   0.00115   0.00000   0.02260   0.00000   0.00000   0.01523   0.00000   0.01801   0.00000   0.00000   0.01062   0.00000   0.02152   0.02541   0.00000   0.01338   0.01956   0.00000   0.00000   0.00000   0.00000   0.00929   0.00384   0.01491   0.00993   0.00221   0.00805   0.01513   0.00000   0.00406   0.00953   0.02303   0.17784   2.71012   0.30963  
 37 350.9394   4315.631447  x:  0.14682   0.10642   0.06924   0.06603   0.01691   0.08652   0.06790   0.05852   0.00898   0.02275   0.01997   0.06520   0.05484   0.00546   0.03400   0.05578   0.00000   0.03067   0.01491   0.01715   0.06099   0.05878   0.04049   0.09758   0.00401   0.00000   0.00893   0.01294   0.01124   0.00913   0.00808   0.00000   0.00570   0.00000   0.00113   0.00000   0.02107   0.00000   0.00000   0.01458   0.00000   0.01914   0.00000   0.00000   0.01068   0.00000   0.02063   0.02695   0.00000   0.01340   0.02079   0.00000   0.00000   0.00000   0.00000   0.00837   0.00432   0.01639   0.01043   0.00592   0.00706   0.01642   0.00000   0.00153   0.00926   0.02323   0.17662   2.72436   0.31267  
 38 511.2188   4313.295360  x:  0.14422   0.11911   0.06486   0.06193   0.01668   0.08612   0.06906   0.05894   0.00807   0.02346   0.02176   0.06072   0.05237   0.00530   0.03618   0.05185   0.00000   0.03229   0.01390   0.02166   0.06057   0.05648   0.04495   0.07868   0.00426   0.00000   0.00603   0.01322   0.01125   0.00707   0.00433   0.00000   0.00491   0.00000   0.00108   0.00000   0.01879   0.00000   0.00000   0.01425   0.00000   0.02004   0.00000   0.00000   0.01071   0.00000   0.01900   0.03156   0.00000   0.01343   0.02206   0.00000   0.00000   0.00000   0.00000   0.00777   0.00572   0.01924   0.01016   0.00728   0.00468   0.01609   0.00000   0.00630   0.00934   0.02268   0.17496   2.74853   0.31775  
 39 1199.8988   4308.412107  x:  0.13845   0.14423   0.05641   0.05490   0.01632   0.08490   0.07161   0.05941   0.00784   0.02755   0.02425   0.05364   0.04947   0.00481   0.03992   0.04566   0.00000   0.03496   0.01310   0.02698   0.05996   0.05232   0.05270   0.03421   0.00442   0.00000   0.00351   0.01383   0.01140   0.01425   0.01366   0.00000   0.00613   0.00000   0.00098   0.00000   0.01743   0.00000   0.00000   0.01468   0.00000   0.01881   0.00000   0.00000   0.01103   0.00000   0.01552   0.04222   0.00000   0.01325   0.02089   0.00000   0.00000   0.00000   0.00000   0.01119   0.00353   0.02322   0.00845   0.00577   0.00338   0.01484   0.00000   0.00607   0.00978   0.01984   0.17294   2.79438   0.32649  
 40 1040.1966   4307.032563  x:  0.13724   0.14943   0.05540   0.05449   0.01610   0.08493   0.07097   0.05922   0.00741   0.02878   0.02407   0.05324   0.04903   0.00294   0.04039   0.04603   0.00000   0.03506   0.01400   0.02693   0.06018   0.05213   0.05277   0.02385   0.00172   0.00000   0.00637   0.01400   0.01146   0.01504   0.01347   0.00000   0.00531   0.00000   0.00096   0.00000   0.01858   0.00000   0.00000   0.01470   0.00000   0.01821   0.00000   0.00000   0.01118   0.00000   0.01577   0.04528   0.00000   0.01323   0.02075   0.00000   0.00000   0.00000   0.00000   0.01277   0.00286   0.02389   0.00798   0.00667   0.00489   0.01281   0.00000   0.00665   0.01021   0.01997   0.17286   2.80334   0.32776  
 41 601.2600   4305.722152  x:  0.13637   0.15341   0.05549   0.05525   0.01593   0.08531   0.06940   0.05883   0.00729   0.02954   0.02451   0.05409   0.04932   0.00041   0.04060   0.04784   0.00000   0.03469   0.01557   0.02663   0.06070   0.05271   0.05112   0.01588   0.00345   0.00000   0.00642   0.01418   0.01180   0.01521   0.01219   0.00000   0.00556   0.00000   0.00093   0.00000   0.02032   0.00000   0.00000   0.01439   0.00000   0.01807   0.00000   0.00000   0.01140   0.00000   0.01502   0.04805   0.00000   0.01319   0.02105   0.00000   0.00000   0.00000   0.00000   0.01428   0.00188   0.02410   0.00819   0.00633   0.00512   0.01219   0.00000   0.00630   0.01030   0.02098   0.17313   2.80940   0.32815  
 42 515.2063   4303.850326  x:  0.13520   0.15881   0.05610   0.05679   0.01552   0.08595   0.06692   0.05818   0.00747   0.03044   0.02522   0.05583   0.05031   0.00182   0.04095   0.05106   0.00000   0.03410   0.01780   0.02594   0.06153   0.05391   0.04789   0.00524   0.00297   0.00000   0.00562   0.01461   0.01250   0.01569   0.01015   0.00000   0.00665   0.00000   0.00090   0.00000   0.02249   0.00000   0.00000   0.01443   0.00000   0.01874   0.00000   0.00000   0.01173   0.00000   0.01373   0.05197   0.00000   0.01319   0.02131   0.00000   0.00000   0.00000   0.00000   0.01575   0.00094   0.02430   0.00874   0.00545   0.00419   0.01209   0.00000   0.00567   0.01030   0.02261   0.17373   2.81706   0.32832  
 43 1233.3601   4303.396022  x:  0.13489   0.16015   0.05632   0.05726   0.01548   0.08615   0.06638   0.05799   0.00768   0.03072   0.02534   0.05636   0.05069   0.00151   0.04100   0.05197   0.00000   0.03400   0.01815   0.02552   0.06177   0.05422   0.04698   0.00273   0.00256   0.00000   0.00519   0.01464   0.01259   0.01601   0.01010   0.00000   0.00689   0.00000   0.00089   0.00000   0.02281   0.00000   0.00000   0.01439   0.00000   0.01883   0.00000   0.00000   0.01182   0.00000   0.01367   0.05314   0.00000   0.01320   0.02123   0.00000   0.00000   0.00000   0.00000   0.01461   0.00167   0.02427   0.00876   0.00522   0.00405   0.01236   0.00000   0.00558   0.01022   0.02305   0.17399   2.81881   0.32826  
 44 753.7316   4301.320572  x:  0.13204   0.16715   0.05609   0.05800   0.01583   0.08695   0.07058   0.05741   0.00677   0.03283   0.02600   0.05886   0.05544   0.00116   0.04202   0.05335   0.00000   0.03636   0.01414   0.02073   0.06193   0.05368   0.04573   0.00163   0.00243   0.00000   0.00358   0.01357   0.01158   0.01593   0.00848   0.00000   0.00419   0.00000   0.00086   0.00000   0.01848   0.00000   0.00000   0.01520   0.00000   0.01923   0.00000   0.00000   0.01223   0.00000   0.01370   0.05704   0.00000   0.01340   0.01856   0.00000   0.00000   0.00000   0.00000   0.01306   0.00115   0.02358   0.00667   0.00282   0.00642   0.01108   0.00000   0.00374   0.01061   0.02179   0.17768   2.82149   0.32605  
 45 153.5323   4300.311718  x:  0.13001   0.17094   0.05507   0.05773   0.01685   0.08756   0.07428   0.05713   0.00782   0.03488   0.02611   0.05954   0.05687   0.00077   0.04237   0.05374   0.00000   0.03824   0.01223   0.01575   0.06182   0.05213   0.04757   0.00233   0.00180   0.00000   0.00370   0.01131   0.01033   0.01429   0.00728   0.00000   0.00638   0.00000   0.00084   0.00000   0.02059   0.00000   0.00000   0.01563   0.00000   0.01750   0.00000   0.00000   0.01248   0.00000   0.01400   0.05914   0.00000   0.01343   0.01800   0.00000   0.00000   0.00000   0.00000   0.01264   0.00119   0.02187   0.00630   0.00170   0.00539   0.01149   0.00000   0.00305   0.01056   0.02090   0.18037   2.82243   0.32480  
 46 281.3783   4300.008244  x:  0.12932   0.17078   0.05490   0.05760   0.01687   0.08808   0.07607   0.05693   0.00743   0.03510   0.02580   0.05955   0.05593   0.00055   0.04213   0.05407   0.00000   0.03920   0.01241   0.01305   0.06176   0.05112   0.04877   0.00220   0.00141   0.00000   0.00330   0.01147   0.01083   0.01318   0.00811   0.00000   0.00605   0.00000   0.00084   0.00000   0.02096   0.00000   0.00000   0.01440   0.00000   0.01919   0.00000   0.00000   0.01268   0.00000   0.01411   0.05921   0.00000   0.01339   0.01896   0.00000   0.00000   0.00000   0.00000   0.01276   0.00108   0.01992   0.00776   0.00170   0.00530   0.01188   0.00000   0.00316   0.01037   0.02008   0.18189   2.82252   0.32444  
 47 129.2374   4299.890229  x:  0.12901   0.17030   0.05490   0.05744   0.01668   0.08837   0.07684   0.05685   0.00745   0.03486   0.02578   0.05937   0.05512   0.00059   0.04192   0.05426   0.00000   0.03966   0.01275   0.01189   0.06177   0.05066   0.04922   0.00206   0.00154   0.00000   0.00366   0.01175   0.01095   0.01314   0.00813   0.00000   0.00617   0.00000   0.00083   0.00000   0.02081   0.00000   0.00000   0.01385   0.00000   0.02009   0.00000   0.00000   0.01279   0.00000   0.01398   0.05918   0.00000   0.01337   0.01967   0.00000   0.00000   0.00000   0.00000   0.01276   0.00107   0.01879   0.00647   0.00175   0.00502   0.01226   0.00000   0.00322   0.01023   0.01980   0.18272   2.82253   0.32432  
 48 131.1259   4299.826112  x:  0.12864   0.16912   0.05494   0.05700   0.01624   0.08849   0.07763   0.05688   0.00760   0.03405   0.02582   0.05884   0.05423   0.00057   0.04148   0.05419   0.00000   0.03999   0.01349   0.01175   0.06172   0.05037   0.04965   0.00200   0.00150   0.00000   0.00360   0.01220   0.01080   0.01430   0.00730   0.00000   0.00608   0.00000   0.00083   0.00000   0.02049   0.00000   0.00000   0.01418   0.00000   0.01942   0.00000   0.00000   0.01284   0.00000   0.01394   0.05899   0.00000   0.01335   0.02002   0.00000   0.00000   0.00000   0.00000   0.01262   0.00105   0.01790   0.00671   0.00167   0.00497   0.01227   0.00000   0.00308   0.01025   0.01983   0.18394   2.82239   0.32425  
 49 46.8969   4299.794148  x:  0.12827   0.16759   0.05505   0.05665   0.01606   0.08849   0.07796   0.05696   0.00763   0.03316   0.02578   0.05839   0.05385   0.00052   0.04103   0.05418   0.00000   0.04006   0.01302   0.01243   0.06171   0.05045   0.04971   0.00181   0.00145   0.00000   0.00364   0.01156   0.01085   0.01435   0.00732   0.00000   0.00609   0.00000   0.00083   0.00000   0.02070   0.00000   0.00000   0.01415   0.00000   0.01937   0.00000   0.00000   0.01280   0.00000   0.01400   0.05891   0.00000   0.01334   0.01971   0.00000   0.00000   0.00000   0.00000   0.01273   0.00099   0.01792   0.00666   0.00176   0.00477   0.01225   0.00000   0.00314   0.01024   0.02000   0.18526   2.82227   0.32428  
 50 30.2919   4299.778480  x:  0.12786   0.16697   0.05491   0.05622   0.01602   0.08839   0.07804   0.05708   0.00763   0.03277   0.02574   0.05796   0.05394   0.00054   0.04085   0.05398   0.00000   0.04005   0.01315   0.01256   0.06169   0.05056   0.04974   0.00187   0.00143   0.00000   0.00350   0.01186   0.01093   0.01431   0.00729   0.00000   0.00601   0.00000   0.00083   0.00000   0.02125   0.00000   0.00000   0.01394   0.00000   0.01955   0.00000   0.00000   0.01275   0.00000   0.01404   0.05899   0.00000   0.01334   0.01927   0.00000   0.00000   0.00000   0.00000   0.01267   0.00100   0.01827   0.00649   0.00168   0.00484   0.01214   0.00000   0.00309   0.01024   0.02019   0.18620   2.82225   0.32432  
 51 29.4684   4299.764900  x:  0.12732   0.16653   0.05468   0.05577   0.01625   0.08843   0.07755   0.05725   0.00762   0.03261   0.02580   0.05744   0.05403   0.00054   0.04082   0.05380   0.00000   0.03994   0.01322   0.01216   0.06175   0.05077   0.04948   0.00181   0.00144   0.00000   0.00355   0.01197   0.01046   0.01406   0.00741   0.00000   0.00609   0.00000   0.00083   0.00000   0.02102   0.00000   0.00000   0.01404   0.00000   0.01960   0.00000   0.00000   0.01275   0.00000   0.01400   0.05914   0.00000   0.01334   0.01923   0.00000   0.00000   0.00000   0.00000   0.01272   0.00099   0.01853   0.00657   0.00167   0.00487   0.01223   0.00000   0.00310   0.01023   0.02034   0.18724   2.82231   0.32439  
 52 16.8246   4299.751370  x:  0.12668   0.16640   0.05442   0.05541   0.01639   0.08853   0.07690   0.05741   0.00760   0.03273   0.02581   0.05705   0.05418   0.00055   0.04091   0.05361   0.00000   0.03981   0.01322   0.01185   0.06181   0.05090   0.04924   0.00183   0.00146   0.00000   0.00357   0.01172   0.01106   0.01406   0.00737   0.00000   0.00611   0.00000   0.00083   0.00000   0.02081   0.00000   0.00000   0.01414   0.00000   0.01950   0.00000   0.00000   0.01277   0.00000   0.01397   0.05921   0.00000   0.01334   0.01937   0.00000   0.00000   0.00000   0.00000   0.01269   0.00100   0.01848   0.00659   0.00165   0.00491   0.01225   0.00000   0.00308   0.01023   0.02032   0.18835   2.82241   0.32449  
 53 21.1519   4299.723999  x:  0.12552   0.16664   0.05427   0.05537   0.01619   0.08874   0.07590   0.05758   0.00754   0.03334   0.02574   0.05722   0.05448   0.00056   0.04116   0.05344   0.00000   0.03954   0.01289   0.01238   0.06188   0.05084   0.04899   0.00193   0.00147   0.00000   0.00357   0.01177   0.01071   0.01431   0.00724   0.00000   0.00596   0.00000   0.00083   0.00000   0.02103   0.00000   0.00000   0.01399   0.00000   0.01965   0.00000   0.00000   0.01282   0.00000   0.01402   0.05897   0.00000   0.01333   0.01967   0.00000   0.00000   0.00000   0.00000   0.01258   0.00102   0.01770   0.00661   0.00172   0.00482   0.01226   0.00000   0.00310   0.01022   0.01974   0.19042   2.82264   0.32473  
 54 15.8149   4299.681109  x:  0.12463   0.16714   0.05484   0.05622   0.01627   0.08866   0.07565   0.05766   0.00762   0.03349   0.02556   0.05815   0.05412   0.00050   0.04110   0.05328   0.00000   0.03911   0.01333   0.01283   0.06174   0.05045   0.04910   0.00193   0.00135   0.00000   0.00350   0.01223   0.01089   0.01355   0.00761   0.00000   0.00601   0.00000   0.00083   0.00000   0.02060   0.00000   0.00000   0.01430   0.00000   0.01911   0.00000   0.00000   0.01276   0.00000   0.01414   0.05847   0.00000   0.01331   0.01955   0.00000   0.00000   0.00000   0.00000   0.01257   0.00099   0.01782   0.00639   0.00173   0.00466   0.01241   0.00000   0.00313   0.01021   0.01946   0.19261   2.82280   0.32495  
 55 15.4918   4299.566208  x:  0.12343   0.16923   0.05629   0.05801   0.01617   0.08812   0.07589   0.05753   0.00752   0.03290   0.02554   0.05955   0.05239   0.00060   0.04075   0.05316   0.00000   0.03846   0.01350   0.01216   0.06146   0.04965   0.04912   0.00212   0.00143   0.00000   0.00349   0.01121   0.01058   0.01429   0.00749   0.00000   0.00592   0.00000   0.00083   0.00000   0.02041   0.00000   0.00000   0.01418   0.00000   0.01971   0.00000   0.00000   0.01266   0.00000   0.01393   0.05819   0.00000   0.01331   0.01945   0.00000   0.00000   0.00000   0.00000   0.01237   0.00105   0.01923   0.00651   0.00170   0.00488   0.01243   0.00000   0.00310   0.01020   0.02029   0.19656   2.82320   0.32535  
 56 32.4305   4299.384839  x:  0.12400   0.17041   0.05730   0.05914   0.01636   0.08800   0.07637   0.05673   0.00768   0.03183   0.02571   0.05909   0.05143   0.00063   0.04021   0.05436   0.00000   0.03865   0.01097   0.01152   0.06159   0.05002   0.04873   0.00213   0.00151   0.00000   0.00363   0.01296   0.01110   0.01444   0.00752   0.00000   0.00603   0.00000   0.00084   0.00000   0.02064   0.00000   0.00000   0.01449   0.00000   0.01930   0.00000   0.00000   0.01269   0.00000   0.01361   0.05856   0.00000   0.01329   0.01982   0.00000   0.00000   0.00000   0.00000   0.01240   0.00107   0.01937   0.00672   0.00177   0.00502   0.01248   0.00000   0.00315   0.01020   0.02080   0.19909   2.82314   0.32547  
 57 24.1168   4298.107757  x:  0.13217   0.17335   0.05958   0.06192   0.01633   0.08775   0.08097   0.05140   0.00740   0.02734   0.02619   0.05269   0.05381   0.00071   0.03758   0.06207   0.00000   0.04209   0.01329   0.01233   0.06295   0.05493   0.04682   0.00303   0.00168   0.00000   0.00362   0.01174   0.01080   0.01264   0.00870   0.00000   0.00585   0.00000   0.00086   0.00000   0.01966   0.00000   0.00000   0.01565   0.00000   0.01952   0.00000   0.00000   0.01282   0.00000   0.01276   0.06080   0.00000   0.01320   0.01837   0.00000   0.00000   0.00000   0.00000   0.01185   0.00134   0.01639   0.00683   0.00223   0.00481   0.01148   0.00000   0.00345   0.01047   0.01826   0.20931   2.82062   0.32493  
 58 50.8562   4290.794507  x:  0.17542   0.14039   0.05439   0.05711   0.00929   0.08166   0.08358   0.05783   0.00555   0.03244   0.02608   0.05833   0.05868   0.00020   0.03242   0.05931   0.00000   0.03377   0.01100   0.00793   0.06266   0.06053   0.04475   0.00424   0.00076   0.00000   0.00353   0.01155   0.01007   0.01307   0.00701   0.00000   0.00490   0.00000   0.00101   0.00000   0.01577   0.00000   0.00000   0.01704   0.00000   0.02207   0.00000   0.00000   0.01164   0.00000   0.01054   0.04357   0.00000   0.01275   0.02299   0.00000   0.00000   0.00000   0.00000   0.00879   0.00145   0.02231   0.00600   0.00234   0.00204   0.01311   0.00000   0.00277   0.00975   0.02148   0.22590   2.79257   0.31281  
 59 65.3990   4288.537620  x:  0.18216   0.12693   0.05718   0.05547   0.01982   0.08029   0.08422   0.06084   0.00353   0.02858   0.02616   0.06263   0.05822   0.00006   0.03661   0.05372   0.00000   0.03642   0.01102   0.00827   0.06183   0.05781   0.03867   0.00452   0.00062   0.00000   0.00353   0.01188   0.01017   0.01450   0.00589   0.00000   0.00473   0.00000   0.00106   0.00000   0.01687   0.00000   0.00000   0.01937   0.00000   0.02445   0.00000   0.00000   0.01156   0.00000   0.00984   0.04177   0.00000   0.01271   0.02237   0.00000   0.00000   0.00000   0.00000   0.00740   0.00152   0.02027   0.00583   0.00271   0.00119   0.01234   0.00000   0.00273   0.00997   0.02040   0.22614   2.78276   0.30815  
 60 225.1052   4286.332076  x:  0.17958   0.11507   0.06295   0.05265   0.01334   0.07983   0.08408   0.06309   0.00424   0.02242   0.02721   0.06662   0.05757   0.00022   0.04212   0.04665   0.00000   0.04241   0.01068   0.00584   0.06061   0.05329   0.02974   0.00480   0.00092   0.00000   0.00357   0.01161   0.01023   0.01131   0.00691   0.00000   0.00447   0.00000   0.00110   0.00000   0.01788   0.00000   0.00000   0.02138   0.00000   0.02374   0.00000   0.00000   0.01158   0.00000   0.00870   0.04450   0.00000   0.01269   0.01994   0.00000   0.00000   0.00000   0.00000   0.00642   0.00166   0.01733   0.00616   0.00287   0.00133   0.01209   0.00000   0.00274   0.00991   0.01989   0.22157   2.77457   0.30392  
 61 226.9366   4284.500690  x:  0.15898   0.10415   0.07070   0.05374   0.01201   0.07833   0.08348   0.06255   0.00377   0.02063   0.02802   0.06516   0.06166   0.00019   0.03649   0.04816   0.00000   0.04223   0.01009   0.00510   0.05915   0.05409   0.03433   0.00550   0.00074   0.00000   0.00369   0.01179   0.01020   0.01085   0.00702   0.00000   0.00446   0.00000   0.00114   0.00000   0.01549   0.00000   0.00000   0.02157   0.00000   0.02477   0.00000   0.00000   0.01148   0.00000   0.00792   0.04412   0.00000   0.01266   0.01844   0.00000   0.00000   0.00000   0.00000   0.00628   0.00181   0.01429   0.00615   0.00312   0.00063   0.01190   0.00000   0.00279   0.00983   0.02475   0.20909   2.76738   0.29971  
 62 115.2629   4283.995083  x:  0.15036   0.10092   0.07195   0.05371   0.01184   0.07932   0.08705   0.06288   0.00370   0.02209   0.02846   0.06412   0.06045   0.00024   0.03345   0.04979   0.00000   0.04254   0.01014   0.00512   0.05898   0.05684   0.03097   0.00551   0.00078   0.00000   0.00366   0.01172   0.01013   0.01092   0.00689   0.00000   0.00421   0.00000   0.00115   0.00000   0.01609   0.00000   0.00000   0.02187   0.00000   0.02446   0.00000   0.00000   0.01137   0.00000   0.00752   0.04142   0.00000   0.01255   0.02079   0.00000   0.00000   0.00000   0.00000   0.00552   0.00181   0.01793   0.00613   0.00313   0.00057   0.01226   0.00000   0.00270   0.00974   0.02096   0.20458   2.76513   0.29827  
 63 105.7606   4283.887919  x:  0.14815   0.10054   0.06951   0.05395   0.01175   0.08019   0.08942   0.06426   0.00371   0.02138   0.02851   0.06586   0.05906   0.00024   0.03493   0.05036   0.00000   0.04103   0.01018   0.00517   0.05968   0.06053   0.03097   0.00560   0.00081   0.00000   0.00366   0.01172   0.01015   0.01070   0.00704   0.00000   0.00419   0.00000   0.00115   0.00000   0.01597   0.00000   0.00000   0.02206   0.00000   0.02451   0.00000   0.00000   0.01144   0.00000   0.00752   0.04208   0.00000   0.01257   0.02044   0.00000   0.00000   0.00000   0.00000   0.00548   0.00184   0.01711   0.00616   0.00319   0.00056   0.01223   0.00000   0.00275   0.00975   0.02145   0.20388   2.76483   0.29816  
 64 23.6619   4282.997237  x:  0.14723   0.09723   0.06564   0.06138   0.01211   0.08661   0.09114   0.06494   0.00357   0.02153   0.02838   0.06544   0.06086   0.00065   0.02735   0.04295   0.00000   0.04050   0.01033   0.00530   0.05848   0.06082   0.03125   0.00550   0.00098   0.00000   0.00381   0.01198   0.01039   0.01034   0.00684   0.00000   0.00429   0.00000   0.00121   0.00000   0.01653   0.00000   0.00000   0.02247   0.00000   0.02494   0.00000   0.00000   0.01170   0.00000   0.00744   0.04355   0.00000   0.01260   0.02016   0.00000   0.00000   0.00000   0.00000   0.00541   0.00187   0.01599   0.00641   0.00329   0.00074   0.01177   0.00000   0.00271   0.00982   0.02211   0.20392   2.75963   0.29683  
 65  3.4955   4280.035158  x:  0.14266   0.08496   0.06634   0.06558   0.01244   0.08478   0.09392   0.06171   0.00354   0.01658   0.02686   0.06293   0.06720   0.00064   0.03483   0.04565   0.00000   0.03131   0.01048   0.00301   0.05512   0.05539   0.04032   0.00509   0.00134   0.00000   0.00385   0.01204   0.01051   0.01029   0.00627   0.00000   0.00381   0.00000   0.00141   0.00000   0.01860   0.00000   0.00000   0.02234   0.00000   0.02369   0.00000   0.00000   0.01112   0.00000   0.00842   0.03524   0.00000   0.01222   0.02198   0.00000   0.00000   0.00000   0.00000   0.00413   0.00188   0.01977   0.00671   0.00356   0.00112   0.01085   0.00000   0.00258   0.00981   0.01700   0.20494   2.74109   0.29169  
 66 51.1509   4277.315528  x:  0.13823   0.07564   0.06954   0.05916   0.01445   0.06979   0.10085   0.06067   0.00239   0.02543   0.02651   0.06191   0.06576   0.00097   0.03468   0.05019   0.00000   0.02776   0.01079   0.00445   0.05378   0.05081   0.04007   0.00519   0.00188   0.00000   0.00400   0.01233   0.01081   0.00736   0.00662   0.00000   0.00343   0.00000   0.00159   0.00000   0.01868   0.00000   0.00000   0.02322   0.00000   0.02321   0.00000   0.00000   0.01013   0.00000   0.00869   0.02726   0.00000   0.01215   0.01897   0.00000   0.00000   0.00000   0.00000   0.00325   0.00204   0.01560   0.00732   0.00388   0.00151   0.01037   0.00000   0.00240   0.00982   0.02225   0.20698   2.72380   0.28663  
 67 186.6040   4276.791326  x:  0.13739   0.07476   0.06981   0.05554   0.01501   0.06570   0.09836   0.06222   0.00230   0.02461   0.02656   0.06669   0.06548   0.00105   0.03174   0.05179   0.00000   0.03456   0.01089   0.00424   0.05670   0.05326   0.04360   0.00525   0.00199   0.00000   0.00402   0.01234   0.01084   0.00731   0.00677   0.00000   0.00331   0.00000   0.00163   0.00000   0.01885   0.00000   0.00000   0.02326   0.00000   0.02282   0.00000   0.00000   0.00986   0.00000   0.00851   0.02492   0.00000   0.01214   0.01925   0.00000   0.00000   0.00000   0.00000   0.00291   0.00209   0.01647   0.00741   0.00400   0.00168   0.01016   0.00000   0.00244   0.00986   0.02152   0.20757   2.72029   0.28548  
 68 86.4396   4276.774685  x:  0.13756   0.07502   0.07095   0.05437   0.01510   0.06664   0.09869   0.06271   0.00228   0.02456   0.02657   0.06706   0.06572   0.00108   0.03126   0.05178   0.00000   0.03382   0.01090   0.00425   0.05769   0.05311   0.04382   0.00525   0.00200   0.00000   0.00403   0.01235   0.01086   0.00729   0.00679   0.00000   0.00333   0.00000   0.00163   0.00000   0.01886   0.00000   0.00000   0.02329   0.00000   0.02284   0.00000   0.00000   0.00991   0.00000   0.00849   0.02528   0.00000   0.01213   0.01931   0.00000   0.00000   0.00000   0.00000   0.00292   0.00209   0.01645   0.00743   0.00401   0.00170   0.01009   0.00000   0.00245   0.00987   0.02135   0.20761   2.72028   0.28553  
 69  7.0793   4276.564112  x:  0.13847   0.07504   0.07616   0.05582   0.01490   0.06627   0.09889   0.06609   0.00248   0.02630   0.02680   0.06506   0.06567   0.00108   0.03310   0.04952   0.00000   0.03450   0.01098   0.00407   0.05730   0.05713   0.04533   0.00510   0.00201   0.00000   0.00403   0.01229   0.01086   0.00730   0.00665   0.00000   0.00336   0.00000   0.00164   0.00000   0.01940   0.00000   0.00000   0.02308   0.00000   0.02290   0.00000   0.00000   0.00989   0.00000   0.00842   0.02463   0.00000   0.01216   0.01946   0.00000   0.00000   0.00000   0.00000   0.00304   0.00206   0.01611   0.00744   0.00392   0.00173   0.00999   0.00000   0.00239   0.00989   0.02104   0.20817   2.71958   0.28526  
 70  1.7747   4272.592005  x:  0.13793   0.08000   0.07288   0.05682   0.01617   0.06095   0.09987   0.07810   0.00620   0.02302   0.02730   0.07344   0.07317   0.00161   0.02755   0.06182   0.00000   0.03294   0.01224   0.00645   0.04550   0.04978   0.04622   0.00471   0.00258   0.00000   0.00478   0.01303   0.01186   0.00681   0.00600   0.00000   0.00382   0.00000   0.00191   0.00000   0.02213   0.00000   0.00000   0.02529   0.00000   0.02433   0.00000   0.00000   0.00935   0.00000   0.00486   0.02062   0.00000   0.01161   0.01798   0.00000   0.00000   0.00000   0.00000   0.00658   0.00226   0.01491   0.00868   0.00420   0.00160   0.00808   0.00000   0.00261   0.01015   0.01954   0.21412   2.71082   0.28057  
 71  7.4661   4270.980451  x:  0.13641   0.07949   0.07099   0.05938   0.01663   0.05510   0.10089   0.06372   0.00773   0.02340   0.02698   0.07692   0.07476   0.00193   0.02843   0.05608   0.00000   0.03057   0.01263   0.00684   0.05940   0.04981   0.04645   0.00434   0.00271   0.00000   0.00499   0.01322   0.01214   0.00668   0.00539   0.00000   0.00379   0.00000   0.00202   0.00000   0.02352   0.00000   0.00000   0.02548   0.00000   0.02441   0.00000   0.00000   0.00883   0.00000   0.00402   0.01595   0.00000   0.01134   0.01764   0.00000   0.00000   0.00000   0.00000   0.00775   0.00225   0.01497   0.00905   0.00417   0.00132   0.00783   0.00000   0.00254   0.01006   0.01979   0.21603   2.70713   0.27853  
 72 88.6867   4270.863217  x:  0.13649   0.07951   0.07180   0.05725   0.01691   0.05588   0.10067   0.05919   0.00782   0.02369   0.02707   0.07879   0.07445   0.00196   0.02826   0.05468   0.00000   0.03014   0.01266   0.00680   0.05642   0.05194   0.04684   0.00430   0.00272   0.00000   0.00501   0.01322   0.01215   0.00669   0.00534   0.00000   0.00379   0.00000   0.00202   0.00000   0.02366   0.00000   0.00000   0.02545   0.00000   0.02442   0.00000   0.00000   0.00885   0.00000   0.00393   0.01593   0.00000   0.01135   0.01774   0.00000   0.00000   0.00000   0.00000   0.00779   0.00224   0.01493   0.00907   0.00416   0.00132   0.00785   0.00000   0.00253   0.01005   0.01977   0.21635   2.70691   0.27841  
 73 34.2209   4268.923862  x:  0.12725   0.08408   0.07572   0.06076   0.01669   0.05177   0.09946   0.05773   0.00832   0.02290   0.02864   0.07991   0.07706   0.00175   0.02870   0.05796   0.00000   0.02868   0.01264   0.00690   0.05764   0.05472   0.04242   0.00435   0.00213   0.00000   0.00522   0.01331   0.01224   0.00898   0.00488   0.00000   0.00478   0.00000   0.00209   0.00000   0.02336   0.00000   0.00000   0.02645   0.00000   0.02660   0.00000   0.00000   0.00884   0.00000   0.00125   0.01767   0.00000   0.01107   0.01652   0.00000   0.00000   0.00000   0.00000   0.00640   0.00230   0.01281   0.00883   0.00421   0.00200   0.00803   0.00000   0.00270   0.00988   0.02056   0.20946   2.72316   0.27741  
 74  0.2184   4267.258816  x:  0.12325   0.09564   0.07758   0.06615   0.01589   0.04828   0.09986   0.05632   0.00889   0.02285   0.02685   0.08352   0.08225   0.00181   0.02892   0.05852   0.00000   0.02675   0.01286   0.00716   0.05769   0.05664   0.03930   0.00379   0.00192   0.00000   0.00579   0.01336   0.01260   0.01075   0.00494   0.00000   0.00593   0.00000   0.00240   0.00000   0.02449   0.00000   0.00000   0.02729   0.00000   0.02802   0.00000   0.00000   0.00891   0.00000   0.00409   0.01906   0.00000   0.01103   0.01381   0.00000   0.00000   0.00000   0.00000   0.00396   0.00238   0.00970   0.00918   0.00400   0.00224   0.00787   0.00000   0.00296   0.00975   0.01961   0.20864   2.77010   0.28048  
 75  0.3896   4265.564330  x:  0.13363   0.09960   0.07816   0.07291   0.01349   0.04983   0.09708   0.05748   0.00673   0.02239   0.02719   0.08742   0.08563   0.00230   0.02998   0.05540   0.00000   0.02716   0.01209   0.00822   0.05661   0.05983   0.03986   0.00268   0.00226   0.00000   0.00612   0.01239   0.01257   0.00895   0.00631   0.00000   0.00657   0.00000   0.00259   0.00000   0.02613   0.00000   0.00000   0.02801   0.00000   0.02800   0.00000   0.00000   0.00938   0.00000   0.00351   0.01935   0.00000   0.01058   0.01355   0.00000   0.00000   0.00000   0.00000   0.00563   0.00246   0.00845   0.00960   0.00263   0.00227   0.00785   0.00000   0.00285   0.00967   0.01262   0.21156   2.84757   0.28560  
 76  0.2113   4263.854965  x:  0.13618   0.09220   0.07755   0.07413   0.01548   0.04833   0.09819   0.05810   0.00752   0.02339   0.02943   0.09053   0.08892   0.00249   0.02661   0.05358   0.00000   0.02708   0.01134   0.00498   0.05805   0.06216   0.03352   0.00312   0.00182   0.00000   0.00601   0.01127   0.01195   0.00786   0.00677   0.00000   0.00640   0.00000   0.00283   0.00000   0.02454   0.00000   0.00000   0.02955   0.00000   0.02828   0.00000   0.00000   0.01014   0.00000   0.00406   0.02022   0.00000   0.01034   0.01253   0.00000   0.00000   0.00000   0.00000   0.00851   0.00268   0.00865   0.00898   0.00303   0.00324   0.01122   0.00000   0.00315   0.00885   0.01541   0.20351   2.98945   0.29417  
 77  0.2353   4262.742958  x:  0.14458   0.08866   0.07753   0.07569   0.01546   0.05243   0.09964   0.06136   0.00856   0.02115   0.03168   0.09216   0.09487   0.00262   0.02710   0.04705   0.00000   0.02578   0.01157   0.00702   0.05588   0.06140   0.03566   0.00300   0.00219   0.00000   0.00631   0.01144   0.01206   0.00992   0.00724   0.00000   0.00626   0.00000   0.00296   0.00000   0.02393   0.00000   0.00000   0.02983   0.00000   0.02733   0.00000   0.00000   0.01074   0.00000   0.00353   0.01840   0.00000   0.00990   0.01237   0.00000   0.00000   0.00000   0.00000   0.00663   0.00283   0.01199   0.00911   0.00310   0.00354   0.01195   0.00000   0.00336   0.00849   0.01536   0.20553   3.11976   0.30214  
 78  0.2622   4261.884038  x:  0.14603   0.09429   0.07343   0.07559   0.01526   0.05018   0.10304   0.06230   0.00846   0.02353   0.03338   0.09321   0.09703   0.00284   0.02670   0.04496   0.00000   0.02672   0.01249   0.00495   0.05381   0.05853   0.03764   0.00269   0.00270   0.00000   0.00642   0.01195   0.01222   0.00930   0.00638   0.00000   0.00615   0.00000   0.00308   0.00000   0.02510   0.00000   0.00000   0.03028   0.00000   0.02543   0.00000   0.00000   0.01130   0.00000   0.00267   0.01893   0.00000   0.00918   0.01151   0.00000   0.00000   0.00000   0.00000   0.00613   0.00304   0.01024   0.00928   0.00353   0.00370   0.00901   0.00000   0.00323   0.00897   0.01588   0.21052   3.25771   0.30694  
 79  0.2341   4261.159168  x:  0.13589   0.08910   0.07564   0.07516   0.01455   0.04761   0.10315   0.06073   0.00822   0.02178   0.03434   0.09162   0.09798   0.00255   0.02855   0.04658   0.00000   0.02879   0.01212   0.00607   0.05405   0.05836   0.03826   0.00292   0.00274   0.00000   0.00624   0.01214   0.01193   0.00966   0.00538   0.00000   0.00593   0.00000   0.00317   0.00000   0.02405   0.00000   0.00000   0.03100   0.00000   0.02542   0.00000   0.00000   0.01193   0.00000   0.00301   0.01838   0.00000   0.00838   0.01346   0.00000   0.00000   0.00000   0.00000   0.00730   0.00318   0.00926   0.00876   0.00344   0.00460   0.00742   0.00000   0.00299   0.00931   0.01443   0.20546   3.39767   0.30822  
 80  0.3729   4260.764252  x:  0.13642   0.08815   0.07543   0.07459   0.01511   0.04795   0.10171   0.05917   0.00922   0.02150   0.03500   0.09018   0.09702   0.00244   0.02790   0.05007   0.00000   0.02721   0.01190   0.00638   0.05556   0.05747   0.03946   0.00294   0.00302   0.00000   0.00597   0.01207   0.01195   0.00879   0.00610   0.00000   0.00557   0.00000   0.00318   0.00000   0.02430   0.00000   0.00000   0.03119   0.00000   0.02607   0.00000   0.00000   0.01229   0.00000   0.00272   0.01970   0.00000   0.00761   0.01360   0.00000   0.00000   0.00000   0.00000   0.00602   0.00322   0.00849   0.00872   0.00300   0.00496   0.00940   0.00000   0.00277   0.00903   0.01400   0.20782   3.50009   0.30574  
 81  0.1512   4260.555902  x:  0.13473   0.09056   0.07585   0.07383   0.01458   0.04800   0.10186   0.05889   0.00854   0.02185   0.03482   0.08885   0.09609   0.00238   0.02827   0.05212   0.00000   0.02684   0.01214   0.00601   0.05543   0.05788   0.03875   0.00299   0.00311   0.00000   0.00598   0.01241   0.01226   0.00876   0.00618   0.00000   0.00615   0.00000   0.00319   0.00000   0.02432   0.00000   0.00000   0.03089   0.00000   0.02675   0.00000   0.00000   0.01212   0.00000   0.00288   0.01868   0.00000   0.00703   0.01293   0.00000   0.00000   0.00000   0.00000   0.00627   0.00321   0.01074   0.00894   0.00296   0.00531   0.00947   0.00000   0.00284   0.00907   0.01471   0.20995   3.56868   0.30386  
 82  0.1285   4260.439932  x:  0.13705   0.08888   0.07596   0.07242   0.01470   0.04945   0.10224   0.05934   0.00828   0.02214   0.03462   0.08799   0.09432   0.00249   0.02808   0.05106   0.00000   0.02685   0.01217   0.00596   0.05563   0.05826   0.03790   0.00312   0.00312   0.00000   0.00600   0.01231   0.01237   0.00953   0.00617   0.00000   0.00631   0.00000   0.00316   0.00000   0.02435   0.00000   0.00000   0.03006   0.00000   0.02689   0.00000   0.00000   0.01195   0.00000   0.00298   0.01862   0.00000   0.00647   0.01252   0.00000   0.00000   0.00000   0.00000   0.00615   0.00319   0.00960   0.00914   0.00301   0.00549   0.00898   0.00000   0.00317   0.00909   0.01561   0.21178   3.61888   0.30200  
 83  0.0582   4260.404406  x:  0.13677   0.08961   0.07586   0.07227   0.01493   0.04893   0.10254   0.05905   0.00818   0.02224   0.03427   0.08796   0.09344   0.00263   0.02809   0.04956   0.00000   0.02740   0.01213   0.00612   0.05584   0.05834   0.03797   0.00312   0.00306   0.00000   0.00607   0.01212   0.01231   0.00916   0.00608   0.00000   0.00616   0.00000   0.00312   0.00000   0.02450   0.00000   0.00000   0.02936   0.00000   0.02652   0.00000   0.00000   0.01172   0.00000   0.00302   0.01954   0.00000   0.00615   0.01274   0.00000   0.00000   0.00000   0.00000   0.00607   0.00316   0.00992   0.00924   0.00307   0.00556   0.00898   0.00000   0.00315   0.00909   0.01528   0.21135   3.63328   0.30205  
 84  0.0172   4260.393943  x:  0.13659   0.09029   0.07587   0.07235   0.01502   0.04907   0.10248   0.05940   0.00805   0.02233   0.03402   0.08818   0.09302   0.00267   0.02798   0.04951   0.00000   0.02726   0.01208   0.00609   0.05552   0.05842   0.03797   0.00311   0.00304   0.00000   0.00605   0.01207   0.01224   0.00911   0.00606   0.00000   0.00611   0.00000   0.00310   0.00000   0.02453   0.00000   0.00000   0.02915   0.00000   0.02655   0.00000   0.00000   0.01157   0.00000   0.00304   0.01888   0.00000   0.00606   0.01306   0.00000   0.00000   0.00000   0.00000   0.00603   0.00313   0.00975   0.00921   0.00310   0.00560   0.00910   0.00000   0.00310   0.00911   0.01511   0.21079   3.63485   0.30257  
 85  0.0036   4260.387564  x:  0.13662   0.08981   0.07574   0.07270   0.01497   0.04913   0.10217   0.05943   0.00797   0.02228   0.03358   0.08881   0.09298   0.00269   0.02812   0.04991   0.00000   0.02719   0.01211   0.00615   0.05565   0.05851   0.03813   0.00307   0.00302   0.00000   0.00607   0.01213   0.01221   0.00911   0.00603   0.00000   0.00605   0.00000   0.00307   0.00000   0.02470   0.00000   0.00000   0.02890   0.00000   0.02668   0.00000   0.00000   0.01137   0.00000   0.00307   0.01902   0.00000   0.00601   0.01289   0.00000   0.00000   0.00000   0.00000   0.00611   0.00308   0.00974   0.00919   0.00312   0.00562   0.00912   0.00000   0.00301   0.00915   0.01523   0.21050   3.62813   0.30303  
 86  0.0056   4260.385767  x:  0.13664   0.08962   0.07572   0.07278   0.01498   0.04921   0.10229   0.05927   0.00803   0.02231   0.03339   0.08899   0.09312   0.00269   0.02809   0.05000   0.00000   0.02723   0.01209   0.00612   0.05569   0.05822   0.03808   0.00307   0.00301   0.00000   0.00608   0.01215   0.01222   0.00912   0.00613   0.00000   0.00607   0.00000   0.00305   0.00000   0.02460   0.00000   0.00000   0.02884   0.00000   0.02669   0.00000   0.00000   0.01130   0.00000   0.00305   0.01901   0.00000   0.00599   0.01295   0.00000   0.00000   0.00000   0.00000   0.00603   0.00306   0.00980   0.00916   0.00313   0.00565   0.00907   0.00000   0.00307   0.00915   0.01518   0.21059   3.62607   0.30324  
 87  0.0017   4260.384540  x:  0.13671   0.08973   0.07588   0.07281   0.01494   0.04910   0.10240   0.05928   0.00803   0.02231   0.03320   0.08904   0.09331   0.00268   0.02809   0.04997   0.00000   0.02731   0.01210   0.00611   0.05564   0.05812   0.03813   0.00307   0.00303   0.00000   0.00607   0.01213   0.01223   0.00914   0.00604   0.00000   0.00609   0.00000   0.00304   0.00000   0.02456   0.00000   0.00000   0.02890   0.00000   0.02667   0.00000   0.00000   0.01129   0.00000   0.00302   0.01902   0.00000   0.00598   0.01294   0.00000   0.00000   0.00000   0.00000   0.00605   0.00303   0.00977   0.00914   0.00314   0.00571   0.00915   0.00000   0.00310   0.00913   0.01526   0.21086   3.62650   0.30332  
 88  0.0003   4260.383420  x:  0.13655   0.08982   0.07587   0.07280   0.01495   0.04924   0.10241   0.05937   0.00805   0.02230   0.03307   0.08896   0.09333   0.00267   0.02803   0.04992   0.00000   0.02718   0.01207   0.00610   0.05565   0.05824   0.03809   0.00308   0.00304   0.00000   0.00607   0.01209   0.01222   0.00911   0.00605   0.00000   0.00606   0.00000   0.00302   0.00000   0.02454   0.00000   0.00000   0.02898   0.00000   0.02661   0.00000   0.00000   0.01131   0.00000   0.00300   0.01903   0.00000   0.00600   0.01286   0.00000   0.00000   0.00000   0.00000   0.00605   0.00300   0.00977   0.00913   0.00312   0.00580   0.00906   0.00000   0.00307   0.00913   0.01521   0.21072   3.62727   0.30322  
 89  0.0005   4260.382708  x:  0.13663   0.08978   0.07574   0.07277   0.01496   0.04917   0.10231   0.05936   0.00805   0.02231   0.03301   0.08887   0.09328   0.00267   0.02810   0.04989   0.00000   0.02724   0.01211   0.00611   0.05564   0.05832   0.03809   0.00306   0.00304   0.00000   0.00607   0.01213   0.01222   0.00914   0.00610   0.00000   0.00608   0.00000   0.00302   0.00000   0.02460   0.00000   0.00000   0.02900   0.00000   0.02658   0.00000   0.00000   0.01134   0.00000   0.00301   0.01904   0.00000   0.00604   0.01296   0.00000   0.00000   0.00000   0.00000   0.00607   0.00299   0.00977   0.00915   0.00311   0.00587   0.00909   0.00000   0.00306   0.00913   0.01524   0.21071   3.62618   0.30316  
 90  0.0009   4260.382369  x:  0.13670   0.08973   0.07570   0.07276   0.01495   0.04920   0.10227   0.05932   0.00806   0.02229   0.03304   0.08883   0.09321   0.00268   0.02810   0.04991   0.00000   0.02727   0.01211   0.00612   0.05564   0.05827   0.03806   0.00306   0.00304   0.00000   0.00607   0.01215   0.01222   0.00911   0.00607   0.00000   0.00609   0.00000   0.00302   0.00000   0.02464   0.00000   0.00000   0.02897   0.00000   0.02658   0.00000   0.00000   0.01135   0.00000   0.00302   0.01899   0.00000   0.00607   0.01290   0.00000   0.00000   0.00000   0.00000   0.00604   0.00299   0.00977   0.00917   0.00312   0.00591   0.00911   0.00000   0.00306   0.00914   0.01519   0.21074   3.62538   0.30311  
 91  0.0005   4260.382100  x:  0.13671   0.08979   0.07573   0.07279   0.01497   0.04914   0.10229   0.05930   0.00805   0.02229   0.03311   0.08884   0.09318   0.00269   0.02806   0.04993   0.00000   0.02721   0.01209   0.00611   0.05565   0.05822   0.03811   0.00307   0.00305   0.00000   0.00608   0.01213   0.01222   0.00912   0.00608   0.00000   0.00607   0.00000   0.00303   0.00000   0.02464   0.00000   0.00000   0.02891   0.00000   0.02661   0.00000   0.00000   0.01136   0.00000   0.00303   0.01902   0.00000   0.00608   0.01292   0.00000   0.00000   0.00000   0.00000   0.00605   0.00300   0.00977   0.00918   0.00312   0.00594   0.00909   0.00000   0.00308   0.00914   0.01522   0.21081   3.62469   0.30317  
 92  0.0004   4260.381997  x:  0.13662   0.08977   0.07574   0.07281   0.01495   0.04921   0.10233   0.05933   0.00804   0.02231   0.03315   0.08889   0.09320   0.00270   0.02809   0.04990   0.00000   0.02723   0.01210   0.00611   0.05565   0.05823   0.03811   0.00307   0.00305   0.00000   0.00608   0.01213   0.01223   0.00912   0.00608   0.00000   0.00608   0.00000   0.00303   0.00000   0.02462   0.00000   0.00000   0.02891   0.00000   0.02664   0.00000   0.00000   0.01136   0.00000   0.00303   0.01903   0.00000   0.00608   0.01292   0.00000   0.00000   0.00000   0.00000   0.00605   0.00302   0.00977   0.00917   0.00312   0.00596   0.00910   0.00000   0.00307   0.00914   0.01522   0.21076   3.62417   0.30318  
 93  0.0004   4260.381951  x:  0.13668   0.08975   0.07575   0.07281   0.01496   0.04915   0.10231   0.05935   0.00804   0.02230   0.03317   0.08890   0.09319   0.00270   0.02808   0.04990   0.00000   0.02723   0.01210   0.00611   0.05564   0.05825   0.03810   0.00307   0.00306   0.00000   0.00607   0.01213   0.01223   0.00912   0.00608   0.00000   0.00608   0.00000   0.00304   0.00000   0.02461   0.00000   0.00000   0.02891   0.00000   0.02664   0.00000   0.00000   0.01135   0.00000   0.00302   0.01902   0.00000   0.00607   0.01292   0.00000   0.00000   0.00000   0.00000   0.00605   0.00302   0.00977   0.00916   0.00312   0.00597   0.00909   0.00000   0.00306   0.00914   0.01521   0.21074   3.62350   0.30314  
 94  0.0006   4260.381924  x:  0.13668   0.08979   0.07573   0.07280   0.01496   0.04918   0.10230   0.05932   0.00804   0.02229   0.03318   0.08889   0.09319   0.00270   0.02808   0.04991   0.00000   0.02723   0.01210   0.00611   0.05565   0.05825   0.03809   0.00307   0.00306   0.00000   0.00607   0.01213   0.01222   0.00912   0.00608   0.00000   0.00608   0.00000   0.00304   0.00000   0.02463   0.00000   0.00000   0.02893   0.00000   0.02663   0.00000   0.00000   0.01134   0.00000   0.00302   0.01902   0.00000   0.00606   0.01292   0.00000   0.00000   0.00000   0.00000   0.00605   0.00303   0.00977   0.00916   0.00312   0.00597   0.00909   0.00000   0.00307   0.00914   0.01522   0.21073   3.62241   0.30311  
 95  0.0007   4260.381918  x:  0.13667   0.08977   0.07573   0.07279   0.01496   0.04918   0.10231   0.05933   0.00804   0.02230   0.03318   0.08888   0.09319   0.00270   0.02808   0.04990   0.00000   0.02723   0.01210   0.00611   0.05565   0.05825   0.03810   0.00307   0.00306   0.00000   0.00607   0.01213   0.01222   0.00912   0.00608   0.00000   0.00608   0.00000   0.00304   0.00000   0.02463   0.00000   0.00000   0.02893   0.00000   0.02663   0.00000   0.00000   0.01134   0.00000   0.00302   0.01902   0.00000   0.00605   0.01292   0.00000   0.00000   0.00000   0.00000   0.00605   0.00303   0.00977   0.00916   0.00312   0.00597   0.00909   0.00000   0.00307   0.00914   0.01521   0.21074   3.62203   0.30311  
 96  0.0003   4260.381917  x:  0.13667   0.08977   0.07573   0.07280   0.01496   0.04918   0.10230   0.05933   0.00804   0.02230   0.03318   0.08887   0.09319   0.00270   0.02808   0.04990   0.00000   0.02723   0.01210   0.00611   0.05565   0.05825   0.03809   0.00307   0.00306   0.00000   0.00607   0.01213   0.01222   0.00912   0.00608   0.00000   0.00608   0.00000   0.00304   0.00000   0.02463   0.00000   0.00000   0.02893   0.00000   0.02663   0.00000   0.00000   0.01134   0.00000   0.00302   0.01902   0.00000   0.00605   0.01292   0.00000   0.00000   0.00000   0.00000   0.00605   0.00302   0.00977   0.00917   0.00312   0.00597   0.00909   0.00000   0.00307   0.00914   0.01522   0.21075   3.62195   0.30312  
 97  0.0001   4260.381916  x:  0.13667   0.08977   0.07573   0.07280   0.01496   0.04918   0.10230   0.05933   0.00804   0.02230   0.03318   0.08887   0.09319   0.00270   0.02808   0.04990   0.00000   0.02723   0.01210   0.00611   0.05565   0.05825   0.03810   0.00307   0.00306   0.00000   0.00607   0.01213   0.01222   0.00912   0.00608   0.00000   0.00608   0.00000   0.00304   0.00000   0.02462   0.00000   0.00000   0.02893   0.00000   0.02663   0.00000   0.00000   0.01134   0.00000   0.00302   0.01902   0.00000   0.00605   0.01292   0.00000   0.00000   0.00000   0.00000   0.00605   0.00302   0.00977   0.00917   0.00312   0.00597   0.00909   0.00000   0.00307   0.00914   0.01521   0.21074   3.62193   0.30312  
 98  0.0000   4260.381916  x:  0.13667   0.08977   0.07573   0.07280   0.01496   0.04918   0.10230   0.05933   0.00804   0.02230   0.03318   0.08887   0.09319   0.00270   0.02808   0.04990   0.00000   0.02723   0.01210   0.00611   0.05565   0.05825   0.03810   0.00307   0.00306   0.00000   0.00607   0.01213   0.01222   0.00912   0.00608   0.00000   0.00608   0.00000   0.00304   0.00000   0.02463   0.00000   0.00000   0.02893   0.00000   0.02663   0.00000   0.00000   0.01134   0.00000   0.00302   0.01902   0.00000   0.00605   0.01292   0.00000   0.00000   0.00000   0.00000   0.00605   0.00302   0.00977   0.00917   0.00312   0.00597   0.00909   0.00000   0.00307   0.00914   0.01521   0.21074   3.62191   0.30312  
 99  0.0000   4260.381916  x:  0.13667   0.08977   0.07573   0.07280   0.01496   0.04918   0.10230   0.05933   0.00804   0.02230   0.03318   0.08887   0.09319   0.00270   0.02808   0.04990   0.00000   0.02723   0.01210   0.00611   0.05565   0.05825   0.03810   0.00307   0.00306   0.00000   0.00607   0.01213   0.01222   0.00912   0.00608   0.00000   0.00608   0.00000   0.00304   0.00000   0.02463   0.00000   0.00000   0.02893   0.00000   0.02663   0.00000   0.00000   0.01134   0.00000   0.00302   0.01902   0.00000   0.00605   0.01292   0.00000   0.00000   0.00000   0.00000   0.00605   0.00302   0.00977   0.00917   0.00312   0.00597   0.00909   0.00000   0.00307   0.00914   0.01522   0.21074   3.62189   0.30312  
100  0.0000   4260.381916  x:  0.13667   0.08977   0.07573   0.07280   0.01496   0.04918   0.10230   0.05933   0.00804   0.02230   0.03318   0.08887   0.09319   0.00270   0.02808   0.04990   0.00000   0.02723   0.01210   0.00611   0.05565   0.05825   0.03810   0.00307   0.00306   0.00000   0.00607   0.01213   0.01222   0.00912   0.00608   0.00000   0.00608   0.00000   0.00304   0.00000   0.02463   0.00000   0.00000   0.02893   0.00000   0.02663   0.00000   0.00000   0.01134   0.00000   0.00302   0.01902   0.00000   0.00605   0.01292   0.00000   0.00000   0.00000   0.00000   0.00605   0.00302   0.00977   0.00917   0.00312   0.00597   0.00909   0.00000   0.00307   0.00914   0.01521   0.21074   3.62189   0.30312  
101  0.0000   4260.381916  x:  0.13667   0.08977   0.07573   0.07280   0.01496   0.04918   0.10230   0.05933   0.00804   0.02230   0.03318   0.08887   0.09319   0.00270   0.02808   0.04990   0.00000   0.02723   0.01210   0.00611   0.05565   0.05825   0.03810   0.00307   0.00306   0.00000   0.00607   0.01213   0.01222   0.00912   0.00608   0.00000   0.00608   0.00000   0.00304   0.00000   0.02463   0.00000   0.00000   0.02893   0.00000   0.02663   0.00000   0.00000   0.01134   0.00000   0.00302   0.01902   0.00000   0.00605   0.01292   0.00000   0.00000   0.00000   0.00000   0.00605   0.00302   0.00977   0.00917   0.00312   0.00597   0.00909   0.00000   0.00307   0.00914   0.01521   0.21074   3.62190   0.30312  
102  0.0000   4260.381916  x:  0.13667   0.08977   0.07573   0.07280   0.01496   0.04918   0.10230   0.05933   0.00804   0.02230   0.03318   0.08887   0.09319   0.00270   0.02808   0.04990   0.00000   0.02723   0.01210   0.00611   0.05565   0.05825   0.03810   0.00307   0.00306   0.00000   0.00607   0.01213   0.01222   0.00912   0.00608   0.00000   0.00608   0.00000   0.00304   0.00000   0.02463   0.00000   0.00000   0.02893   0.00000   0.02663   0.00000   0.00000   0.01134   0.00000   0.00302   0.01902   0.00000   0.00605   0.01292   0.00000   0.00000   0.00000   0.00000   0.00605   0.00302   0.00977   0.00917   0.00312   0.00597   0.00909   0.00000   0.00307   0.00914   0.01521   0.21074   3.62190   0.30312  
103  0.0000   4260.381916  x:  0.13667   0.08977   0.07573   0.07280   0.01496   0.04918   0.10230   0.05933   0.00804   0.02230   0.03318   0.08887   0.09319   0.00270   0.02808   0.04990   0.00000   0.02723   0.01210   0.00611   0.05565   0.05825   0.03810   0.00307   0.00306   0.00000   0.00607   0.01213   0.01222   0.00912   0.00608   0.00000   0.00608   0.00000   0.00304   0.00000   0.02463   0.00000   0.00000   0.02893   0.00000   0.02663   0.00000   0.00000   0.01134   0.00000   0.00302   0.01902   0.00000   0.00605   0.01292   0.00000   0.00000   0.00000   0.00000   0.00605   0.00302   0.00977   0.00917   0.00312   0.00597   0.00909   0.00000   0.00307   0.00914   0.01521   0.21074   3.62190   0.30312  
104  0.0000   4260.381916  x:  0.13667   0.08977   0.07573   0.07280   0.01496   0.04918   0.10230   0.05933   0.00804   0.02230   0.03318   0.08887   0.09319   0.00270   0.02808   0.04990   0.00000   0.02723   0.01210   0.00611   0.05565   0.05825   0.03810   0.00307   0.00306   0.00000   0.00607   0.01213   0.01222   0.00912   0.00608   0.00000   0.00608   0.00000   0.00304   0.00000   0.02463   0.00000   0.00000   0.02893   0.00000   0.02663   0.00000   0.00000   0.01134   0.00000   0.00302   0.01902   0.00000   0.00605   0.01292   0.00000   0.00000   0.00000   0.00000   0.00605   0.00302   0.00977   0.00917   0.00312   0.00597   0.00909   0.00000   0.00307   0.00914   0.01521   0.21074   3.62190   0.30312  
105  0.0000   4260.381916  x:  0.13667   0.08977   0.07573   0.07280   0.01496   0.04918   0.10230   0.05933   0.00804   0.02230   0.03318   0.08887   0.09319   0.00270   0.02808   0.04990   0.00000   0.02723   0.01210   0.00611   0.05565   0.05825   0.03810   0.00307   0.00306   0.00000   0.00607   0.01213   0.01222   0.00912   0.00608   0.00000   0.00608   0.00000   0.00304   0.00000   0.02463   0.00000   0.00000   0.02893   0.00000   0.02663   0.00000   0.00000   0.01134   0.00000   0.00302   0.01902   0.00000   0.00605   0.01292   0.00000   0.00000   0.00000   0.00000   0.00605   0.00302   0.00977   0.00917   0.00312   0.00597   0.00909   0.00000   0.00307   0.00914   0.01521   0.21074   3.62190   0.30312  
106  0.0000   4260.381916  x:  0.13667   0.08977   0.07573   0.07280   0.01496   0.04918   0.10230   0.05933   0.00804   0.02230   0.03318   0.08887   0.09319   0.00270   0.02808   0.04990   0.00000   0.02723   0.01210   0.00611   0.05565   0.05825   0.03810   0.00307   0.00306   0.00000   0.00607   0.01213   0.01222   0.00912   0.00608   0.00000   0.00608   0.00000   0.00304   0.00000   0.02463   0.00000   0.00000   0.02893   0.00000   0.02663   0.00000   0.00000   0.01134   0.00000   0.00302   0.01902   0.00000   0.00605   0.01292   0.00000   0.00000   0.00000   0.00000   0.00605   0.00302   0.00977   0.00917   0.00312   0.00597   0.00909   0.00000   0.00307   0.00914   0.01521   0.21074   3.62190   0.30312  
107  0.0000   4260.381916  x:  0.13667   0.08977   0.07573   0.07280   0.01496   0.04918   0.10230   0.05933   0.00804   0.02230   0.03318   0.08887   0.09319   0.00270   0.02808   0.04990   0.00000   0.02723   0.01210   0.00611   0.05565   0.05825   0.03810   0.00307   0.00306   0.00000   0.00607   0.01213   0.01222   0.00912   0.00608   0.00000   0.00608   0.00000   0.00304   0.00000   0.02463   0.00000   0.00000   0.02893   0.00000   0.02663   0.00000   0.00000   0.01134   0.00000   0.00302   0.01902   0.00000   0.00605   0.01292   0.00000   0.00000   0.00000   0.00000   0.00605   0.00302   0.00977   0.00917   0.00312   0.00597   0.00909   0.00000   0.00307   0.00914   0.01521   0.21074   3.62190   0.30312  
check convergence!
