

TREE # 1

  0  0.0000   2971.409053  x:  0.00037   0.00000   0.09212   0.29900   0.08614   0.06235   0.02223   0.02542   0.01716   0.50830   0.06470   0.01552   0.00974   1.12253   0.90086  
  1 99.0000   2970.690670  x:  0.00442   0.00106   0.09199   0.29883   0.08640   0.06244   0.02220   0.02541   0.01653   0.50827   0.06492   0.01551   0.00963   1.12329   0.90026  
  2 557.1694   2967.894580  x:  0.00296   0.00922   0.08742   0.29438   0.09168   0.06377   0.02153   0.02519   0.00000   0.50751   0.07001   0.01525   0.00738   1.14252   0.88513  
  3 177.0815   2967.894580  x:  0.00296   0.00922   0.08742   0.29438   0.09168   0.06377   0.02153   0.02519   0.00000   0.50751   0.07001   0.01525   0.00738   1.14252   0.88513  
  4 429.1879   2966.092076  x:  0.00393   0.00000   0.08577   0.29316   0.09238   0.06485   0.02186   0.02537   0.00976   0.50740   0.07260   0.01568   0.01257   1.14873   0.88012  
  5 256.7657   2963.785775  x:  0.00000   0.00532   0.08250   0.28890   0.09487   0.06675   0.02249   0.02564   0.01950   0.50680   0.07704   0.01546   0.00967   1.17229   0.86093  
  6 184.0918   2961.537628  x:  0.00455   0.01208   0.07828   0.28290   0.09827   0.06911   0.02319   0.02593   0.03011   0.50592   0.08256   0.01509   0.00494   1.20561   0.83370  
  7 2593.3199   2933.904349  x:  0.01581   0.04970   0.04151   0.20455   0.12796   0.07701   0.02095   0.02378   0.02181   0.49245   0.11324   0.01796   0.06153   1.66227   0.45540  
  8 1044.1559   2904.034532  x:  0.01006   0.02894   0.05920   0.17274   0.13437   0.07658   0.02309   0.02680   0.00665   0.48455   0.11972   0.00477   0.04479   1.95502   0.20655  
  9 2335.5853   2901.602158  x:  0.00898   0.02518   0.06010   0.17136   0.13452   0.07654   0.02281   0.02660   0.00426   0.48366   0.11977   0.01453   0.04045   1.99459   0.17488  
 10 2067.7534   2898.271276  x:  0.00726   0.01883   0.04294   0.18760   0.13190   0.07753   0.01847   0.02197   0.00000   0.48395   0.11563   0.01259   0.03378   2.04585   0.16027  
 11 263.8338   2888.481716  x:  0.00871   0.02216   0.04708   0.26774   0.11949   0.08097   0.04258   0.04214   0.00000   0.48774   0.08365   0.01251   0.03999   2.30123   0.15981  
 12 355.9491   2878.302509  x:  0.00932   0.02384   0.07461   0.30570   0.11223   0.07906   0.01739   0.02138   0.00000   0.49168   0.06948   0.01434   0.04242   2.52424   0.18477  
 13 748.8296   2863.928322  x:  0.00292   0.00000   0.06949   0.30258   0.10675   0.06952   0.01966   0.02383   0.00000   0.49770   0.08756   0.01859   0.02035   2.79939   0.23444  
 14 602.9879   2863.229564  x:  0.00176   0.00000   0.06706   0.29314   0.10813   0.07944   0.02152   0.02286   0.00000   0.50101   0.07441   0.01932   0.01630   2.83026   0.24198  
 15 110.6670   2863.205804  x:  0.00174   0.00000   0.06688   0.29258   0.10787   0.07941   0.02033   0.02432   0.00000   0.50179   0.07364   0.01935   0.01618   2.83092   0.24221  
 16 23.6999   2863.173708  x:  0.00189   0.00000   0.06666   0.29119   0.10558   0.07694   0.02069   0.02410   0.00000   0.50732   0.07212   0.01935   0.01637   2.82971   0.24206  
 17  9.6667   2863.138188  x:  0.00185   0.00000   0.06692   0.29190   0.10525   0.07899   0.02053   0.02407   0.00000   0.51686   0.07364   0.01932   0.01639   2.83216   0.24161  
 18 10.9792   2863.126454  x:  0.00176   0.00000   0.06695   0.29223   0.10784   0.07803   0.02056   0.02407   0.00000   0.51905   0.07342   0.01933   0.01615   2.83382   0.24172  
 19  5.3942   2861.343137  x:  0.00000   0.00000   0.07166   0.29363   0.10282   0.07428   0.02041   0.02396   0.00000   0.51753   0.07722   0.01910   0.00926   2.94899   0.24276  
 20  1.2261   2858.425987  x:  0.00103   0.00000   0.09526   0.31667   0.09219   0.06565   0.02411   0.02824   0.00000   0.51608   0.08322   0.01642   0.00935   3.48242   0.26047  
 21  0.3621   2857.739136  x:  0.00089   0.00000   0.09622   0.30517   0.10143   0.07482   0.02097   0.02527   0.00000   0.52179   0.07817   0.01548   0.00837   3.69456   0.27369  
 22  0.1374   2857.430568  x:  0.00154   0.00000   0.09213   0.29181   0.10017   0.07098   0.02190   0.02569   0.00000   0.52274   0.07934   0.01455   0.01100   3.84342   0.27871  
 23  0.0869   2857.332897  x:  0.00141   0.00000   0.08886   0.29083   0.09854   0.06998   0.02245   0.02628   0.00000   0.52215   0.08106   0.01476   0.00921   3.92339   0.27847  
 24  0.0563   2857.289609  x:  0.00155   0.00000   0.08686   0.29693   0.09913   0.07139   0.02175   0.02588   0.00000   0.52240   0.08100   0.01526   0.00959   3.97042   0.27567  
 25  0.0264   2857.285826  x:  0.00160   0.00000   0.08693   0.29673   0.09950   0.07095   0.02203   0.02596   0.00000   0.52291   0.08026   0.01528   0.00958   3.98174   0.27389  
 26  0.0080   2857.285459  x:  0.00161   0.00000   0.08714   0.29649   0.09924   0.07104   0.02195   0.02592   0.00000   0.52277   0.08028   0.01530   0.00958   3.98282   0.27338  
 27  0.0010   2857.285424  x:  0.00161   0.00000   0.08718   0.29646   0.09932   0.07105   0.02196   0.02593   0.00000   0.52275   0.08036   0.01533   0.00958   3.98267   0.27332  
 28  0.0002   2857.285423  x:  0.00161   0.00000   0.08717   0.29644   0.09931   0.07104   0.02196   0.02593   0.00000   0.52276   0.08036   0.01533   0.00958   3.98279   0.27335  
 29  0.0001   2857.285423  x:  0.00161   0.00000   0.08717   0.29644   0.09931   0.07104   0.02196   0.02593   0.00000   0.52276   0.08036   0.01534   0.00958   3.98280   0.27335  
 30  0.0000   2857.285423  x:  0.00161   0.00000   0.08718   0.29644   0.09931   0.07104   0.02196   0.02593   0.00000   0.52276   0.08036   0.01534   0.00958   3.98281   0.27335  
 31  0.0000   2857.285423  x:  0.00161   0.00000   0.08718   0.29644   0.09931   0.07104   0.02196   0.02593   0.00000   0.52276   0.08036   0.01534   0.00958   3.98281   0.27335  