Alligator_mississippiensis Chelonia_mydas Chelonoidis_abingdonii Chrysemys_picta Gopherus_evgoodei Mauremys_reevesii Pelodiscus_sinensis Terrapene_carolina Trachemys_scripta
4.2091e-07 0.00019938 0.00080471 0.0025055 4.5129e-05 7.2622e-05 8.9538e-05 0.0060075 0.0001026
3.1322e-07 0.00019754 0.00080062 0.0025024 4.3569e-05 7.1546e-05 8.8377e-05 0.0060088 0.00010106
2.5982e-07 0.00019579 0.0007966 0.0024993 4.2044e-05 7.0501e-05 8.7337e-05 0.0060102 9.9541e-05
1.8415e-07 0.00019398 0.00079254 0.0024962 4.0498e-05 6.9437e-05 8.623e-05 0.0060116 9.8009e-05
7.528e-08 0.00019213 0.00078843 0.0024931 3.8929e-05 6.8355e-05 8.5053e-05 0.0060129 9.6467e-05
2.0461e-08 0.00019036 0.00078439 0.00249 3.7395e-05 6.7302e-05 8.3993e-05 0.0060143 9.4939e-05
1.3121e-08 0.00018853 0.0007803 0.0024869 3.5836e-05 6.6229e-05 8.2849e-05 0.0060156 9.3399e-05
1.3574e-08 0.00018664 0.00077347 0.0024837 3.5388e-05 6.6031e-05 8.1386e-05 0.006017 9.1848e-05
1.6704e-08 0.00018484 0.00076676 0.0024806 3.4954e-05 6.5848e-05 8.0108e-05 0.0060184 9.0312e-05
9.1233e-09 0.00017778 0.0007401 0.0024681 3.632e-05 6.5131e-05 7.5566e-05 0.0060239 8.4185e-05
4.3284e-09 0.00017598 0.0007334 0.002465 3.6908e-05 6.4942e-05 7.4348e-05 0.0060253 8.2643e-05
1.9933e-09 0.00017426 0.00072679 0.0024619 3.7511e-05 6.4766e-05 7.3254e-05 0.0060268 8.1116e-05
9.0572e-10 0.00017263 0.00072029 0.0024588 3.8129e-05 6.4603e-05 7.2285e-05 0.0060282 7.9602e-05
3.4249e-10 0.00017107 0.00071389 0.0024557 3.8765e-05 6.4455e-05 7.143e-05 0.0060297 7.8103e-05
6.2986e-10 0.00016946 0.00070743 0.0024526 3.9386e-05 6.4295e-05 7.0504e-05 0.0060312 7.6593e-05
1.1811e-09 0.00016793 0.00070108 0.0024495 4.0025e-05 6.415e-05 6.9689e-05 0.0060327 7.5097e-05
2.3731e-09 0.00016648 0.00069483 0.0024464 4.0682e-05 6.4019e-05 6.8975e-05 0.0060342 7.3616e-05
1.6006e-09 0.00016509 0.00068868 0.0024433 4.1356e-05 6.3901e-05 6.8349e-05 0.0060358 7.2148e-05
1.4101e-09 0.00016377 0.00068263 0.0024402 4.2048e-05 6.3796e-05 6.7808e-05 0.0060374 7.0695e-05
1.6764e-09 0.00016252 0.00067668 0.0024372 4.276e-05 6.3705e-05 6.7347e-05 0.0060391 6.9255e-05
2.4811e-09 0.00016133 0.00067082 0.0024341 4.3489e-05 6.3627e-05 6.6954e-05 0.0060408 6.7828e-05
2.2546e-09 0.00016009 0.0006649 0.0024311 4.4203e-05 6.3538e-05 6.6514e-05 0.0060424 6.639e-05
9.5554e-10 0.00015882 0.00065892 0.002428 4.4901e-05 6.3437e-05 6.6025e-05 0.0060441 6.494e-05
1.3913e-09 0.00015749 0.00065286 0.0024249 4.5584e-05 6.3326e-05 6.5479e-05 0.0060457 6.348e-05
4.1895e-10 0.00015623 0.00064691 0.0024219 4.6285e-05 6.3227e-05 6.3824e-05 0.0060474 6.2033e-05
5.5206e-10 0.00015493 0.00064089 0.0024188 4.697e-05 6.3117e-05 6.2053e-05 0.006049 6.0574e-05
7.9325e-10 0.00015369 0.00063496 0.0024157 4.7674e-05 6.302e-05 6.0453e-05 0.0060507 5.9129e-05
3.0945e-09 0.00015241 0.00062896 0.0024126 4.8362e-05 6.2912e-05 5.849e-05 0.0060523 5.7672e-05
4.476e-09 0.00015108 0.00062291 0.0024095 4.9035e-05 6.2792e-05 5.6392e-05 0.006054 5.6204e-05
3.4001e-09 0.00014982 0.00061695 0.0024065 4.9727e-05 6.2687e-05 5.4509e-05 0.0060557 5.4751e-05
3.3178e-09 0.00014862 0.00061109 0.0024034 5.0438e-05 6.2594e-05 5.2817e-05 0.0060574 5.331e-05
4.0557e-09 0.00014748 0.00060531 0.0024003 5.1168e-05 6.2514e-05 5.1283e-05 0.0060591 5.1882e-05
6.0191e-09 0.00014639 0.00059963 0.0023973 5.1917e-05 6.2447e-05 4.9894e-05 0.0060609 5.0465e-05
6.5185e-09 0.00014527 0.00059388 0.0023942 5.265e-05 6.2368e-05 4.8412e-05 0.0060626 4.9038e-05
5.6409e-09 0.0001441 0.00058807 0.0023911 5.3367e-05 6.2279e-05 4.6832e-05 0.0060644 4.7601e-05
6.0873e-09 0.000143 0.00058236 0.0023881 5.4105e-05 6.2203e-05 4.5411e-05 0.0060661 4.6177e-05
5.1715e-09 0.00014418 0.00057659 0.002385 5.4826e-05 6.2116e-05 4.3888e-05 0.0060679 4.4741e-05
5.3963e-09 0.00014542 0.0005709 0.0023819 5.5567e-05 6.2041e-05 4.2507e-05 0.0060697 4.3318e-05
4.2974e-09 0.00014661 0.00056515 0.0023788 5.6291e-05 6.1956e-05 4.1033e-05 0.0060715 4.1885e-05
7.3249e-09 0.00014777 0.00055934 0.0023757 5.7004e-05 6.1862e-05 3.9454e-05 0.0060732 4.1947e-05
6.9981e-09 0.00014899 0.00055363 0.0023727 5.7737e-05 6.1782e-05 3.8042e-05 0.006075 4.2012e-05
5.7281e-09 0.00015017 0.00054787 0.0023696 5.8455e-05 6.1692e-05 3.6534e-05 0.0060768 4.2072e-05
2.7697e-09 0.00015131 0.00054203 0.0023665 5.9156e-05 6.159e-05 3.4925e-05 0.0060785 4.2125e-05
1.3142e-09 0.00015251 0.00053629 0.0023634 5.9877e-05 6.1501e-05 3.3467e-05 0.0060803 4.2181e-05
6.3361e-10 0.00015376 0.00053063 0.0023603 6.0618e-05 6.1424e-05 3.2148e-05 0.0060821 4.2239e-05
1.2085e-09 0.00015498 0.00052491 0.0023572 6.1341e-05 6.1336e-05 3.0729e-05 0.0060839 4.229e-05
9.4923e-10 0.00015615 0.00051914 0.002354 6.2049e-05 6.1238e-05 2.9219e-05 0.0060857 4.2336e-05
9.4419e-10 0.00015738 0.00051345 0.0023509 6.2777e-05 6.1151e-05 2.7851e-05 0.0060875 4.2384e-05
1.2514e-09 0.00015868 0.00050785 0.0023479 6.3526e-05 6.1079e-05 2.6621e-05 0.0060893 4.2435e-05
2.0756e-09 0.00016004 0.00050234 0.0023448 6.4297e-05 6.1019e-05 2.5516e-05 0.0060772 4.2487e-05
4.0001e-09 0.00016148 0.00049691 0.0023417 6.509e-05 6.0972e-05 2.4518e-05 0.006065 4.2542e-05
4.3039e-09 0.00016286 0.00049143 0.0023386 6.5865e-05 6.0913e-05 2.433e-05 0.0060529 4.2591e-05
5.7363e-09 0.00016431 0.00048603 0.0023355 6.6661e-05 6.0867e-05 2.4179e-05 0.0060408 4.2642e-05
5.3785e-09 0.00016598 0.00048324 0.0023325 6.683e-05 6.0354e-05 2.383e-05 0.0060287 4.2696e-05
1.6189e-09 0.00016772 0.00048052 0.0023294 6.7013e-05 5.986e-05 2.3532e-05 0.0060168 4.2751e-05
1.468e-09 0.00016942 0.00047775 0.0023264 6.7184e-05 5.9353e-05 2.3201e-05 0.0060048 4.2801e-05
1.8222e-09 0.00017119 0.00047504 0.0023233 6.7368e-05 5.8863e-05 2.2913e-05 0.0059928 4.2853e-05
1.2487e-09 0.00017291 0.00047228 0.0023203 6.754e-05 5.8359e-05 2.2596e-05 0.0059809 4.2907e-05
1.067e-09 0.00017471 0.00046957 0.0023172 6.7725e-05 5.7873e-05 2.232e-05 0.0059691 4.2963e-05
1.3354e-09 0.00017658 0.00046692 0.0023142 6.7923e-05 5.7403e-05 2.1378e-05 0.0059574 4.3021e-05
2.1339e-09 0.00017855 0.00046431 0.0023112 6.8136e-05 5.6951e-05 2.0533e-05 0.0059456 4.3082e-05
1.9529e-09 0.00018046 0.00046167 0.0023082 6.8336e-05 5.6487e-05 1.9631e-05 0.0059339 4.3137e-05
2.312e-09 0.00018245 0.00045908 0.0023052 6.855e-05 5.6038e-05 1.8815e-05 0.0059222 4.3194e-05
6.9858e-10 0.00018453 0.00045653 0.0023022 6.8777e-05 5.5605e-05 1.8136e-05 0.0059106 4.3253e-05
6.1128e-10 0.00018656 0.00045394 0.0022992 6.8991e-05 5.5159e-05 1.7276e-05 0.005899 4.3306e-05
6.421e-10 0.00018867 0.0004514 0.0022962 6.9218e-05 5.4729e-05 1.6498e-05 0.0058874 4.3361e-05
8.7042e-10 0.00019087 0.00044892 0.0022932 6.9461e-05 5.4316e-05 1.58e-05 0.0058758 4.3419e-05
1.435e-09 0.00019319 0.00044648 0.0022902 6.9719e-05 5.3919e-05 1.5176e-05 0.0058644 4.348e-05
2.7084e-09 0.00019561 0.0004441 0.0022872 6.9992e-05 5.3539e-05 1.4617e-05 0.005853 4.3542e-05
1.9355e-09 0.00019813 0.00044176 0.0022843 7.0281e-05 5.3174e-05 1.4121e-05 0.0058416 4.3608e-05
3.7727e-09 0.0002006 0.00043939 0.0022813 7.0556e-05 5.2796e-05 1.3582e-05 0.0058302 4.3667e-05
7.8445e-09 0.00020317 0.00043706 0.0022783 7.0847e-05 5.2435e-05 1.3101e-05 0.0058189 4.3729e-05
9.8436e-09 0.00020567 0.0004347 0.0022754 7.1125e-05 5.2061e-05 1.2582e-05 0.0058075 4.3785e-05
8.302e-09 0.00020828 0.00043238 0.0022724 7.1416e-05 5.1702e-05 1.2117e-05 0.0057962 4.3835e-05
5.1834e-09 0.00021003 0.0004301 0.0022694 7.1723e-05 5.1356e-05 1.1505e-05 0.005785 4.3887e-05
7.6761e-10 0.00021172 0.00042779 0.0022664 7.2016e-05 5.1e-05 1.0849e-05 0.0057737 4.3933e-05
1.8711e-10 0.00021337 0.00042544 0.0022634 7.2296e-05 5.0632e-05 1.0147e-05 0.0057624 4.3973e-05
2.0803e-10 0.00021496 0.00042305 0.0022604 7.2564e-05 5.0252e-05 9.3943e-06 0.0057511 4.4008e-05
1.0017e-09 0.00021652 0.00042063 0.0022573 7.282e-05 4.9862e-05 8.5922e-06 0.0057398 4.4037e-05
2.1473e-09 0.00021813 0.00041824 0.0022543 7.3087e-05 4.9483e-05 7.8493e-06 0.0057285 4.4068e-05
2.5041e-09 0.00021971 0.00041583 0.0022513 7.3346e-05 4.9097e-05 7.0783e-06 0.0057172 4.4094e-05
2.1235e-09 0.00022126 0.0004134 0.0022483 7.3596e-05 4.8704e-05 6.28e-06 0.0057059 4.4115e-05
1.9869e-09 0.00022287 0.000411 0.0022452 7.3855e-05 4.832e-05 5.5306e-06 0.0056946 4.4137e-05
2.0313e-09 0.00022452 0.00040862 0.0022422 7.4123e-05 4.7944e-05 4.8256e-06 0.0056834 4.416e-05
2.2516e-09 0.00022623 0.00040627 0.0022392 7.4399e-05 4.7577e-05 4.1616e-06 0.0056722 4.4182e-05
2.6881e-09 0.00022798 0.00040394 0.0022362 7.4684e-05 4.7218e-05 3.5354e-06 0.005661 4.4206e-05
3.5001e-09 0.00022979 0.00040164 0.0022332 7.4978e-05 4.6867e-05 2.9475e-06 0.0056499 4.4229e-05
3.3204e-09 0.00023158 0.00039932 0.0022302 7.5264e-05 4.6511e-05 2.8844e-06 0.0056387 4.4249e-05
3.531e-09 0.00023342 0.00039703 0.0022271 7.5561e-05 4.6163e-05 2.8278e-06 0.0056276 4.427e-05
4.1786e-09 0.00023532 0.00039477 0.0022241 7.5866e-05 4.5824e-05 2.7775e-06 0.0056166 4.429e-05
5.4278e-09 0.00023727 0.00039254 0.0022211 7.618e-05 4.5492e-05 2.7331e-06 0.0056056 4.4312e-05
6.263e-09 0.0002392 0.00039028 0.0022181 7.6488e-05 4.5155e-05 2.6861e-06 0.0055945 4.4329e-05
6.684e-09 0.00024119 0.00038805 0.0022151 7.6805e-05 4.4827e-05 2.6365e-06 0.0055835 4.4347e-05
6.6909e-09 0.00024316 0.00038581 0.0022121 7.7115e-05 4.4493e-05 2.5843e-06 0.0055725 4.4361e-05
6.0549e-09 0.0002451 0.00038354 0.0022091 7.7418e-05 4.4153e-05 2.5262e-06 0.0055615 4.4371e-05
4.5727e-09 0.00024702 0.00038126 0.0022061 7.7715e-05 4.3808e-05 2.4622e-06 0.0055505 4.4377e-05
2.1909e-09 0.00024892 0.00037896 0.0022031 7.8006e-05 4.3458e-05 2.3924e-06 0.0055395 4.4379e-05
5.5848e-10 0.00025087 0.00037668 0.0022 7.8307e-05 4.3116e-05 2.3284e-06 0.0055285 4.4382e-05
8.0431e-10 0.0002528 0.00037439 0.002197 7.8601e-05 4.2768e-05 2.2587e-06 0.0055175 4.4381e-05
1.0393e-09 0.00025479 0.00037212 0.002194 7.8904e-05 4.2428e-05 2.1944e-06 0.0055066 4.438e-05
1.2753e-09 0.00025683 0.00036987 0.002191 7.9215e-05 4.2096e-05 2.1348e-06 0.0054957 4.4379e-05
1.597e-09 0.00025893 0.00036765 0.002188 7.9536e-05 4.177e-05 2.0801e-06 0.0054848 4.4379e-05
1.3288e-09 0.00026101 0.00036542 0.0021849 7.985e-05 4.144e-05 2.0203e-06 0.0054739 4.4375e-05
1.1489e-09 0.00026315 0.0003632 0.0021819 8.0173e-05 4.1117e-05 1.9652e-06 0.005463 4.4371e-05
9.82e-10 0.00026535 0.00036101 0.0021789 8.0504e-05 4.0801e-05 1.9142e-06 0.0054522 4.4368e-05
8.2953e-10 0.00026761 0.00035884 0.0021759 8.0845e-05 4.0492e-05 1.8674e-06 0.0054414 4.4365e-05
3.4409e-09 0.00026984 0.00035666 0.0021729 8.1179e-05 4.0178e-05 1.8155e-06 0.0054306 4.4358e-05
5.2097e-09 0.00027205 0.00035446 0.0021699 8.1507e-05 3.9859e-05 1.7586e-06 0.0054198 4.4347e-05
7.8566e-09 0.00027432 0.00035228 0.0021668 8.1843e-05 3.9547e-05 1.7054e-06 0.0054091 4.4336e-05
1.2051e-08 0.00027666 0.00035012 0.0021638 8.2189e-05 3.9241e-05 1.6563e-06 0.0053983 4.4326e-05
1.8726e-08 0.00027906 0.00034799 0.0021608 8.2544e-05 3.8943e-05 1.6112e-06 0.0053876 4.4316e-05
2.9477e-08 0.00028154 0.00034588 0.0021578 8.2909e-05 3.8651e-05 1.5695e-06 0.005377 4.4307e-05
3.8164e-08 0.00028399 0.00034376 0.0021548 8.3266e-05 3.8354e-05 1.523e-06 0.0053663 4.4294e-05
4.4952e-08 0.00028641 0.00034161 0.0021518 8.3617e-05 3.8053e-05 1.4715e-06 0.0053556 4.4276e-05
5.6375e-08 0.0002889 0.00033949 0.0021488 8.3977e-05 3.7758e-05 1.4238e-06 0.005345 4.426e-05
7.4951e-08 0.00029147 0.0003374 0.0021458 8.4348e-05 3.747e-05 1.3796e-06 0.0053344 4.4243e-05
7.5663e-08 0.00029411 0.00033532 0.0021428 8.4729e-05 3.7189e-05 1.3389e-06 0.0053238 4.4227e-05
7.9881e-08 0.00029682 0.00033327 0.0021398 8.5119e-05 3.6914e-05 1.3015e-06 0.0053133 4.4207e-05
8.2342e-08 0.0002995 0.0003312 0.0021367 8.5503e-05 3.6635e-05 1.2595e-06 0.0053028 4.4183e-05
9.0358e-08 0.00030215 0.00032912 0.0021337 8.588e-05 3.6351e-05 1.2338e-06 0.0052922 4.4155e-05
9.6226e-08 0.00030478 0.00032702 0.0021307 8.625e-05 3.6062e-05 1.2036e-06 0.0052817 4.4122e-05
1.0739e-07 0.00030747 0.00032494 0.0021277 8.6631e-05 3.578e-05 1.176e-06 0.0052712 4.4091e-05
1.2632e-07 0.00031025 0.00032288 0.0021246 8.7021e-05 3.5504e-05 1.151e-06 0.0052607 4.4059e-05
1.5728e-07 0.00030976 0.00032085 0.0021216 8.7421e-05 3.5234e-05 1.1284e-06 0.0052502 4.4029e-05
1.8326e-07 0.00030925 0.0003188 0.0021186 8.7815e-05 3.496e-05 1.1015e-06 0.0052398 4.3994e-05
2.0489e-07 0.00030873 0.00031673 0.0021155 8.8202e-05 3.4682e-05 1.0703e-06 0.0052293 4.3956e-05
2.2266e-07 0.0003082 0.00031465 0.0021125 8.8583e-05 3.4398e-05 1.0347e-06 0.0052189 4.3913e-05
2.3685e-07 0.00030765 0.00031255 0.0021095 8.8957e-05 3.411e-05 9.9473e-07 0.0052084 4.3867e-05
2.6159e-07 0.00030714 0.00031047 0.0021064 8.9341e-05 3.3829e-05 9.5717e-07 0.005198 4.3821e-05
2.82e-07 0.00030661 0.00030838 0.0021034 8.9718e-05 3.3543e-05 9.1529e-07 0.0051876 4.3772e-05
3.1498e-07 0.00030611 0.0003063 0.0021003 9.0105e-05 3.3262e-05 8.7537e-07 0.0051772 4.3723e-05
3.6854e-07 0.00030565 0.00030425 0.0020973 9.0502e-05 3.2988e-05 8.3766e-07 0.0051668 4.3674e-05
3.7457e-07 0.00030523 0.00030222 0.0020942 9.0908e-05 3.2719e-05 8.018e-07 0.0051564 4.3625e-05
3.7747e-07 0.00030479 0.00030017 0.0020912 9.1308e-05 3.2446e-05 7.6165e-07 0.0051461 4.3572e-05
3.7725e-07 0.00030434 0.0002981 0.0020882 9.17e-05 3.2168e-05 7.1716e-07 0.0051358 4.3516e-05
3.8451e-07 0.00030392 0.00029605 0.0020851 9.2103e-05 3.1896e-05 6.7447e-07 0.0051254 4.3459e-05
4.0062e-07 0.00030354 0.00029403 0.0020821 9.2515e-05 3.1629e-05 6.335e-07 0.0051151 4.3403e-05
4.2882e-07 0.00030319 0.00029202 0.002079 9.2938e-05 3.1368e-05 5.9421e-07 0.0051049 4.3348e-05
4.2434e-07 0.00030288 0.00029004 0.002076 9.3374e-05 3.1114e-05 5.5709e-07 0.0050947 4.3293e-05
4.1945e-07 0.00030262 0.00028809 0.002073 9.3822e-05 3.0867e-05 5.1729e-07 0.0050845 4.3239e-05
4.1417e-07 0.00030234 0.00028611 0.0020699 9.4261e-05 3.0615e-05 4.7482e-07 0.0050743 4.3181e-05
4.085e-07 0.00030209 0.00028416 0.0020669 9.4713e-05 3.0369e-05 4.2967e-07 0.0050641 4.3123e-05
3.5875e-07 0.00030189 0.00028223 0.0020639 9.5178e-05 3.013e-05 3.8662e-07 0.005054 4.3067e-05
3.2963e-07 0.00030173 0.00028033 0.0020609 9.5657e-05 2.9897e-05 3.4532e-07 0.0050439 4.3011e-05
1.9542e-07 0.00030101 0.00027261 0.0020488 9.7527e-05 2.8937e-05 1.4579e-07 0.0050036 4.2756e-05
1.5005e-07 0.00030081 0.00027065 0.0020457 9.7982e-05 2.869e-05 1.5811e-07 0.0049935 4.2683e-05
1.2283e-07 0.00030065 0.00026871 0.0020427 9.8451e-05 2.845e-05 1.6996e-07 0.0049835 4.2612e-05
1.0661e-07 0.00030052 0.0002668 0.0020397 9.8933e-05 2.8217e-05 1.8134e-07 0.0049735 4.2541e-05
9.6918e-08 0.00030044 0.00026491 0.0020366 9.9426e-05 2.7988e-05 1.9209e-07 0.0049635 4.2471e-05
9.2282e-08 0.00030039 0.00026303 0.0020336 9.9932e-05 2.7765e-05 2.0243e-07 0.0049536 4.2402e-05
8.557e-08 0.00030033 0.00026114 0.0020306 0.00010043 2.7538e-05 2.0918e-07 0.0049436 4.2328e-05
8.2605e-08 0.00030029 0.00025927 0.0020276 0.00010094 2.7315e-05 2.1529e-07 0.0049337 4.2255e-05
8.3111e-08 0.0003003 0.00025742 0.0020245 0.00010146 2.7098e-05 2.2094e-07 0.0049238 4.2182e-05
6.6513e-08 0.00030034 0.00025559 0.0020215 0.00010199 2.6886e-05 2.2601e-07 0.0049139 4.2109e-05
5.6471e-08 0.00030042 0.00025377 0.0020185 0.00010254 2.6679e-05 2.3063e-07 0.0049041 4.2037e-05
5.0481e-08 0.00030053 0.00025198 0.0020155 0.0001031 2.6476e-05 2.3462e-07 0.0048943 4.1965e-05
4.2629e-08 0.00030062 0.00025016 0.0020125 0.00010365 2.6269e-05 2.3509e-07 0.0048845 4.1889e-05
3.8016e-08 0.00030075 0.00024837 0.0020095 0.00010421 2.6066e-05 2.3492e-07 0.0048747 4.1814e-05
3.5996e-08 0.00030091 0.00024659 0.0020065 0.00010478 2.5868e-05 2.343e-07 0.004865 4.1738e-05
3.6143e-08 0.00030111 0.00024483 0.0020035 0.00010537 2.5675e-05 2.3323e-07 0.0048553 4.1663e-05
2.4574e-08 0.00030135 0.00024309 0.0020005 0.00010597 2.5487e-05 2.3176e-07 0.0048456 4.1589e-05
1.7372e-08 0.00030163 0.00024137 0.0019975 0.00010658 2.5304e-05 2.2984e-07 0.004836 4.1515e-05
8.3567e-09 0.00030188 0.00023963 0.0019945 0.00010719 2.5116e-05 2.2438e-07 0.0048263 4.1437e-05
2.5604e-09 0.00030218 0.00023791 0.0019915 0.00010781 2.4933e-05 2.1848e-07 0.0048167 4.1359e-05
2.6487e-09 0.00030246 0.00023617 0.0019885 0.00010842 2.4746e-05 2.0891e-07 0.0048071 4.1278e-05
3.0552e-09 0.00030277 0.00023445 0.0019855 0.00010904 2.4564e-05 1.9891e-07 0.0047975 4.1197e-05
2.7771e-09 0.00030307 0.00023272 0.0019825 0.00010966 2.4377e-05 1.8536e-07 0.0047879 4.1112e-05
2.7829e-09 0.00030341 0.000231 0.0019795 0.00011029 2.4194e-05 1.7122e-07 0.0047783 4.1027e-05
1.8643e-09 0.00030372 0.00022926 0.0019765 0.00011091 2.4007e-05 2.2229e-07 0.0047687 4.0938e-05
1.2141e-09 0.00030407 0.00022754 0.0019735 0.00011154 2.3824e-05 2.7452e-07 0.0047592 4.085e-05
6.8742e-10 0.00030446 0.00022584 0.0019705 0.00011219 2.3646e-05 3.2816e-07 0.0047496 4.0761e-05
1.7383e-10 0.00030489 0.00022416 0.0019675 0.00011285 2.3472e-05 3.8351e-07 0.0047401 4.0674e-05
3.4467e-10 0.0003053 0.00022246 0.0019645 0.0001135 2.3293e-05 4.3374e-07 0.0047307 4.0582e-05
3.9274e-10 0.00030574 0.00022077 0.0019615 0.00011417 2.312e-05 4.8634e-07 0.0047212 4.0491e-05
2.2704e-09 0.00030617 0.00021907 0.0019585 0.00011483 2.2941e-05 5.339e-07 0.0047117 4.0395e-05
5.0361e-09 0.00030664 0.00021739 0.0019555 0.0001155 2.2767e-05 5.837e-07 0.0047023 4.03e-05
9.457e-09 0.00030715 0.00021573 0.0019525 0.00011619 2.2598e-05 6.3603e-07 0.0046929 4.0206e-05
1.2419e-08 0.00030763 0.00021404 0.0019495 0.00011687 2.2424e-05 6.8313e-07 0.0046835 4.0107e-05
1.7723e-08 0.00030816 0.00021238 0.0019465 0.00011757 2.2255e-05 7.3315e-07 0.0046741 4.0009e-05
2.1071e-08 0.00030866 0.00021069 0.0019435 0.00011825 2.208e-05 7.7732e-07 0.0046647 3.9906e-05
1.852e-08 0.00030666 0.00020903 0.0019405 0.00011895 2.1911e-05 8.26e-07 0.0046553 3.9805e-05
1.2666e-08 0.00030514 0.00020734 0.0019375 0.00011964 2.1735e-05 8.4234e-07 0.004646 3.9705e-05
9.8211e-09 0.00030369 0.00020568 0.0019346 0.00012035 2.1566e-05 8.6209e-07 0.0046367 3.9606e-05
1.3938e-08 0.0003022 0.00020399 0.0019316 0.00012104 2.139e-05 8.7576e-07 0.0046274 3.9503e-05
1.2795e-08 0.00030077 0.00020232 0.0019286 0.00012175 2.1221e-05 8.924e-07 0.0046182 3.9401e-05
1.0212e-08 0.00029931 0.00020064 0.0019256 0.00012245 2.1045e-05 9.0343e-07 0.0046089 3.9294e-05
9.1121e-09 0.00029791 0.00019897 0.0019226 0.00012317 2.0874e-05 9.1711e-07 0.0045996 3.9182e-05
6.8397e-09 0.00029648 0.00019728 0.0019196 0.00012388 2.0699e-05 9.2565e-07 0.0045903 3.9065e-05
5.6523e-09 0.00029511 0.00019561 0.0019166 0.0001246 2.0527e-05 9.3645e-07 0.004581 3.895e-05
5.2848e-09 0.00029379 0.00019396 0.0019136 0.00012384 2.0361e-05 9.4989e-07 0.0045718 3.8835e-05
4.0702e-09 0.00029244 0.0001923 0.0019105 0.00012307 2.019e-05 9.5858e-07 0.0045625 3.8716e-05
3.4719e-09 0.00029115 0.00019065 0.0019075 0.00012231 2.0024e-05 9.6959e-07 0.0045533 3.8597e-05
3.2459e-09 0.0002899 0.00018901 0.0019045 0.00012157 1.9861e-05 9.8251e-07 0.0045441 3.8479e-05
3.3938e-09 0.0002887 0.0001874 0.0019015 0.00012085 1.9703e-05 9.9773e-07 0.0045349 3.8362e-05
3.9443e-09 0.00028755 0.0001858 0.0018985 0.00012014 1.9549e-05 1.0153e-06 0.0045258 3.8245e-05
5.0269e-09 0.00028645 0.00018421 0.0018956 0.00011945 1.9399e-05 1.0353e-06 0.0045167 3.8128e-05
6.9071e-09 0.00028539 0.00018265 0.0018926 0.00011877 1.9253e-05 1.0577e-06 0.0045076 3.8012e-05
1.0069e-08 0.00028438 0.0001811 0.0018896 0.0001181 1.9112e-05 1.0828e-06 0.0044986 3.7896e-05
8.2056e-09 0.00028341 0.00017956 0.0018866 0.00011746 1.8973e-05 1.1104e-06 0.0044896 3.7781e-05
5.3164e-09 0.00028242 0.000178 0.0018836 0.0001168 1.8831e-05 1.1333e-06 0.0044806 3.7661e-05
3.5621e-09 0.00028148 0.00017647 0.0018807 0.00011616 1.8692e-05 1.159e-06 0.0044716 3.7542e-05
6.4273e-09 0.00028051 0.00017491 0.0018777 0.0001155 1.8549e-05 1.1797e-06 0.0044626 3.7419e-05
1.1017e-08 0.00027959 0.00017337 0.0018747 0.00011487 1.8409e-05 1.203e-06 0.0044536 3.7297e-05
1.4608e-08 0.00027864 0.00017182 0.0018717 0.00011422 1.8265e-05 1.2213e-06 0.0044446 3.717e-05
1.6838e-08 0.00027768 0.00017024 0.0018687 0.00011357 1.8117e-05 1.2347e-06 0.0044357 3.7039e-05
1.8657e-08 0.00027676 0.00016868 0.0018657 0.00011292 1.7973e-05 1.2453e-06 0.0044267 3.6908e-05
2.0063e-08 0.00027588 0.00016714 0.0018627 0.0001123 1.7832e-05 1.2534e-06 0.0044178 3.6778e-05
2.1057e-08 0.00027498 0.00016558 0.0018597 0.00011167 1.7687e-05 1.2588e-06 0.0044089 3.6644e-05
2.0792e-08 0.00027406 0.00016401 0.0018567 0.00011102 1.7538e-05 1.2592e-06 0.0043999 3.6506e-05
1.9191e-08 0.00027312 0.00016241 0.0018537 0.00011037 1.7385e-05 1.2547e-06 0.004391 3.6364e-05
1.9411e-08 0.00027223 0.00016084 0.0018507 0.00010973 1.7235e-05 1.2533e-06 0.0043821 3.6222e-05
1.9218e-08 0.00027133 0.00015925 0.0018477 0.00010909 1.7083e-05 1.2492e-06 0.0043732 3.6077e-05
1.8612e-08 0.00027043 0.00015766 0.0018447 0.00010845 1.693e-05 1.2425e-06 0.0043643 3.593e-05
1.7594e-08 0.00026953 0.00015606 0.0018417 0.00010781 1.6774e-05 1.2331e-06 0.0043554 3.578e-05
1.6164e-08 0.00026863 0.00015446 0.0018387 0.00010716 1.6616e-05 1.221e-06 0.0043465 3.5627e-05
1.4321e-08 0.00026772 0.00015284 0.0018356 0.00010651 1.6457e-05 1.2063e-06 0.0043376 3.5471e-05
1.2065e-08 0.00026681 0.00015122 0.0018326 0.00010586 1.6295e-05 1.1889e-06 0.0043287 3.5313e-05
9.397e-09 0.0002659 0.00014959 0.0018296 0.00010521 1.6131e-05 1.1689e-06 0.0043198 3.5151e-05
6.3165e-09 0.00026498 0.00014795 0.0018265 0.00010456 1.5965e-05 1.1462e-06 0.0043109 3.4987e-05
2.8235e-09 0.00026407 0.00014631 0.0018235 0.0001039 1.5797e-05 1.1208e-06 0.004302 3.482e-05
7.6128e-10 0.0002632 0.00014468 0.0018205 0.00010326 1.5634e-05 1.0992e-06 0.0042932 3.4654e-05
8.4723e-10 0.0002623 0.00014303 0.0018174 0.00010261 1.5465e-05 1.0711e-06 0.0042843 3.4484e-05
1.0976e-09 0.00026145 0.00014141 0.0018144 0.00010198 1.5301e-05 1.0467e-06 0.0042755 3.4314e-05
6.4074e-10 0.00026058 0.00013975 0.0018113 0.00010134 1.5131e-05 1.0162e-06 0.0042666 3.4139e-05
1.7127e-09 0.00025966 0.00013808 0.0018083 0.00010068 1.4955e-05 9.7926e-07 0.0042578 3.3959e-05
3.5402e-09 0.0002588 0.00013643 0.0018052 0.00010004 1.4784e-05 9.4714e-07 0.004249 3.3781e-05
4.3817e-09 0.00025791 0.00013475 0.0018021 9.9387e-05 1.4607e-05 9.0926e-07 0.0042401 3.3597e-05
6.0564e-09 0.00025707 0.00013309 0.0017991 9.8751e-05 1.4435e-05 8.7455e-07 0.0042313 3.3415e-05
6.6791e-09 0.0002562 0.00013141 0.001796 9.8103e-05 1.4258e-05 8.3418e-07 0.0042225 3.3227e-05
3.1686e-09 0.00025538 0.00012975 0.001793 9.7471e-05 1.4085e-05 7.9742e-07 0.0042137 3.3041e-05
1.0292e-09 0.00025461 0.00012811 0.0017899 9.6856e-05 1.3916e-05 7.6374e-07 0.004205 3.2856e-05
1.3744e-09 0.00025381 0.00012645 0.0017868 9.6231e-05 1.3743e-05 7.2454e-07 0.0041962 3.2666e-05
1.0468e-09 0.00025298 0.00012477 0.0017838 9.5595e-05 1.3564e-05 6.8006e-07 0.0041875 3.2471e-05
8.4615e-10 0.00025221 0.0001231 0.0017807 9.4974e-05 1.339e-05 6.3844e-07 0.0041787 3.2278e-05
6.9298e-10 0.00025147 0.00012146 0.0017776 9.4369e-05 1.322e-05 5.9941e-07 0.00417 3.2085e-05
5.3698e-10 0.00025078 0.00011982 0.0017746 9.3779e-05 1.3054e-05 5.6271e-07 0.0041614 3.1893e-05
3.3343e-10 0.00025014 0.00011821 0.0017715 9.3203e-05 1.2891e-05 5.2814e-07 0.0041527 3.1701e-05
1.1402e-10 0.00024946 0.00011658 0.0017685 9.2618e-05 1.2724e-05 5.0733e-07 0.0041441 3.1506e-05
3.2823e-10 0.00024877 0.00011492 0.0017654 9.2023e-05 1.2552e-05 4.8168e-07 0.0041354 3.1305e-05
4.2059e-10 0.00024811 0.00011329 0.0017623 9.1442e-05 1.2384e-05 4.5748e-07 0.0041268 3.1106e-05
4.1704e-10 0.0002475 0.00011167 0.0017593 9.0875e-05 1.222e-05 4.3459e-07 0.0041182 3.0907e-05
3.2142e-10 0.00024693 0.00011006 0.0017562 9.0323e-05 1.2059e-05 4.129e-07 0.0041096 3.0708e-05
1.457e-09 0.00024634 0.00010844 0.0017532 8.9761e-05 1.1894e-05 3.8669e-07 0.004101 3.0505e-05
1.6856e-09 0.00024573 0.00010679 0.0017501 8.9189e-05 1.1724e-05 4.4775e-07 0.0040925 3.0298e-05
2.1143e-09 0.00024515 0.00010516 0.001747 8.863e-05 1.1557e-05 5.113e-07 0.0040839 3.0092e-05
9.4375e-09 0.00024455 0.00010352 0.001744 8.8062e-05 1.1386e-05 5.6946e-07 0.0040753 2.9881e-05
1.5039e-08 0.00024393 0.00010186 0.0017409 8.7486e-05 1.1211e-05 6.228e-07 0.0040668 2.9665e-05
1.4036e-08 0.00024336 0.00010021 0.0017378 8.6922e-05 1.1039e-05 6.7893e-07 0.0040582 2.9451e-05
1.4302e-08 0.00024281 9.8571e-05 0.0017347 8.6371e-05 1.087e-05 7.3776e-07 0.0040497 2.9236e-05
1.3603e-08 0.00024225 9.6919e-05 0.0017316 8.5812e-05 1.0697e-05 7.9209e-07 0.0040412 2.9018e-05
1.1918e-08 0.00024168 9.5253e-05 0.0017285 8.5246e-05 1.052e-05 8.4193e-07 0.0040327 2.8795e-05
9.2147e-09 0.00024109 9.3573e-05 0.0017255 8.4673e-05 1.0339e-05 8.8734e-07 0.0040241 2.8569e-05
7.6026e-09 0.00024053 9.1902e-05 0.0017224 8.411e-05 1.0161e-05 9.3481e-07 0.0040156 2.8343e-05
6.8642e-09 0.00024 9.0243e-05 0.0017193 8.3558e-05 9.9854e-06 9.8489e-07 0.0040071 2.8117e-05
6.8371e-09 0.00023951 8.8594e-05 0.0017162 8.3018e-05 9.8123e-06 1.0378e-06 0.0039987 2.7891e-05
6.0253e-09 0.000239 8.6931e-05 0.0017131 8.247e-05 9.6356e-06 1.0861e-06 0.0039902 2.7661e-05
4.7994e-09 0.00023853 8.5278e-05 0.00171 8.1933e-05 9.4613e-06 1.1318e-06 0.0039818 2.7431e-05
3.1594e-09 0.00023804 8.3612e-05 0.0017069 8.139e-05 9.2835e-06 1.1748e-06 0.0039733 2.7197e-05
1.1054e-09 0.00023754 8.1932e-05 0.0017038 8.084e-05 9.1021e-06 1.2152e-06 0.0039649 2.696e-05
1.6849e-09 0.00023702 8.0238e-05 0.0017007 8.0283e-05 8.9171e-06 1.2508e-06 0.0039564 2.6718e-05
1.6634e-09 0.00023649 7.853e-05 0.0016976 7.972e-05 8.7285e-06 1.2819e-06 0.003948 2.6473e-05
1.7301e-09 0.00023599 7.6831e-05 0.0016945 7.9166e-05 8.542e-06 1.3153e-06 0.0039395 2.6228e-05
1.9411e-09 0.00023552 7.5142e-05 0.0016914 7.8623e-05 8.3579e-06 1.3517e-06 0.0039311 2.5983e-05
2.2923e-09 0.00023508 7.3463e-05 0.0016882 7.8089e-05 8.1759e-06 1.3907e-06 0.0039228 2.5737e-05
2.9049e-09 0.00023467 7.1793e-05 0.0016851 7.7566e-05 7.9961e-06 1.4328e-06 0.0039144 2.5492e-05
3.9133e-09 0.0002343 7.0134e-05 0.001682 7.7054e-05 7.8186e-06 1.4783e-06 0.0039061 2.5246e-05
4.2121e-09 0.00023391 6.846e-05 0.0016789 7.6535e-05 7.6376e-06 1.5191e-06 0.0038977 2.4997e-05
5.0074e-09 0.00023355 6.6797e-05 0.0016758 7.6026e-05 7.4588e-06 1.5633e-06 0.0038894 2.4747e-05
5.071e-09 0.00023317 6.5119e-05 0.0016727 7.551e-05 7.2764e-06 1.6028e-06 0.0038811 2.4494e-05
4.3847e-09 0.00023279 6.3427e-05 0.0016696 7.4988e-05 7.0904e-06 1.6376e-06 0.0038728 2.4237e-05
4.2271e-09 0.00023243 6.1746e-05 0.0016665 7.4476e-05 6.9068e-06 1.676e-06 0.0038645 2.398e-05
3.3211e-09 0.00023206 6.005e-05 0.0016634 7.3957e-05 6.7194e-06 1.7094e-06 0.0038562 2.3719e-05
1.5825e-09 0.00023167 5.8338e-05 0.0016602 7.343e-05 6.5281e-06 1.7375e-06 0.0038479 2.3454e-05
4.2098e-10 0.00023132 5.6639e-05 0.0016571 7.2916e-05 6.3396e-06 1.7702e-06 0.0038396 2.319e-05
6.3444e-10 0.00023095 5.4923e-05 0.001654 7.2393e-05 6.1468e-06 1.7965e-06 0.0038313 2.2921e-05
8.3084e-10 0.00022704 5.3218e-05 0.0016508 7.1882e-05 5.9567e-06 1.8272e-06 0.003823 2.2652e-05
4.0688e-10 0.00022309 5.1496e-05 0.0016477 7.1362e-05 5.7621e-06 1.8519e-06 0.0038147 2.2384e-05
1.1538e-09 0.00021908 4.9757e-05 0.0016446 7.0832e-05 5.5632e-06 1.8702e-06 0.0038064 2.2112e-05
2.1585e-09 0.00021518 4.8029e-05 0.0016414 7.0314e-05 5.3668e-06 1.8928e-06 0.0037982 2.184e-05
2.4159e-09 0.00021124 4.8849e-05 0.0016383 6.9788e-05 5.1662e-06 1.9096e-06 0.0037899 2.1564e-05
3.086e-09 0.0002074 4.9674e-05 0.0016352 6.9273e-05 4.9685e-06 1.9312e-06 0.0037816 2.1288e-05
2.9867e-09 0.00020353 5.0484e-05 0.001632 6.875e-05 4.7666e-06 1.947e-06 0.0037734 2.1008e-05
2.1084e-09 0.00019961 5.1281e-05 0.0016289 6.8218e-05 4.5606e-06 1.9572e-06 0.0037651 2.0724e-05
1.5803e-09 0.00019579 5.2081e-05 0.0016258 6.7698e-05 4.3569e-06 1.9716e-06 0.0037569 2.044e-05
1.2885e-09 0.00019207 5.2886e-05 0.0016226 6.7189e-05 4.1561e-06 1.9909e-06 0.0037486 2.0157e-05
1.1409e-09 0.00018847 5.3696e-05 0.0016195 6.6693e-05 3.958e-06 2.0154e-06 0.0037405 1.9873e-05
1.1015e-09 0.00018497 5.4511e-05 0.0016164 6.6209e-05 3.7625e-06 2.0452e-06 0.0037323 1.959e-05
1.1806e-09 0.00018158 5.5333e-05 0.0016132 6.5737e-05 3.5699e-06 2.0808e-06 0.0037242 1.9308e-05
1.4533e-09 0.00017829 5.6161e-05 0.0016101 6.5278e-05 3.3801e-06 2.1227e-06 0.0037161 1.9026e-05
9.8253e-10 0.00017495 5.6972e-05 0.001607 6.4808e-05 3.1855e-06 2.1574e-06 0.003708 1.874e-05
2.3843e-09 0.00017154 5.7766e-05 0.0016038 6.4327e-05 2.9858e-06 2.1832e-06 0.0036999 1.8448e-05
2.7371e-09 0.00016805 5.854e-05 0.0016007 6.3832e-05 3.0615e-06 2.2002e-06 0.0036917 1.8152e-05
4.0111e-09 0.0001647 5.9325e-05 0.0015976 6.3354e-05 3.1389e-06 2.2258e-06 0.0036836 1.7856e-05
4.0871e-09 0.00016126 6.0089e-05 0.0015944 6.2863e-05 3.2118e-06 2.2422e-06 0.0036755 1.7556e-05
2.6551e-09 0.00015774 6.0834e-05 0.0015912 6.2357e-05 3.2802e-06 2.4565e-06 0.0036674 1.7249e-05
2.9506e-09 0.00015437 6.159e-05 0.0015881 6.1868e-05 3.3503e-06 2.5406e-06 0.0036592 1.6945e-05
9.2756e-10 0.00015113 6.2356e-05 0.0015849 6.1397e-05 3.4221e-06 2.6378e-06 0.0036512 1.6642e-05
9.9376e-10 0.00014781 6.3133e-05 0.0015818 6.094e-05 3.4955e-06 2.7228e-06 0.0036431 1.6334e-05
1.3031e-09 0.00014462 6.3919e-05 0.0015786 6.0498e-05 3.5704e-06 2.8191e-06 0.0036351 1.6026e-05
2.3064e-09 0.00014155 6.4716e-05 0.0015755 6.0072e-05 3.6472e-06 2.7745e-06 0.0036271 1.572e-05
2.3614e-09 0.00013841 6.5494e-05 0.0015723 5.9634e-05 3.7196e-06 2.7204e-06 0.003619 1.5409e-05
3.0385e-09 0.0001354 6.6282e-05 0.0015692 5.921e-05 3.7937e-06 2.676e-06 0.003611 1.51e-05
2.7589e-09 0.00013232 6.7051e-05 0.001566 5.8775e-05 3.8635e-06 2.6226e-06 0.003603 1.4785e-05
3.1155e-09 0.00012936 6.7831e-05 0.0015628 5.8354e-05 3.9349e-06 2.5785e-06 0.0035951 1.4471e-05
4.2578e-09 0.0001265 6.862e-05 0.0015597 5.7946e-05 4.0078e-06 2.5426e-06 0.0035871 1.4158e-05
2.6556e-09 0.00012374 6.9418e-05 0.0015565 5.7551e-05 4.0822e-06 2.5147e-06 0.0035792 1.3846e-05
1.8626e-09 0.00012107 7.0224e-05 0.0015534 5.7167e-05 4.158e-06 2.4941e-06 0.0035714 1.3534e-05
1.4173e-09 0.00011849 7.1039e-05 0.0015503 5.6796e-05 4.2351e-06 2.4803e-06 0.0035635 1.3223e-05
1.2064e-09 0.000116 7.1863e-05 0.0015471 5.6436e-05 4.3137e-06 2.4736e-06 0.0035557 1.2913e-05
1.1509e-09 0.0001136 7.2696e-05 0.001544 5.6087e-05 4.3939e-06 2.4738e-06 0.0035479 1.2603e-05
1.1931e-09 0.00011127 7.3536e-05 0.0015409 5.5749e-05 4.4753e-06 2.48e-06 0.0035402 1.2293e-05
1.4041e-09 0.00010902 7.4386e-05 0.0015378 5.5422e-05 4.5582e-06 2.4931e-06 0.0035325 1.1984e-05
1.8311e-09 0.00010683 7.5243e-05 0.0015347 5.5104e-05 4.6424e-06 2.5122e-06 0.0035248 1.1675e-05
1.8428e-09 0.00010461 7.6083e-05 0.0015316 5.4777e-05 4.7225e-06 2.5288e-06 0.0035171 1.1361e-05
1.4392e-09 0.00010234 7.6906e-05 0.0015285 5.4441e-05 4.7987e-06 2.5427e-06 0.0035094 1.1043e-05
6.2037e-10 0.00010004 7.7712e-05 0.0015253 5.4096e-05 4.8708e-06 2.554e-06 0.0035017 1.072e-05
1.2226e-09 9.77e-05 7.8501e-05 0.0015222 5.3742e-05 4.939e-06 2.5575e-06 0.0034939 1.0393e-05
1.0991e-09 9.5317e-05 7.9273e-05 0.001519 5.3378e-05 5.0031e-06 2.5538e-06 0.0034862 1.0061e-05
2.2417e-10 9.2891e-05 8.0028e-05 0.0015159 5.3006e-05 5.0632e-06 2.5427e-06 0.0034784 9.7249e-06
2.2148e-10 9.0419e-05 8.0765e-05 0.0015127 5.2623e-05 5.1193e-06 2.5236e-06 0.0034707 9.384e-06
8.6182e-11 8.803e-05 8.1512e-05 0.0015095 5.2252e-05 5.1768e-06 2.5117e-06 0.0034629 9.0436e-06
2.3421e-10 8.5598e-05 8.2241e-05 0.0015063 5.1871e-05 5.2303e-06 2.4922e-06 0.0034552 8.6987e-06
2.4914e-10 8.3248e-05 8.298e-05 0.0015032 5.1502e-05 5.2854e-06 2.4797e-06 0.0034474 8.3543e-06
1.1523e-10 8.0969e-05 8.3727e-05 0.0015 5.1142e-05 5.3418e-06 2.4734e-06 0.0034397 8.01e-06
3.7426e-10 7.8648e-05 8.4455e-05 0.0014968 5.0773e-05 5.3941e-06 2.459e-06 0.003432 8.2151e-06
5.5935e-10 7.6398e-05 8.5192e-05 0.0014936 5.0414e-05 5.4477e-06 2.4507e-06 0.0034243 8.4195e-06
3.2751e-09 7.4107e-05 8.5912e-05 0.0014905 5.0045e-05 5.4972e-06 2.4348e-06 0.0034167 8.6197e-06
2.8885e-09 7.1889e-05 8.664e-05 0.0014873 4.9687e-05 5.5481e-06 2.4257e-06 0.003409 8.8193e-06
2.9396e-09 6.9738e-05 8.7376e-05 0.0014841 4.9339e-05 5.6004e-06 2.4226e-06 0.0034014 9.0182e-06
3.423e-09 6.765e-05 8.812e-05 0.0014809 4.8999e-05 5.654e-06 2.4252e-06 0.0033938 9.2163e-06
3.1518e-09 6.5534e-05 8.8849e-05 0.0014777 4.8653e-05 5.7039e-06 2.4218e-06 0.0033861 9.4105e-06
3.2395e-09 6.3473e-05 8.9584e-05 0.0014746 4.8314e-05 5.7547e-06 2.4232e-06 0.0033785 9.6037e-06
3.6907e-09 6.1465e-05 9.0324e-05 0.0014714 4.7982e-05 5.8064e-06 2.4294e-06 0.003371 9.7959e-06
4.6938e-09 5.9513e-05 9.1072e-05 0.0014682 4.7659e-05 5.8593e-06 2.4409e-06 0.0033634 9.9873e-06
4.8768e-09 5.7534e-05 9.1805e-05 0.001465 4.7329e-05 5.9085e-06 2.4464e-06 0.0033559 1.0175e-05
5.7116e-09 5.5611e-05 9.2545e-05 0.0014619 4.7007e-05 5.9589e-06 2.4573e-06 0.0033484 1.0361e-05
5.8955e-09 5.3661e-05 9.327e-05 0.0014587 4.6678e-05 6.0058e-06 2.4623e-06 0.0033408 1.0544e-05
6.8338e-09 5.1767e-05 9.4003e-05 0.0014555 4.6357e-05 6.0538e-06 2.4727e-06 0.0033333 1.0726e-05
8.6571e-09 4.9921e-05 9.4742e-05 0.0014523 4.6044e-05 6.1028e-06 2.488e-06 0.0033258 1.0907e-05
9.0363e-09 4.8048e-05 9.5465e-05 0.0014491 4.5723e-05 6.1482e-06 2.8499e-06 0.0033183 1.1084e-05
1.037e-08 4.6223e-05 9.6195e-05 0.0014459 4.5409e-05 6.1945e-06 3.2337e-06 0.0033109 1.126e-05
1.0681e-08 4.4372e-05 9.6909e-05 0.0014428 4.5088e-05 6.2371e-06 3.6045e-06 0.0033034 1.1432e-05
1.2196e-08 4.2574e-05 9.7632e-05 0.0014396 4.4776e-05 6.2811e-06 4.0027e-06 0.003296 1.1604e-05
1.5279e-08 4.0827e-05 9.8363e-05 0.0014364 4.4471e-05 6.3264e-06 4.4277e-06 0.0032885 1.1775e-05
1.7107e-08 3.9053e-05 9.9077e-05 0.0014332 4.4159e-05 6.3679e-06 4.8387e-06 0.0032811 1.1941e-05
2.0702e-08 3.7327e-05 9.9799e-05 0.00143 4.3855e-05 6.4106e-06 5.2754e-06 0.0032737 1.2107e-05
1.7805e-08 3.5646e-05 0.00010053 0.0014268 4.3558e-05 6.4545e-06 5.7406e-06 0.0032663 1.2272e-05
1.6728e-08 3.4015e-05 0.00010127 0.0014236 4.327e-05 6.5e-06 6.2384e-06 0.0032589 1.2437e-05
1.4406e-08 3.2358e-05 0.00010199 0.0014204 4.2974e-05 6.5415e-06 6.72e-06 0.0032516 1.2597e-05
1.3986e-08 3.0751e-05 0.00010272 0.0014173 4.2686e-05 6.5847e-06 6.771e-06 0.0032442 1.2757e-05
1.4941e-08 2.9192e-05 0.00010346 0.0014141 4.2407e-05 6.6297e-06 6.8337e-06 0.0032369 1.2917e-05
9.8763e-09 2.7676e-05 0.00010421 0.0014109 4.2136e-05 6.6761e-06 6.9078e-06 0.0032296 1.3076e-05
6.807e-09 2.6202e-05 0.00010497 0.0014077 4.1872e-05 6.724e-06 6.9935e-06 0.0032224 1.3234e-05
2.3575e-09 2.4703e-05 0.00010572 0.0014045 4.1601e-05 6.7677e-06 7.0695e-06 0.0032151 1.3388e-05
5.5715e-10 2.3918e-05 0.00010644 0.0014013 4.1321e-05 6.8073e-06 6.9367e-06 0.0032078 1.3537e-05
6.5115e-10 2.3118e-05 0.00010715 0.0013981 4.1032e-05 6.8428e-06 6.7925e-06 0.0032005 1.3683e-05
7.6073e-10 2.2341e-05 0.00010786 0.001395 4.0752e-05 6.88e-06 6.6627e-06 0.0031933 1.3828e-05
3.7284e-09 2.1548e-05 0.00010856 0.0013917 4.0465e-05 6.9132e-06 6.5226e-06 0.003186 1.3969e-05
8.3345e-09 2.0776e-05 0.00010927 0.0013885 4.0184e-05 6.9477e-06 6.3947e-06 0.0031787 1.4109e-05
1.1562e-08 1.999e-05 0.00010996 0.0013853 3.9896e-05 6.9784e-06 6.258e-06 0.0031715 1.4245e-05
9.6219e-09 1.9224e-05 0.00011066 0.0013821 3.9615e-05 7.0105e-06 6.1343e-06 0.0031642 1.438e-05
8.8404e-09 1.8477e-05 0.00011137 0.0013789 3.9341e-05 7.0438e-06 6.0222e-06 0.003157 1.4515e-05
7.1338e-09 1.7718e-05 0.00011206 0.0013757 3.9061e-05 7.0736e-06 5.9026e-06 0.0031498 1.4646e-05
6.3357e-09 1.6978e-05 0.00011276 0.0013725 3.8787e-05 7.1046e-06 5.7939e-06 0.0031426 1.4776e-05
6.1515e-09 1.6253e-05 0.00011347 0.0013693 3.8519e-05 7.1365e-06 5.6947e-06 0.0031354 1.4905e-05
6.62e-09 1.5545e-05 0.00011418 0.0013661 3.8257e-05 7.1694e-06 5.6055e-06 0.0031283 1.5033e-05
7.7483e-09 1.4851e-05 0.0001149 0.0013629 3.8e-05 7.2032e-06 5.5251e-06 0.0031211 1.516e-05
9.7592e-09 1.4172e-05 0.00011563 0.0013597 3.7748e-05 7.2378e-06 5.4531e-06 0.003114 1.5286e-05
1.1059e-08 1.3482e-05 0.00011634 0.0013565 3.749e-05 7.269e-06 5.374e-06 0.0031069 1.5408e-05
1.3639e-08 1.2808e-05 0.00011706 0.0013533 3.7238e-05 7.3014e-06 5.3041e-06 0.0030998 1.5529e-05
1.7887e-08 1.2147e-05 0.00011779 0.0013501 3.6991e-05 7.3346e-06 5.2423e-06 0.0030927 1.565e-05
1.5513e-08 1.1501e-05 0.00011852 0.0013469 3.675e-05 7.3689e-06 5.1894e-06 0.0030856 1.5769e-05
1.4606e-08 1.0869e-05 0.00011926 0.0013437 3.6515e-05 7.4043e-06 5.145e-06 0.0030786 1.5888e-05
1.2689e-08 1.0227e-05 0.00011998 0.0013404 3.6273e-05 7.4365e-06 5.0942e-06 0.0030716 1.6003e-05
1.2058e-08 9.5981e-06 0.00012072 0.0013372 3.6037e-05 7.4694e-06 5.051e-06 0.0030646 1.6117e-05
1.0447e-08 8.9591e-06 0.00012144 0.001334 3.5795e-05 7.4991e-06 5.0016e-06 0.0030575 1.6227e-05
9.8112e-09 8.3321e-06 0.00012216 0.0013308 3.5558e-05 7.5295e-06 4.9595e-06 0.0030505 1.6336e-05
8.2841e-09 7.6959e-06 0.00012287 0.0013276 3.5315e-05 7.5567e-06 4.9112e-06 0.0030435 1.6441e-05
5.8289e-09 7.8411e-06 0.00012357 0.0013244 3.5067e-05 7.5806e-06 4.8566e-06 0.0030365 1.6543e-05
4.3376e-09 7.9896e-06 0.00012427 0.0013212 3.4824e-05 7.6055e-06 4.8099e-06 0.0030295 1.6644e-05
3.4693e-09 8.1414e-06 0.00012498 0.0013179 3.4586e-05 7.6315e-06 4.7708e-06 0.0030225 1.6744e-05
3.0305e-09 8.2965e-06 0.0001257 0.0013147 3.4353e-05 7.6585e-06 4.7393e-06 0.0030155 1.6843e-05
2.8689e-09 8.4545e-06 0.00012643 0.0013115 3.4124e-05 7.6863e-06 4.7143e-06 0.0030086 1.6941e-05
3.0106e-09 8.6161e-06 0.00012716 0.0013083 3.3901e-05 7.7151e-06 4.6966e-06 0.0030017 1.7038e-05
3.624e-09 8.7812e-06 0.0001279 0.0013051 3.3682e-05 7.7449e-06 4.2949e-06 0.0029948 1.7134e-05
3.5627e-09 8.94e-06 0.00012862 0.0013018 3.3458e-05 7.7715e-06 3.8824e-06 0.0029879 1.7226e-05
2.8166e-09 9.0924e-06 0.00012933 0.0012986 3.3228e-05 7.7949e-06 3.4585e-06 0.002981 1.7315e-05
2.4122e-09 9.2483e-06 0.00013005 0.0012954 3.3004e-05 7.8193e-06 3.0585e-06 0.0029741 1.7403e-05
2.2116e-09 9.4074e-06 0.00013078 0.0012922 3.2783e-05 7.8445e-06 2.679e-06 0.0029672 1.749e-05
2.2265e-09 9.5702e-06 0.00013151 0.0012889 3.2567e-05 7.8707e-06 2.3207e-06 0.0029604 1.7576e-05
2.462e-09 9.737e-06 0.00013225 0.0012857 3.2356e-05 7.898e-06 1.982e-06 0.0029535 1.7661e-05
2.0702e-09 9.8973e-06 0.00013298 0.0012825 3.214e-05 7.9221e-06 1.634e-06 0.0029467 1.7742e-05
7.7478e-10 1.0051e-05 0.00013369 0.0012793 3.1918e-05 7.9429e-06 1.6158e-06 0.0029399 1.7819e-05
1.4674e-09 1.0198e-05 0.00013439 0.001276 3.1691e-05 7.9604e-06 1.5925e-06 0.002933 1.7893e-05
1.5639e-09 1.0339e-05 0.00013508 0.0012728 3.1459e-05 7.9747e-06 1.5645e-06 0.0029262 1.7964e-05
1.7382e-09 1.0482e-05 0.00013577 0.0012695 3.1231e-05 7.9897e-06 1.5393e-06 0.0029193 1.8033e-05
2.0226e-09 1.063e-05 0.00013647 0.0012663 3.1006e-05 8.0056e-06 1.5168e-06 0.0029125 1.8101e-05
1.6997e-09 1.077e-05 0.00013715 0.001263 3.0777e-05 8.0183e-06 1.4897e-06 0.0029057 1.8166e-05
7.5356e-10 1.0904e-05 0.00013782 0.0012598 3.0542e-05 8.0277e-06 1.458e-06 0.0028989 1.8227e-05
1.7004e-09 1.1032e-05 0.00013848 0.0012565 3.0302e-05 8.0338e-06 1.4215e-06 0.002892 1.8284e-05
2.9186e-09 1.1163e-05 0.00013915 0.0012532 3.0066e-05 8.0408e-06 1.3876e-06 0.0028852 1.834e-05
3.4446e-09 1.1287e-05 0.0001398 0.0012499 2.9825e-05 8.0445e-06 1.3491e-06 0.0028784 1.8393e-05
3.0796e-09 1.1415e-05 0.00014045 0.0012467 2.9588e-05 8.049e-06 1.2892e-06 0.0028716 1.8444e-05
2.9974e-09 1.1546e-05 0.00014112 0.0012434 2.9355e-05 8.0543e-06 1.2324e-06 0.0028648 1.8495e-05
3.1817e-09 1.1681e-05 0.00014179 0.0012401 2.9125e-05 8.0605e-06 1.1786e-06 0.002858 1.8544e-05
3.6702e-09 1.182e-05 0.00014246 0.0012369 2.89e-05 8.0675e-06 1.1275e-06 0.0028513 1.8593e-05
3.4772e-09 1.1952e-05 0.00014313 0.0012336 2.8669e-05 8.0713e-06 1.0718e-06 0.0028445 1.8637e-05
2.5849e-09 1.2077e-05 0.00014378 0.0012303 2.8433e-05 8.0717e-06 1.0115e-06 0.0028378 1.8678e-05
9.6205e-10 1.2196e-05 0.00014441 0.001227 2.8191e-05 8.0689e-06 9.4629e-07 0.002831 1.8716e-05
1.6328e-09 1.2307e-05 0.00014503 0.0012237 2.7945e-05 8.0627e-06 8.76e-07 0.0028242 1.8749e-05
2.5009e-09 1.2423e-05 0.00014566 0.0012204 2.7702e-05 8.0574e-06 8.0876e-07 0.0028175 1.8782e-05
4.138e-09 1.2531e-05 0.00014628 0.0012171 2.7453e-05 8.0487e-06 7.5831e-07 0.0028107 1.8811e-05
4.5156e-09 1.2643e-05 0.0001469 0.0012138 2.7209e-05 8.0409e-06 6.7345e-07 0.002804 1.8839e-05
5.4648e-09 1.2759e-05 0.00014753 0.0012105 2.697e-05 8.0344e-06 5.9243e-07 0.0027973 1.8866e-05
5.6452e-09 1.2869e-05 0.00014814 0.0012072 2.6725e-05 8.0245e-06 5.0655e-07 0.0027905 1.8889e-05
6.4072e-09 1.2984e-05 0.00014877 0.0012039 2.6484e-05 8.0158e-06 4.2405e-07 0.0027838 1.8912e-05
6.0588e-09 1.3091e-05 0.00014938 0.0012006 2.6238e-05 8.0038e-06 4.4961e-07 0.0027771 1.8931e-05
6.3584e-09 1.3203e-05 0.00015 0.0011972 2.5997e-05 7.9929e-06 4.7596e-07 0.0027704 1.8949e-05
5.8838e-09 1.3309e-05 0.0001506 0.0011939 2.575e-05 7.9787e-06 4.9842e-07 0.0027637 1.8963e-05
5.9507e-09 1.3418e-05 0.00015122 0.0011906 2.5507e-05 7.9653e-06 5.2139e-07 0.002757 1.8976e-05
6.5696e-09 1.3531e-05 0.00015183 0.0011873 2.5267e-05 7.9527e-06 5.4495e-07 0.0027504 1.8989e-05
6.4287e-09 1.3638e-05 0.00015244 0.001184 2.5023e-05 7.937e-06 5.6466e-07 0.0027437 1.8997e-05
5.5127e-09 1.3738e-05 0.00015303 0.0011806 2.4773e-05 7.9179e-06 5.8048e-07 0.002737 1.9002e-05
3.8004e-09 1.3831e-05 0.00015361 0.0011773 2.4518e-05 7.8957e-06 5.9243e-07 0.0027303 1.9004e-05
2.6429e-09 1.3928e-05 0.00015419 0.0011739 2.4267e-05 7.8742e-06 6.0494e-07 0.0027237 1.9004e-05
1.8269e-09 1.4029e-05 0.00015479 0.0011706 2.4019e-05 7.8535e-06 6.1806e-07 0.002717 1.9003e-05
1.2027e-09 1.4134e-05 0.00015538 0.0011673 2.3775e-05 7.8336e-06 6.3184e-07 0.0027104 1.9001e-05
6.5635e-10 1.4243e-05 0.00015599 0.0011639 2.3534e-05 7.8145e-06 6.4632e-07 0.0027038 1.8998e-05
1.9668e-09 1.4345e-05 0.00015658 0.0011606 2.3288e-05 7.7921e-06 6.5681e-07 0.0026972 1.8992e-05
3.705e-09 1.4452e-05 0.00015718 0.0011572 2.3045e-05 7.7706e-06 6.6804e-07 0.0026906 1.8984e-05
6.195e-09 1.4562e-05 0.00015779 0.0011539 2.2806e-05 7.7498e-06 6.8004e-07 0.002684 1.8976e-05
1.0073e-08 1.4678e-05 0.0001584 0.0011506 2.2571e-05 7.73e-06 6.9315e-07 0.0026774 1.8966e-05
1.2871e-08 1.4787e-05 0.000159 0.0011472 2.233e-05 7.707e-06 7.0232e-07 0.0026708 1.8953e-05
1.4649e-08 1.4889e-05 0.00015959 0.0011439 2.2084e-05 7.6808e-06 7.0753e-07 0.0026643 1.8936e-05
1.8067e-08 1.4996e-05 0.00016018 0.0011405 2.1843e-05 7.6557e-06 7.1393e-07 0.0026577 1.8919e-05
1.9828e-08 1.5108e-05 0.00016079 0.0011372 2.1605e-05 7.6316e-06 7.0702e-07 0.0026512 1.89e-05
2.3543e-08 1.5226e-05 0.0001614 0.0011338 2.1371e-05 7.6087e-06 7.0136e-07 0.0026446 1.8881e-05
2.5941e-08 1.5337e-05 0.000162 0.0011304 2.1132e-05 7.5824e-06 6.9163e-07 0.0026381 1.8858e-05
2.7076e-08 1.5441e-05 0.00016259 0.0011271 2.0887e-05 7.5528e-06 6.7777e-07 0.0026316 1.8831e-05
2.694e-08 1.5537e-05 0.00016316 0.0011237 2.0638e-05 7.5198e-06 6.5971e-07 0.002625 1.8801e-05
2.543e-08 1.5625e-05 0.00016371 0.0011203 2.0382e-05 7.4832e-06 6.3728e-07 0.0026185 1.8766e-05
2.2878e-08 1.5706e-05 0.00016425 0.0011169 2.012e-05 7.4429e-06 6.1016e-07 0.0026119 1.8728e-05
2.2374e-08 1.5792e-05 0.0001648 0.0011135 1.9863e-05 7.404e-06 5.8469e-07 0.0026054 1.8689e-05
2.3697e-08 1.5885e-05 0.00016536 0.0011102 1.9611e-05 7.3665e-06 5.6088e-07 0.0025989 1.8649e-05
2.7291e-08 1.5984e-05 0.00016594 0.0011068 1.9363e-05 7.3308e-06 5.3884e-07 0.0025924 1.8609e-05
2.8989e-08 1.6074e-05 0.00016649 0.0011034 1.9108e-05 7.2915e-06 5.1151e-07 0.0025859 1.8565e-05
2.373e-08 1.6173e-05 0.00016706 0.0011 1.886e-05 7.2547e-06 4.8696e-07 0.0025794 1.8521e-05
2.4173e-08 1.6215e-05 0.00016761 0.0010966 1.8603e-05 7.2131e-06 4.9839e-07 0.0025729 1.8472e-05
1.7457e-08 1.6265e-05 0.00016817 0.0010932 1.8352e-05 7.1737e-06 5.1171e-07 0.0025665 1.8423e-05
1.4078e-08 1.6324e-05 0.00016875 0.0010898 1.8108e-05 7.1365e-06 5.2712e-07 0.00256 1.8373e-05
8.8484e-09 1.6372e-05 0.00016931 0.0010864 1.7855e-05 7.0949e-06 5.3738e-07 0.0025536 1.832e-05
6.0274e-09 1.6429e-05 0.00016988 0.001083 1.7609e-05 7.0554e-06 5.4963e-07 0.0025471 1.8266e-05
1.7446e-09 1.6476e-05 0.00017043 0.0010796 1.7355e-05 7.0117e-06 5.569e-07 0.0025407 1.8208e-05
1.6885e-09 1.6513e-05 0.00017097 0.0010762 1.7095e-05 6.9635e-06 5.5878e-07 0.0025342 1.8145e-05
1.8539e-09 1.6558e-05 0.00017152 0.0010728 1.6839e-05 6.9171e-06 5.6223e-07 0.0025278 1.8082e-05
2.3187e-09 1.661e-05 0.00017208 0.0010694 1.6588e-05 6.8728e-06 5.6761e-07 0.0025214 1.8019e-05
3.2241e-09 1.6672e-05 0.00017266 0.001066 1.6343e-05 6.8305e-06 5.7493e-07 0.002515 1.7952e-05
4.872e-09 1.6741e-05 0.00017325 0.0010625 1.6104e-05 6.7903e-06 5.8424e-07 0.0025087 1.7884e-05
7.8694e-09 1.6819e-05 0.00017386 0.0010591 1.5869e-05 6.7519e-06 5.9557e-07 0.0025023 1.7816e-05
6.7886e-09 1.6905e-05 0.00017448 0.0010557 1.5639e-05 6.7153e-06 6.0878e-07 0.002496 1.7748e-05
4.5646e-09 1.6981e-05 0.00017509 0.0010523 1.5402e-05 6.6744e-06 6.17e-07 0.0024897 1.7676e-05
3.4252e-09 1.7065e-05 0.00017571 0.0010489 1.5171e-05 6.6355e-06 6.2736e-07 0.0024834 1.7603e-05
2.9849e-09 1.7158e-05 0.00017634 0.0010455 1.4944e-05 6.5985e-06 6.3997e-07 0.0024771 1.753e-05
3.1222e-09 1.726e-05 0.00017699 0.001042 1.4721e-05 6.5633e-06 6.5489e-07 0.0024709 1.7457e-05
2.3877e-09 1.7351e-05 0.00017763 0.0010386 1.4492e-05 6.524e-06 6.6471e-07 0.0024646 1.738e-05
7.2707e-10 1.7433e-05 0.00017824 0.0010352 1.4257e-05 6.4806e-06 6.6943e-07 0.0024584 1.7298e-05
9.429e-10 1.7505e-05 0.00017883 0.0010318 1.4015e-05 6.4329e-06 6.6873e-07 0.0024521 1.7212e-05
1.3473e-09 1.7586e-05 0.00017944 0.0010283 1.3777e-05 6.3872e-06 6.7039e-07 0.0024458 1.7126e-05
1.0236e-09 1.7657e-05 0.00018002 0.0010249 1.3533e-05 6.3373e-06 6.6687e-07 0.0024396 1.7035e-05
8.5904e-10 1.7736e-05 0.00018059 0.0010214 1.3282e-05 6.2831e-06 6.6541e-07 0.0024333 1.6944e-05
8.2214e-10 1.7824e-05 0.00018118 0.001018 1.3036e-05 6.2309e-06 6.6642e-07 0.0024271 1.6853e-05
1.4958e-09 1.7922e-05 0.00018178 0.0010146 1.2795e-05 6.1807e-06 6.1229e-07 0.0024209 1.6762e-05
2.6796e-09 1.8029e-05 0.0001824 0.0010111 1.2559e-05 6.1326e-06 5.6206e-07 0.0024147 1.6671e-05
2.9459e-09 1.8126e-05 0.00018299 0.0010077 1.2316e-05 6.0801e-06 5.0585e-07 0.0024085 1.6575e-05
3.7882e-09 1.8231e-05 0.00018361 0.0010043 1.2077e-05 6.0292e-06 4.5287e-07 0.0024024 1.6479e-05
3.6899e-09 1.8326e-05 0.0001842 0.0010008 1.1831e-05 5.974e-06 3.927e-07 0.0023962 1.6379e-05
4.3227e-09 1.843e-05 0.0001848 0.00099737 1.159e-05 5.9207e-06 3.3617e-07 0.00239 1.6278e-05
5.8373e-09 1.8543e-05 0.00018543 0.00099393 1.1353e-05 5.8691e-06 2.8242e-07 0.0023839 1.6177e-05
6.2207e-09 1.8645e-05 0.00018603 0.00099047 1.1109e-05 5.8132e-06 2.231e-07 0.0023778 1.6072e-05
5.1102e-09 1.8735e-05 0.00019533 0.00098701 1.0859e-05 5.7528e-06 2.2634e-07 0.0023716 1.5962e-05
4.9006e-09 1.8835e-05 0.00020473 0.00098355 1.0612e-05 5.6941e-06 2.2979e-07 0.0023655 1.5852e-05
5.5485e-09 1.8945e-05 0.00021426 0.0009801 1.037e-05 5.6373e-06 2.3369e-07 0.0023594 1.5741e-05
7.321e-09 1.9064e-05 0.00022391 0.00097665 1.0132e-05 5.5824e-06 2.3807e-07 0.0023533 1.5631e-05
1.1071e-08 1.9194e-05 0.00023368 0.0009732 9.8984e-06 5.5293e-06 2.4298e-07 0.0023472 1.5521e-05
1.3112e-08 1.9313e-05 0.00024339 0.00096975 9.6584e-06 5.472e-06 2.4349e-07 0.0023412 1.5406e-05
1.3611e-08 1.942e-05 0.00025303 0.00096628 9.4113e-06 5.4103e-06 2.3948e-07 0.0023351 1.5286e-05
8.982e-09 1.9537e-05 0.00026279 0.00096281 9.1684e-06 5.3503e-06 2.3593e-07 0.002329 1.5166e-05
6.6646e-09 1.9664e-05 0.00027268 0.00095935 8.9296e-06 5.292e-06 2.328e-07 0.002323 1.5046e-05
5.8845e-09 1.9211e-05 0.0002827 0.0009559 8.6954e-06 5.2358e-06 2.3051e-07 0.0023169 1.4926e-05
3.3542e-09 1.8722e-05 0.00029285 0.00095243 8.4652e-06 5.1814e-06 2.8715e-07 0.0023109 1.4802e-05
4.6158e-09 1.8217e-05 0.00030293 0.00094895 8.2279e-06 5.1225e-06 3.3729e-07 0.0023049 1.4673e-05
4.7529e-09 1.7697e-05 0.00031293 0.00094546 7.9835e-06 5.059e-06 3.8157e-07 0.0022988 1.4539e-05
5.7924e-09 1.7193e-05 0.00032305 0.00094198 7.7429e-06 4.9971e-06 4.2854e-07 0.0022928 1.4405e-05
5.6838e-09 1.6674e-05 0.00033311 0.00093848 7.4954e-06 4.9308e-06 4.6967e-07 0.0022867 1.4266e-05
6.5339e-09 1.6171e-05 0.00034328 0.00093499 7.2516e-06 4.8661e-06 5.1358e-07 0.0022807 1.4127e-05
3.9006e-09 1.5685e-05 0.00035359 0.0009315 7.0115e-06 4.803e-06 5.6079e-07 0.0022747 1.3988e-05
2.5517e-09 1.5216e-05 0.00036404 0.00092801 6.7754e-06 4.7417e-06 6.1196e-07 0.0022687 1.3849e-05
1.8683e-09 1.4764e-05 0.00037464 0.00092453 6.5433e-06 4.6823e-06 6.6751e-07 0.0022628 1.371e-05
1.5594e-09 1.4328e-05 0.00038538 0.00092106 6.3151e-06 4.6247e-06 7.2793e-07 0.0022568 1.357e-05
1.4537e-09 1.3907e-05 0.00039626 0.00091758 6.0901e-06 4.5686e-06 7.9313e-07 0.0022509 1.3431e-05
1.5775e-09 1.3499e-05 0.00040728 0.00091411 5.8683e-06 4.5139e-06 8.6553e-07 0.002245 1.3291e-05
1.9826e-09 1.3106e-05 0.00041845 0.00091065 5.6497e-06 4.4607e-06 9.4405e-07 0.0022392 1.3151e-05
2.8236e-09 1.2727e-05 0.00042978 0.00090718 5.4346e-06 4.4093e-06 1.03e-06 0.0022333 1.3011e-05
4.3585e-09 1.236e-05 0.00044125 0.00090373 5.2225e-06 4.3593e-06 1.1234e-06 0.0022275 1.287e-05
8.3287e-09 1.1979e-05 0.00045264 0.00090026 5.0037e-06 4.3048e-06 1.2687e-06 0.0022217 1.2725e-05
1.5819e-08 1.1611e-05 0.00046418 0.00089679 4.7878e-06 4.2518e-06 1.4266e-06 0.0022159 1.258e-05
2.0539e-08 1.1229e-05 0.00047563 0.00089331 4.5655e-06 4.1944e-06 1.573e-06 0.0022101 1.243e-05
3.0621e-08 1.0861e-05 0.00048725 0.00088984 4.3465e-06 4.1387e-06 1.7338e-06 0.0022043 1.228e-05
5.0527e-08 1.0506e-05 0.00049902 0.00088637 4.1303e-06 4.0845e-06 1.9092e-06 0.0021985 1.213e-05
6.3511e-08 1.0137e-05 0.0005107 0.00088289 3.9075e-06 4.0257e-06 2.0711e-06 0.0021927 1.1975e-05
8.9945e-08 9.7799e-06 0.00052254 0.00087941 3.6875e-06 3.9684e-06 2.2485e-06 0.002187 1.182e-05
1.0711e-07 9.4092e-06 0.00053428 0.00087592 3.4609e-06 3.9066e-06 2.4118e-06 0.0021812 1.166e-05
1.4283e-07 9.0512e-06 0.00054618 0.00087244 3.2371e-06 3.8463e-06 2.5915e-06 0.0021754 1.15e-05
2.2372e-08 8.8485e-06 0.00099235 0.00065559 2.4839e-06 9.1171e-06 1.0147e-05 0.0018401 7.2348e-06
1.741e-08 8.6937e-06 0.0009911 0.00065197 2.4457e-06 9.3384e-06 9.9435e-06 0.0018349 7.3188e-06
1.5954e-08 8.5476e-06 0.0009899 0.00064835 2.4075e-06 9.5663e-06 9.7686e-06 0.0018297 7.402e-06
8.2395e-09 8.4098e-06 0.00098877 0.00064474 2.3694e-06 9.8009e-06 9.6215e-06 0.0018245 7.4845e-06
4.5514e-09 8.2792e-06 0.0009877 0.00064113 2.3312e-06 1.0042e-05 9.4974e-06 0.0018193 7.5661e-06
2.8338e-09 8.1556e-06 0.00098669 0.00063752 2.2927e-06 9.9982e-06 9.3951e-06 0.0018141 7.6467e-06
2.128e-09 8.0389e-06 0.00098573 0.00063391 2.254e-06 9.9582e-06 9.3137e-06 0.001809 7.7265e-06
4.3174e-09 7.9115e-06 0.00098473 0.0006303 2.2104e-06 9.9125e-06 9.2145e-06 0.0018039 7.8018e-06
3.9388e-09 7.7917e-06 0.00098378 0.00062668 2.1667e-06 9.8709e-06 9.1384e-06 0.0017987 7.8764e-06
4.6536e-09 7.6786e-06 0.0009829 0.00062307 2.1228e-06 9.8328e-06 9.0823e-06 0.0017936 7.9501e-06
1.3378e-08 7.5543e-06 0.00098215 0.00061945 2.0807e-06 9.8019e-06 9.0075e-06 0.0017885 8.0194e-06
3.2549e-08 7.4374e-06 0.00098146 0.00061583 2.0385e-06 9.7749e-06 8.9541e-06 0.0017834 8.0879e-06
8.6416e-09 7.4484e-06 0.00088506 0.00069574 1.3292e-06 8.219e-06 9.099e-06 0.0015834 8.5935e-06
4.4928e-09 7.4285e-06 0.00087847 0.00069933 1.4313e-06 8.1708e-06 9.0724e-06 0.0015785 8.5559e-06
2.6278e-09 7.4145e-06 0.00087199 0.00070292 1.5338e-06 8.1261e-06 9.0661e-06 0.0015736 8.5175e-06
1.8844e-09 7.4066e-06 0.00086562 0.00070651 1.6365e-06 8.0848e-06 9.0804e-06 0.0015688 8.4785e-06
1.7779e-09 7.4039e-06 0.00085934 0.00071011 1.7395e-06 8.0464e-06 9.1134e-06 0.0015639 8.4385e-06
2.2275e-09 7.4071e-06 0.00085318 0.00071371 1.8429e-06 8.0113e-06 9.1673e-06 0.0015591 8.3978e-06
1.7033e-09 7.4005e-06 0.00084695 0.0007173 1.941e-06 7.9708e-06 9.2048e-06 0.0015543 8.3527e-06
1.7281e-09 7.3999e-06 0.00084082 0.00072089 2.0397e-06 7.9336e-06 9.2632e-06 0.0015495 8.3067e-06
8.2413e-10 7.3896e-06 0.00083463 0.00072447 2.1331e-06 7.8911e-06 9.3057e-06 0.0015447 8.2565e-06
1.4337e-09 7.3695e-06 0.00082837 0.00072804 2.2212e-06 7.8432e-06 9.3303e-06 0.0015398 8.2017e-06
2.7652e-09 7.3553e-06 0.00082222 0.00073161 2.3099e-06 7.7987e-06 9.3759e-06 0.001535 8.1462e-06
5.7444e-09 7.3464e-06 0.00081617 0.00073519 2.3988e-06 7.757e-06 9.4414e-06 0.0015302 8.0898e-06
7.0357e-09 7.3276e-06 0.00081005 0.00073875 2.4825e-06 7.71e-06 9.4899e-06 0.0015254 8.029e-06
5.3006e-09 7.3148e-06 0.00080403 0.00074232 2.5667e-06 7.6662e-06 9.5613e-06 0.0015206 7.9674e-06
8.049e-09 7.2921e-06 0.00079795 0.00074588 2.6456e-06 7.617e-06 9.6144e-06 0.0015158 7.9013e-06
8.4963e-09 7.2751e-06 0.00079196 0.00074944 2.7248e-06 7.5707e-06 9.5565e-06 0.001511 7.8343e-06
1.1006e-08 7.2633e-06 0.00078607 0.00075301 2.8044e-06 7.5273e-06 9.5186e-06 0.0015062 7.7665e-06
1.7191e-08 7.2576e-06 0.00078028 0.00075658 2.8848e-06 7.4871e-06 9.5021e-06 0.0015015 7.6978e-06
1.8404e-08 7.2572e-06 0.00077458 0.00076015 2.9658e-06 7.4497e-06 9.2326e-06 0.0014967 7.6283e-06
1.4865e-08 7.2621e-06 0.00076897 0.00076373 3.0473e-06 7.4151e-06 8.9936e-06 0.001492 7.5578e-06
1.4167e-08 7.273e-06 0.00076346 0.00076731 3.1296e-06 7.3836e-06 8.7848e-06 0.0014873 7.4866e-06
1.5838e-08 7.2899e-06 0.00075805 0.00077089 3.213e-06 7.3553e-06 8.6039e-06 0.0014827 7.4145e-06
1.3113e-08 7.3121e-06 0.00075272 0.00077448 3.2971e-06 7.3296e-06 8.4478e-06 0.001478 7.3415e-06
1.2851e-08 7.3404e-06 0.00074749 0.00077808 3.3822e-06 7.307e-06 8.3159e-06 0.0014734 7.2677e-06
2.2462e-08 7.3587e-06 0.00074219 0.00078166 3.4617e-06 7.2791e-06 8.164e-06 0.0014687 7.1895e-06
2.4377e-08 7.3823e-06 0.00073698 0.00078524 3.542e-06 7.2539e-06 8.0347e-06 0.0014641 7.1103e-06
3.0149e-08 7.4113e-06 0.00073186 0.00078883 3.623e-06 7.2313e-06 7.9259e-06 0.0014595 7.0301e-06
2.9507e-08 7.4457e-06 0.00072682 0.00079243 3.705e-06 7.2114e-06 7.8373e-06 0.0014549 6.949e-06
2.8453e-08 7.4855e-06 0.00072186 0.00079602 3.7878e-06 7.194e-06 7.7462e-06 0.0014503 6.8668e-06
2.6988e-08 7.5153e-06 0.00071684 0.00079961 3.865e-06 7.1714e-06 7.6526e-06 0.0014458 6.7802e-06
2.5111e-08 7.5513e-06 0.00071191 0.0008032 3.9434e-06 7.1518e-06 7.5565e-06 0.0014412 6.6928e-06
2.6495e-08 7.5937e-06 0.00070706 0.00080679 4.023e-06 7.1351e-06 7.4806e-06 0.0014366 6.6045e-06
3.2058e-08 7.6424e-06 0.00070231 0.00081039 4.1041e-06 7.1215e-06 7.4243e-06 0.0014321 6.5153e-06
3.1145e-08 7.6968e-06 0.00069763 0.000814 4.1862e-06 7.1104e-06 7.3859e-06 0.0014276 6.4252e-06
2.7465e-08 7.7409e-06 0.00069289 0.00081761 4.2625e-06 7.094e-06 7.3321e-06 0.001423 6.3344e-06
1.3632e-08 7.7916e-06 0.00068824 0.00082123 4.3403e-06 7.0806e-06 7.2979e-06 0.0014185 6.2427e-06
7.4906e-09 7.849e-06 0.00068367 0.00082485 4.4195e-06 7.0702e-06 7.2859e-06 0.001414 6.1501e-06
8.0573e-09 7.896e-06 0.00067905 0.00082847 4.493e-06 7.0545e-06 7.2581e-06 0.0014095 6.0532e-06
1.0717e-08 7.6082e-06 0.0006745 0.00083208 4.5675e-06 7.0414e-06 7.2492e-06 0.001405 5.9551e-06
9.7414e-09 7.3319e-06 0.00067004 0.0008357 4.6437e-06 7.0313e-06 7.2588e-06 0.0014005 5.8562e-06
6.9483e-09 7.0431e-06 0.00066552 0.00083931 4.714e-06 7.016e-06 7.2541e-06 0.001396 5.7529e-06
1.8046e-09 6.7411e-06 0.00066094 0.00084291 4.7785e-06 6.9955e-06 7.2344e-06 0.0013915 5.6453e-06
1.3302e-09 6.4259e-06 0.00065631 0.0008465 4.8372e-06 6.9698e-06 7.1983e-06 0.001387 5.5332e-06
1.332e-09 6.1214e-06 0.00065175 0.00085009 4.897e-06 6.9466e-06 7.1791e-06 0.0013825 5.4201e-06
4.083e-09 5.804e-06 0.00064715 0.00085366 4.9511e-06 6.9183e-06 7.1443e-06 0.0013779 5.3026e-06
5.8171e-09 5.4738e-06 0.00064248 0.00085723 4.9994e-06 6.8849e-06 7.0945e-06 0.0013734 5.1808e-06
4.7559e-09 5.1542e-06 0.00063789 0.0008608 5.0489e-06 6.854e-06 7.0617e-06 0.0013689 5.0579e-06
2.7588e-09 4.8218e-06 0.00063325 0.00086435 5.0927e-06 6.8181e-06 7.0141e-06 0.0013643 5.3369e-06
1.9628e-09 4.501e-06 0.00062869 0.00086791 5.1379e-06 6.7851e-06 6.9845e-06 0.0013598 5.6163e-06
1.8405e-09 4.1913e-06 0.00062422 0.00087147 5.1848e-06 6.7549e-06 6.9728e-06 0.0013553 5.896e-06
2.3118e-09 3.8922e-06 0.00061982 0.00087504 5.2332e-06 6.7277e-06 6.9787e-06 0.0013508 6.1761e-06
1.7833e-09 3.5806e-06 0.00061536 0.0008786 5.2758e-06 6.6952e-06 6.97e-06 0.0013463 6.4512e-06
3.8978e-09 3.2564e-06 0.00061085 0.00088214 5.3125e-06 6.6576e-06 6.9458e-06 0.0013418 6.7213e-06
8.2075e-09 2.9418e-06 0.00060642 0.00088569 5.3504e-06 6.6224e-06 6.9378e-06 0.0013373 6.9916e-06
8.5331e-09 2.6362e-06 0.00060206 0.00088924 5.3895e-06 6.5897e-06 6.9462e-06 0.0013329 7.2621e-06
5.2528e-09 2.3393e-06 0.00059776 0.0008928 5.43e-06 6.5595e-06 6.971e-06 0.0013284 7.5327e-06
3.9998e-09 2.0505e-06 0.00059354 0.00089636 5.4717e-06 6.5317e-06 7.0124e-06 0.001324 7.8036e-06
1.2266e-09 2.0868e-06 0.00058927 0.00089991 5.5077e-06 6.4989e-06 7.0387e-06 0.0013195 8.0695e-06
1.1945e-09 2.1159e-06 0.00058495 0.00090344 5.5377e-06 6.4609e-06 7.0496e-06 0.001315 8.3305e-06
1.4857e-09 2.1458e-06 0.00058069 0.00090699 5.569e-06 6.4253e-06 7.0766e-06 0.0013106 8.5916e-06
9.0044e-10 2.1685e-06 0.00057638 0.00091052 5.5944e-06 6.3846e-06 7.0891e-06 0.0013061 8.8478e-06
5.9948e-10 2.1921e-06 0.00057214 0.00091405 5.6211e-06 6.3463e-06 7.1176e-06 0.0013016 9.1041e-06
4.1909e-10 2.2166e-06 0.00056797 0.00091759 5.649e-06 6.3102e-06 7.1623e-06 0.0012972 9.3606e-06
2.6408e-10 2.2421e-06 0.00056387 0.00092113 5.6781e-06 6.2765e-06 7.2236e-06 0.0012928 9.6174e-06
8.2251e-11 2.269e-06 0.00055984 0.00092468 5.7089e-06 6.2453e-06 7.3038e-06 0.0012884 9.8747e-06
1.0536e-10 2.2886e-06 0.00055575 0.00092821 5.7337e-06 6.2091e-06 7.3678e-06 0.001284 1.0127e-05
4.6177e-10 2.3008e-06 0.00055162 0.00093174 5.7527e-06 6.1679e-06 7.4153e-06 0.0012795 1.0374e-05
9.8237e-10 2.3145e-06 0.00054756 0.00093527 5.7734e-06 6.1293e-06 7.4817e-06 0.0012751 1.0622e-05
1.9858e-09 2.3296e-06 0.00054357 0.0009388 5.7957e-06 6.0934e-06 7.5675e-06 0.0012707 1.087e-05
3.949e-09 2.3459e-06 0.00053965 0.00094234 5.8193e-06 6.0596e-06 7.6721e-06 0.0012663 1.1119e-05
8.2864e-09 2.3634e-06 0.00053579 0.00094588 5.8443e-06 6.0281e-06 7.7966e-06 0.001262 1.1368e-05
8.5966e-09 2.382e-06 0.00053199 0.00094943 5.8707e-06 5.9989e-06 7.9424e-06 0.0012576 1.1618e-05
1.0342e-08 2.6499e-06 0.00049671 0.00098519 6.1691e-06 5.7816e-06 9.5122e-06 0.0012151 1.4148e-05
1.0728e-08 2.6869e-06 0.00049349 0.0009888 6.2066e-06 5.7708e-06 9.6847e-06 0.0012109 1.4406e-05
1.0076e-08 2.7161e-06 0.00049022 0.00099239 6.238e-06 5.7551e-06 9.8365e-06 0.0012067 1.4659e-05
4.8472e-09 2.7477e-06 0.00048692 0.00099599 6.2633e-06 5.7344e-06 1.0017e-05 0.0012026 1.4912e-05
2.7724e-09 2.7811e-06 0.00048366 0.0009996 6.2901e-06 5.7158e-06 9.9485e-06 0.0011984 1.5167e-05
1.9602e-09 2.8168e-06 0.00048047 0.0010032 6.319e-06 5.6996e-06 9.9029e-06 0.0011943 1.5423e-05
1.7541e-09 2.8543e-06 0.00047733 0.0010068 6.3495e-06 5.6855e-06 9.8773e-06 0.0011902 1.5679e-05
8.561e-10 2.8841e-06 0.00047415 0.0010104 6.3739e-06 5.6666e-06 9.8348e-06 0.0011861 1.5931e-05
4.1175e-10 2.9163e-06 0.00047103 0.001014 6.4004e-06 5.6501e-06 9.8142e-06 0.001182 1.6183e-05
1.1439e-10 2.9503e-06 0.00046797 0.0010177 6.4286e-06 5.6356e-06 9.8137e-06 0.0011779 1.6436e-05
1.4928e-10 2.9766e-06 0.00046486 0.0010213 6.4507e-06 5.6163e-06 9.796e-06 0.0011738 1.6684e-05
5.5814e-11 3.0053e-06 0.00046181 0.0010249 6.4748e-06 5.5994e-06 9.7999e-06 0.0011697 1.6934e-05
5.5017e-11 3.0262e-06 0.00045871 0.0010285 6.493e-06 5.5777e-06 9.7867e-06 0.0011656 1.7178e-05
1.357e-10 3.5494e-06 0.00045558 0.001032 6.5051e-06 5.5511e-06 9.7527e-06 0.0011615 1.7416e-05
7.5298e-11 3.6765e-06 0.0004525 0.0010356 6.5193e-06 5.527e-06 9.7413e-06 0.0011574 1.7656e-05
1.8528e-10 3.7947e-06 0.00044938 0.0010392 6.5275e-06 5.498e-06 9.7128e-06 0.0011532 1.7891e-05
2.0196e-10 3.9176e-06 0.00044632 0.0010428 6.5377e-06 5.4714e-06 9.7059e-06 0.0011491 1.8127e-05
1.3628e-10 4.0454e-06 0.00044331 0.0010464 6.55e-06 5.4472e-06 9.7203e-06 0.0011451 1.8364e-05
4.5041e-10 4.1638e-06 0.00044027 0.00105 6.5561e-06 5.418e-06 9.7164e-06 0.001141 1.8596e-05
8.746e-10 4.2866e-06 0.00043727 0.0010536 6.5638e-06 5.3909e-06 9.732e-06 0.0011369 1.8829e-05
1.7474e-09 4.4145e-06 0.00043433 0.0010572 6.5737e-06 5.3661e-06 9.7695e-06 0.0011328 1.9063e-05
3.6701e-09 4.5478e-06 0.00043145 0.0010608 6.5855e-06 5.3436e-06 9.8293e-06 0.0011288 1.9298e-05
4.7022e-09 4.6715e-06 0.00042852 0.0010643 6.5913e-06 5.3162e-06 9.8711e-06 0.0011247 1.9528e-05
3.1824e-09 4.8008e-06 0.00042565 0.0010679 6.599e-06 5.2911e-06 9.9361e-06 0.0011207 1.9759e-05
2.7573e-09 4.9357e-06 0.00042283 0.0010715 6.6089e-06 5.2683e-06 1.0024e-05 0.0011166 1.9992e-05
3.0492e-09 5.0758e-06 0.00042007 0.0010751 6.6204e-06 5.2474e-06 1.0134e-05 0.0011126 2.0226e-05
2.2433e-09 5.206e-06 0.00041726 0.0010787 6.6258e-06 5.2216e-06 1.0225e-05 0.0011086 2.0454e-05
2.6771e-09 5.3425e-06 0.0004145 0.0010823 6.6332e-06 5.1981e-06 1.0116e-05 0.0011046 2.0683e-05
2.3843e-09 5.469e-06 0.0004117 0.0010859 6.6345e-06 5.1698e-06 9.9866e-06 0.0011005 2.0908e-05
2.7287e-09 5.6008e-06 0.00040895 0.0010895 6.6375e-06 5.1433e-06 9.8801e-06 0.0010965 2.1133e-05
9.0078e-09 6.4216e-06 0.00033849 0.0011901 6.2991e-06 4.2039e-06 5.4367e-06 0.00098622 2.7073e-05
1.8699e-09 6.3427e-06 0.00033623 0.0011937 6.276e-06 4.1661e-06 5.2248e-06 0.00098238 2.7278e-05
9.807e-10 6.2541e-06 0.00033394 0.0011973 6.2468e-06 4.1237e-06 4.9922e-06 0.00097852 2.7477e-05
1.7583e-09 6.1555e-06 0.00033717 0.0012009 6.2116e-06 4.0766e-06 4.7378e-06 0.00097464 2.767e-05
3.345e-09 6.0622e-06 0.00034045 0.0012045 6.1779e-06 4.0311e-06 4.5086e-06 0.00097078 2.7865e-05
6.6244e-09 5.974e-06 0.00034379 0.0012081 6.1457e-06 3.9871e-06 4.3026e-06 0.00096693 2.8061e-05
6.5458e-09 5.8914e-06 0.00034718 0.0012117 6.1155e-06 3.9449e-06 4.1206e-06 0.00096309 2.826e-05
7.8463e-09 5.8137e-06 0.00035062 0.0012153 6.0869e-06 3.9042e-06 3.9579e-06 0.00095927 2.8459e-05
5.9739e-09 5.7415e-06 0.00035413 0.0012189 6.0601e-06 3.8653e-06 3.8154e-06 0.00095547 2.8661e-05
5.5384e-09 5.6739e-06 0.00035769 0.0012225 6.0348e-06 3.8277e-06 3.6893e-06 0.00095167 2.8864e-05
3.2582e-09 5.5965e-06 0.0003612 0.0012261 6.0035e-06 3.7856e-06 3.7516e-06 0.00094787 2.9061e-05
2.2504e-09 5.5237e-06 0.00036477 0.0012297 5.9737e-06 3.7449e-06 3.8265e-06 0.00094407 2.926e-05
2.5183e-09 5.4564e-06 0.0003684 0.0012334 5.9457e-06 3.7059e-06 3.7774e-06 0.00094029 2.9461e-05
1.1652e-09 5.3796e-06 0.00037199 0.001237 5.9118e-06 3.6624e-06 3.8039e-06 0.0009365 2.9656e-05
5.0117e-10 5.3079e-06 0.00037563 0.0012406 5.8798e-06 3.6206e-06 3.8432e-06 0.00093272 2.9854e-05
2.1884e-10 5.2265e-06 0.00037924 0.0012442 5.8419e-06 3.5744e-06 3.9466e-06 0.00092893 3.0045e-05
4.9216e-10 5.1358e-06 0.0003828 0.0012478 5.798e-06 3.5237e-06 4.036e-06 0.00092512 3.0231e-05
8.8104e-10 5.0495e-06 0.00038641 0.0012514 5.7556e-06 3.4743e-06 4.1397e-06 0.00092132 3.0419e-05
1.6027e-09 4.9676e-06 0.00039009 0.001255 5.7147e-06 3.4263e-06 4.2588e-06 0.00091754 3.0608e-05
6.9503e-10 4.8905e-06 0.00039382 0.0012586 5.6755e-06 3.3799e-06 4.3964e-06 0.00091377 3.08e-05
1.8704e-10 4.8181e-06 0.00039762 0.0012622 5.6382e-06 3.335e-06 4.5536e-06 0.00091002 3.0993e-05
2.3385e-10 4.7365e-06 0.00040138 0.0012658 5.5948e-06 3.2856e-06 4.6934e-06 0.00090625 3.1181e-05
2.0186e-10 4.659e-06 0.00040519 0.0012695 5.5528e-06 3.2375e-06 4.8578e-06 0.0009025 3.137e-05
6.5908e-11 4.5853e-06 0.00040907 0.0012731 5.5122e-06 3.1906e-06 5.0425e-06 0.00089876 3.1561e-05
6.3147e-11 4.5025e-06 0.00041289 0.0012767 5.4656e-06 3.1392e-06 5.2087e-06 0.000895 3.1746e-05
1.7745e-10 4.4105e-06 0.00041667 0.0012803 5.413e-06 3.0834e-06 5.3566e-06 0.00089123 3.1925e-05
1.9133e-10 4.3231e-06 0.00042051 0.0012839 5.3622e-06 3.029e-06 5.5261e-06 0.00088747 3.2107e-05
8.1814e-10 4.2268e-06 0.00042431 0.0012875 5.3055e-06 2.9704e-06 5.6778e-06 0.0008837 3.2283e-05
8.4537e-10 4.1215e-06 0.00042807 0.0012911 5.243e-06 2.9073e-06 5.8131e-06 0.00087992 3.2453e-05
1.0882e-09 4.0202e-06 0.00043188 0.0012947 5.1819e-06 2.8455e-06 5.9676e-06 0.00087614 3.2625e-05
4.3759e-09 3.9097e-06 0.00043564 0.0012982 5.1148e-06 2.7793e-06 6.1045e-06 0.00087235 3.2791e-05
1.1382e-08 3.8037e-06 0.00043947 0.0013018 5.0493e-06 2.7144e-06 6.263e-06 0.00086858 3.2959e-05
2.574e-08 3.7013e-06 0.00044336 0.0013054 4.9852e-06 2.6507e-06 6.4427e-06 0.00086482 3.3129e-05
3.8689e-08 1.776e-06 0.00057357 0.0014582 5.5895e-06 1.4994e-06 1.1147e-05 0.0007034 3.8944e-05
4.3695e-08 1.7812e-06 0.0005763 0.0014618 5.6329e-06 1.4773e-06 1.1186e-05 0.00069968 3.9053e-05
5.6174e-08 1.787e-06 0.00057909 0.0014653 5.678e-06 1.4552e-06 1.1248e-05 0.00069596 3.9163e-05
6.5675e-08 1.7859e-06 0.00058184 0.0014688 5.7171e-06 1.4295e-06 1.1291e-05 0.00069224 3.9268e-05
7.0635e-08 1.7779e-06 0.00058454 0.0014724 5.7504e-06 1.4001e-06 1.1318e-05 0.00068849 3.9368e-05
6.6705e-08 1.7702e-06 0.00058729 0.0014759 5.7851e-06 1.3707e-06 1.1365e-05 0.00068476 3.9469e-05
6.8363e-08 1.7634e-06 0.00059011 0.0014794 5.8214e-06 1.3413e-06 1.1437e-05 0.00068105 3.9572e-05
6.6555e-08 1.7496e-06 0.00059288 0.001483 5.8519e-06 1.3084e-06 1.1491e-05 0.00067731 3.967e-05
6.2694e-08 1.7289e-06 0.00059561 0.0014865 5.8766e-06 1.2718e-06 1.1526e-05 0.00067357 3.9762e-05
5.6604e-08 1.7011e-06 0.00059829 0.00149 5.8952e-06 1.2314e-06 1.1543e-05 0.00066981 3.9848e-05
3.5636e-08 1.6742e-06 0.00060103 0.0014935 5.9157e-06 1.1913e-06 1.1585e-05 0.00066606 3.9937e-05
3.5025e-08 1.6404e-06 0.00060374 0.001497 5.9302e-06 1.1474e-06 1.1608e-05 0.0006623 4.002e-05
2.6881e-08 1.6074e-06 0.0006065 0.0015005 5.9466e-06 1.1037e-06 1.1655e-05 0.00065855 4.0105e-05
1.342e-08 1.5673e-06 0.00060921 0.001504 5.9569e-06 1.0563e-06 1.1685e-05 0.00065478 4.0184e-05
7.4814e-09 1.5281e-06 0.00061199 0.0015075 5.9691e-06 1.009e-06 1.1738e-05 0.00065103 4.0266e-05
8.1151e-09 1.4818e-06 0.00061472 0.001511 5.9753e-06 9.5805e-07 1.1772e-05 0.00064727 4.0341e-05
1.0847e-08 1.4359e-06 0.00061751 0.0015145 5.9828e-06 9.0699e-07 1.1828e-05 0.00064351 4.0419e-05
9.8411e-09 1.3903e-06 0.00062035 0.001518 5.9919e-06 8.558e-07 1.1907e-05 0.00063977 4.0499e-05
6.9637e-09 1.3378e-06 0.00062314 0.0015215 5.9949e-06 8.0095e-07 1.1967e-05 0.00063601 4.0572e-05
1.6988e-09 1.2783e-06 0.0006259 0.001525 5.9919e-06 7.4243e-07 1.2009e-05 0.00063224 4.064e-05
1.1691e-09 1.2117e-06 0.0006286 0.0015284 5.9829e-06 6.8022e-07 1.203e-05 0.00062845 4.0702e-05
1.1889e-09 1.1751e-06 0.00063125 0.0015319 5.9672e-06 7.3591e-07 1.2113e-05 0.00062465 4.0759e-05
1.8722e-09 1.1309e-06 0.00063385 0.0015353 5.9456e-06 7.8803e-07 1.2313e-05 0.00062793 4.0809e-05
7.8832e-10 1.0869e-06 0.00063652 0.0015388 5.9258e-06 8.4013e-07 1.2548e-05 0.00063122 4.0862e-05
2.0072e-10 1.043e-06 0.00063924 0.0015422 5.9078e-06 8.9225e-07 1.2818e-05 0.00063451 4.0917e-05
2.2648e-10 9.9247e-07 0.00064192 0.0015457 5.8838e-06 9.4071e-07 1.306e-05 0.0006378 4.0966e-05
1.8961e-10 9.4203e-07 0.00064466 0.0015492 5.8616e-06 9.8922e-07 1.3338e-05 0.00064109 4.1018e-05
7.2961e-10 1.0792e-06 0.00064735 0.0015526 5.8336e-06 1.0341e-06 1.3585e-05 0.00064437 4.1064e-05
1.7296e-09 1.2192e-06 0.00065011 0.0015561 5.8073e-06 1.0791e-06 1.3869e-05 0.00064766 4.1112e-05
1.0019e-09 1.3615e-06 0.00065293 0.0015595 5.7824e-06 1.1239e-06 1.4191e-05 0.00065096 4.1162e-05
7.1085e-10 1.5071e-06 0.0006558 0.001563 5.7593e-06 1.1689e-06 1.4558e-05 0.00065427 4.1215e-05
6.5533e-10 1.6561e-06 0.00065874 0.0015665 5.738e-06 1.2141e-06 1.4972e-05 0.0006576 4.127e-05
7.842e-10 1.8088e-06 0.00066175 0.00157 5.7183e-06 1.2595e-06 1.5439e-05 0.00066093 4.1327e-05
3.1344e-09 1.9529e-06 0.0006647 0.0015734 5.6927e-06 1.3011e-06 1.5867e-05 0.00066425 4.1379e-05
3.0278e-09 2.1007e-06 0.00066773 0.0015769 5.6688e-06 1.3429e-06 1.6351e-05 0.00066758 4.1432e-05
3.8088e-09 2.2526e-06 0.00067081 0.0015804 5.6466e-06 1.385e-06 1.6894e-05 0.00067093 4.1489e-05
2.2652e-09 2.4087e-06 0.00067397 0.0015839 5.6261e-06 1.4273e-06 1.7503e-05 0.00067428 4.1547e-05
1.5782e-09 2.5688e-06 0.00067718 0.0015874 5.6068e-06 1.4698e-06 1.8178e-05 0.00067765 4.1608e-05
1.4391e-09 2.7336e-06 0.00068046 0.0015909 5.5892e-06 1.5126e-06 1.8931e-05 0.00068102 4.1671e-05
1.7632e-09 2.9035e-06 0.00068381 0.0015945 5.5732e-06 1.5558e-06 1.9771e-05 0.00068441 4.1736e-05
1.672e-09 3.0641e-06 0.00068711 0.001598 5.5514e-06 1.5952e-06 2.0608e-05 0.00068778 4.1796e-05
1.1655e-09 3.2156e-06 0.00069036 0.0016015 5.5239e-06 1.6309e-06 2.1444e-05 0.00069114 4.185e-05
2.4371e-10 3.3581e-06 0.00069357 0.001605 5.4905e-06 1.6628e-06 2.2278e-05 0.00069449 4.1898e-05
1.9352e-10 3.4914e-06 0.00069673 0.0016085 5.4513e-06 1.6909e-06 2.3055e-05 0.00069782 4.194e-05
1.2928e-10 3.6298e-06 0.00069996 0.0016119 5.4138e-06 1.7194e-06 2.3258e-05 0.00070116 4.1985e-05
3.1861e-10 3.759e-06 0.00070315 0.0016154 5.3705e-06 1.7441e-06 2.3382e-05 0.00070449 4.2024e-05
4.9785e-10 3.8924e-06 0.00070639 0.0016189 5.3285e-06 1.769e-06 2.354e-05 0.00070783 4.2065e-05
7.6712e-10 4.0302e-06 0.0007097 0.0016224 5.2877e-06 1.7941e-06 2.3734e-05 0.00071118 4.2108e-05
3.549e-09 4.1588e-06 0.00071296 0.0016259 5.2412e-06 1.8153e-06 2.39e-05 0.00071452 4.2146e-05
3.6246e-09 4.2926e-06 0.00071629 0.0016294 5.1962e-06 1.837e-06 2.4106e-05 0.00071787 4.2185e-05
4.7665e-09 4.4318e-06 0.00071969 0.0016329 5.1529e-06 1.8591e-06 2.4355e-05 0.00072123 4.2227e-05
4.6266e-09 4.5614e-06 0.00072304 0.0016363 5.1037e-06 1.8774e-06 2.4575e-05 0.00072457 4.2264e-05
1.4388e-09 4.6958e-06 0.00072645 0.0016398 5.0556e-06 1.8959e-06 2.4835e-05 0.00072793 4.2302e-05
1.3884e-09 4.8208e-06 0.00072982 0.0016433 5.0019e-06 1.9105e-06 2.5065e-05 0.00073127 4.2334e-05
2.0663e-09 4.9357e-06 0.00073313 0.0016468 4.9423e-06 1.9214e-06 2.5495e-05 0.0007346 4.2361e-05
3.5634e-09 5.0555e-06 0.00073652 0.0016503 4.884e-06 1.9325e-06 2.598e-05 0.00073794 4.239e-05
6.7095e-09 5.1801e-06 0.00073996 0.0016537 4.8268e-06 1.9438e-06 2.6523e-05 0.00074129 4.2421e-05
8.1112e-09 5.2952e-06 0.00074336 0.0016572 4.7639e-06 1.9513e-06 2.7026e-05 0.00074463 4.2446e-05
6.2434e-09 5.4154e-06 0.00074683 0.0016607 4.7022e-06 1.959e-06 2.7592e-05 0.00074797 4.2473e-05
5.8347e-09 5.5407e-06 0.00075036 0.0016642 4.6416e-06 1.967e-06 2.8224e-05 0.00075133 4.2502e-05
7.5283e-09 5.7562e-06 0.00086145 0.0017625 2.4288e-06 1.7332e-06 4.3755e-05 0.00084645 4.3086e-05
6.2443e-09 5.6412e-06 0.00086599 0.001766 2.3352e-06 1.7117e-06 4.3813e-05 0.00084991 4.3106e-05
2.3636e-09 5.516e-06 0.00087048 0.0017696 2.2363e-06 1.6865e-06 4.4288e-05 0.00085335 4.312e-05
5.4294e-10 5.3969e-06 0.00087505 0.0017731 2.1381e-06 1.6616e-06 4.4835e-05 0.00085681 4.3136e-05
4.2141e-10 5.2681e-06 0.00087957 0.0017767 2.0346e-06 1.633e-06 4.5333e-05 0.00086026 4.3146e-05
3.6852e-10 5.1452e-06 0.00088417 0.0017802 1.9318e-06 1.6047e-06 4.5905e-05 0.00086372 4.3159e-05
3.4861e-10 5.028e-06 0.00088887 0.0017838 1.8296e-06 1.5767e-06 4.6557e-05 0.00086719 4.3175e-05
3.1421e-10 4.9156e-06 0.00089365 0.0017873 1.7277e-06 1.5487e-06 4.7288e-05 0.00087068 4.3192e-05
2.4675e-10 4.8077e-06 0.00089851 0.0017909 1.6259e-06 1.5208e-06 4.8105e-05 0.00087417 4.3212e-05
9.1972e-10 4.6906e-06 0.00090331 0.0017945 1.519e-06 1.4892e-06 4.8862e-05 0.00087765 4.3225e-05
7.8938e-10 4.5638e-06 0.00090805 0.001798 1.4068e-06 1.4539e-06 4.9562e-05 0.00088112 4.3233e-05
1.0861e-09 4.427e-06 0.00091274 0.0018016 1.2893e-06 1.4148e-06 5.0688e-05 0.00088457 4.3235e-05
5.6012e-10 4.2805e-06 0.00091516 0.0018051 1.2866e-06 1.4647e-06 5.1738e-05 0.00088801 4.3231e-05
1.1873e-09 4.124e-06 0.00091754 0.0018086 1.2793e-06 1.5108e-06 5.2707e-05 0.00089144 4.3222e-05
2.513e-09 3.9726e-06 0.00091998 0.0018121 1.271e-06 1.5571e-06 5.3787e-05 0.00089487 4.3214e-05
1.821e-09 3.826e-06 0.00092248 0.0018157 1.2615e-06 1.6036e-06 5.499e-05 0.00089832 4.3208e-05
3.7389e-09 3.67e-06 0.00092494 0.0018192 1.2476e-06 1.6464e-06 5.6111e-05 0.00090176 4.3197e-05
4.7646e-09 3.5044e-06 0.00092734 0.0018227 1.2292e-06 1.6853e-06 5.7156e-05 0.00090518 4.3179e-05
4.0754e-09 3.3449e-06 0.00092982 0.0018262 1.2098e-06 1.7247e-06 5.7711e-05 0.00090861 4.3165e-05
4.5009e-09 3.1899e-06 0.00093236 0.0018297 1.1894e-06 1.7644e-06 5.8362e-05 0.00091205 4.3152e-05
6.2964e-09 3.04e-06 0.00093497 0.0018333 1.168e-06 1.8046e-06 5.9104e-05 0.00091551 4.3142e-05
9.8152e-09 6.4418e-05 0.0011426 0.0020867 4.4517e-05 4.229e-05 0.00010082 0.0011651 9.3456e-05
2.6662e-09 6.6017e-05 0.0011459 0.0020902 4.589e-05 4.3243e-05 0.00010141 0.0011685 9.4918e-05
1.9575e-09 6.7573e-05 0.0011492 0.0020936 4.724e-05 4.4179e-05 0.00010193 0.001172 9.637e-05
3.9901e-09 6.9087e-05 0.0011524 0.002097 4.8568e-05 4.5096e-05 0.0001024 0.0011754 9.7811e-05
8.0726e-09 7.0661e-05 0.0011557 0.0021005 4.9927e-05 4.6039e-05 0.00010295 0.0011788 9.9265e-05
1.6932e-08 7.2304e-05 0.0011591 0.0021039 5.132e-05 4.701e-05 0.0001036 0.0011823 0.00010073
2.2224e-08 7.3904e-05 0.0011624 0.0021074 5.2691e-05 4.7962e-05 0.00010419 0.0011857 0.00010219
3.4655e-08 7.5574e-05 0.0011658 0.0021108 5.4097e-05 4.8943e-05 0.00010488 0.0011891 0.00010366
6.262e-08 7.7311e-05 0.0011692 0.0021143 5.5536e-05 4.9952e-05 0.00010567 0.0011926 0.00010515
1.2422e-07 7.9125e-05 0.0011728 0.0021178 5.7012e-05 5.0991e-05 0.00010658 0.0011961 0.00010665
5.69e-07 8.0889e-05 0.0011763 0.0021212 5.8463e-05 5.2009e-05 0.00010741 0.0011995 0.00010814
9.3091e-07 8.2605e-05 0.0011797 0.0021247 5.9889e-05 5.3008e-05 0.00010817 0.001203 0.00010962
1.0578e-06 8.439e-05 0.0011833 0.0021281 6.1349e-05 5.4035e-05 0.00010903 0.0012064 0.00011111
1.3429e-06 8.6254e-05 0.0011869 0.0021316 6.2848e-05 5.5092e-05 0.00011002 0.0012099 0.00011262
1.4412e-06 8.82e-05 0.0011905 0.0021351 6.4385e-05 5.6182e-05 0.00011114 0.0012134 0.00011414
