

TREE # 1

  0  0.0000   4975.961179  x:  0.00634   0.00000   0.01268   0.00484   0.01119   0.00550   0.00296   0.10126   0.09056   0.10669   0.01000   0.03764   0.00018   0.03929   0.03746   0.03856   0.08504   0.07952   0.01443   0.06613   0.07931   0.07325   0.08842   0.09406   0.05047   0.02352   0.02597   0.02868   0.07580   0.12133   0.08432   0.01188   0.13702   0.10333   0.08726   0.89736   1.11673  
  1 99.0000   4975.942053  x:  0.00634   0.00000   0.01267   0.00484   0.01119   0.00550   0.00296   0.10126   0.09056   0.10669   0.01000   0.03764   0.00019   0.03929   0.03746   0.03856   0.08504   0.07952   0.01443   0.06613   0.07931   0.07325   0.08842   0.09406   0.05047   0.02352   0.02597   0.02868   0.07580   0.12133   0.08432   0.01188   0.13702   0.10333   0.08726   0.89736   1.11673  
  2 2248.5659   4965.015849  x:  0.00702   0.00000   0.00704   0.00696   0.00827   0.00021   0.01746   0.10210   0.09109   0.10871   0.00000   0.03426   0.00008   0.04055   0.03618   0.03845   0.08491   0.07939   0.01408   0.06525   0.07850   0.07343   0.08838   0.09442   0.05166   0.02228   0.02772   0.03001   0.07440   0.12181   0.08571   0.00670   0.13743   0.10383   0.08808   0.90696   1.11126  
  3 854.7312   4964.741348  x:  0.00702   0.00000   0.00687   0.00696   0.00823   0.00000   0.01740   0.10212   0.09110   0.10879   0.00000   0.03412   0.00008   0.04060   0.03614   0.03844   0.08492   0.07939   0.01407   0.06522   0.07847   0.07343   0.08838   0.09443   0.05170   0.02224   0.02778   0.03005   0.07435   0.12183   0.08576   0.00654   0.13745   0.10385   0.08811   0.90737   1.11102  
  4 784.6867   4943.293719  x:  0.00745   0.00000   0.00307   0.01251   0.02367   0.00000   0.01549   0.10496   0.09298   0.11857   0.00000   0.01753   0.00016   0.04465   0.03174   0.03838   0.08653   0.07913   0.01387   0.06163   0.07487   0.07423   0.08822   0.09596   0.05552   0.02056   0.03451   0.03294   0.06773   0.12431   0.09164   0.00000   0.14008   0.10660   0.09188   0.96115   1.07928  
  5 2118.7354   4921.017689  x:  0.00662   0.00000   0.00000   0.00940   0.02343   0.00000   0.01482   0.10728   0.09522   0.12736   0.00000   0.01307   0.00016   0.04731   0.02944   0.03937   0.08800   0.07856   0.01392   0.05876   0.07165   0.07496   0.08805   0.09704   0.05813   0.02050   0.03837   0.03401   0.06171   0.12688   0.09678   0.01338   0.14331   0.10986   0.09569   1.02595   1.03956  
  6 2030.6230   4878.400621  x:  0.00682   0.00000   0.01806   0.00000   0.01773   0.00000   0.01410   0.11090   0.09957   0.14261   0.00000   0.02516   0.00007   0.04987   0.02915   0.04164   0.09071   0.07684   0.02417   0.05502   0.06667   0.07619   0.08788   0.09950   0.06098   0.02198   0.03992   0.03381   0.05251   0.13184   0.10515   0.01334   0.14898   0.11471   0.10154   1.16996   0.94826  
  7 4537.3758   4852.981083  x:  0.00677   0.00000   0.02896   0.00239   0.01198   0.00000   0.01235   0.11307   0.10223   0.15190   0.00000   0.03415   0.00000   0.05125   0.02928   0.04309   0.09231   0.07576   0.03050   0.05285   0.06368   0.07693   0.08778   0.10098   0.06257   0.02298   0.04040   0.03350   0.04703   0.13490   0.11020   0.01398   0.15251   0.11770   0.10510   1.26095   0.89034  
  8 51485.3068   4852.981083  x:  0.00677   0.00000   0.02896   0.00239   0.01198   0.00000   0.01235   0.11307   0.10223   0.15190   0.00000   0.03415   0.00000   0.05125   0.02928   0.04309   0.09231   0.07576   0.03050   0.05285   0.06368   0.07693   0.08778   0.10098   0.06257   0.02298   0.04040   0.03350   0.04703   0.13490   0.11020   0.01398   0.15251   0.11770   0.10510   1.26095   0.89034  
  9 1873.3289   4851.023616  x:  0.00673   0.00000   0.02837   0.00311   0.01178   0.00000   0.01216   0.11304   0.10217   0.15179   0.00000   0.03398   0.00572   0.05118   0.02936   0.04304   0.09224   0.07579   0.03013   0.05296   0.06379   0.07692   0.08777   0.10096   0.06250   0.02290   0.04021   0.03348   0.04728   0.13487   0.11010   0.01355   0.15246   0.11764   0.10502   1.26137   0.88991  
 10 2544.1132   4837.352209  x:  0.00563   0.00000   0.01003   0.01728   0.00710   0.00000   0.00654   0.11234   0.09994   0.14821   0.00000   0.02779   0.00504   0.04869   0.03089   0.04031   0.09005   0.07672   0.01871   0.05619   0.06718   0.07631   0.08753   0.10011   0.06022   0.02032   0.03436   0.03290   0.05517   0.13390   0.10695   0.00000   0.15099   0.11587   0.10270   1.27413   0.87669  
 11 557.7833   4832.344793  x:  0.00752   0.00000   0.00000   0.01424   0.00924   0.00000   0.00875   0.11188   0.09881   0.14579   0.00000   0.02479   0.00522   0.04738   0.03147   0.03923   0.08886   0.07720   0.01220   0.05786   0.06892   0.07598   0.08748   0.09942   0.05892   0.02002   0.03258   0.03265   0.05863   0.13329   0.10505   0.00000   0.15028   0.11495   0.10152   1.28333   0.86701  
 12 891.0556   4826.116108  x:  0.00875   0.00000   0.00283   0.01173   0.01273   0.00000   0.00978   0.11085   0.09637   0.14064   0.00000   0.01867   0.00540   0.04464   0.03272   0.03696   0.08638   0.07796   0.00254   0.06137   0.07256   0.07529   0.08744   0.09808   0.05612   0.01957   0.02893   0.03213   0.06591   0.13204   0.10111   0.00000   0.14879   0.11289   0.09892   1.30300   0.84625  
 13 847.7427   4809.186873  x:  0.00926   0.00000   0.00359   0.00394   0.01672   0.00000   0.01057   0.10757   0.08851   0.12385   0.00000   0.00462   0.00588   0.03660   0.03621   0.03102   0.07854   0.08039   0.01138   0.07237   0.08351   0.07324   0.08802   0.09377   0.04755   0.01946   0.02000   0.03068   0.08749   0.12798   0.08872   0.00000   0.14401   0.10627   0.09076   1.36970   0.77544  
 14 1902.9011   4789.590415  x:  0.00927   0.00000   0.00439   0.00000   0.02181   0.00000   0.01283   0.10350   0.07983   0.10336   0.00000   0.01905   0.00600   0.02886   0.03960   0.02700   0.07013   0.08318   0.01582   0.08417   0.09561   0.07092   0.08870   0.08883   0.03904   0.02015   0.01501   0.02940   0.11113   0.12304   0.07454   0.00000   0.13844   0.09883   0.08130   1.45575   0.68326  
 15 4130.9369   4778.099382  x:  0.01333   0.00000   0.00543   0.00562   0.03495   0.00000   0.02408   0.09920   0.07093   0.08120   0.00000   0.03119   0.00577   0.02168   0.04247   0.02399   0.06144   0.08613   0.02259   0.09615   0.10792   0.06851   0.08960   0.08336   0.03069   0.02301   0.01378   0.02830   0.13414   0.11773   0.05971   0.00000   0.13281   0.09127   0.07166   1.55207   0.57970  
 16 19355.6179   4732.355431  x:  0.00533   0.00000   0.00474   0.00518   0.03681   0.00000   0.02271   0.09410   0.06312   0.05499   0.00000   0.02987   0.00553   0.04976   0.04086   0.03715   0.05714   0.08887   0.02243   0.10925   0.12337   0.06569   0.09021   0.07812   0.04829   0.02572   0.05966   0.03014   0.16698   0.10960   0.05374   0.00000   0.12488   0.08397   0.06381   1.78663   0.31998  
 17 2521.7144   4715.701442  x:  0.01804   0.00000   0.00561   0.00528   0.03390   0.00000   0.01974   0.09575   0.07041   0.07610   0.00000   0.03091   0.00549   0.04314   0.03584   0.03593   0.06473   0.08749   0.02307   0.10639   0.12153   0.06667   0.09034   0.08147   0.04779   0.02432   0.05259   0.02896   0.16727   0.10984   0.06320   0.00000   0.12644   0.08836   0.07188   1.87745   0.22435  
 18 1445.3524   4711.049210  x:  0.00367   0.00000   0.00480   0.00529   0.03551   0.00000   0.02364   0.09769   0.07330   0.07622   0.00000   0.03022   0.00551   0.04068   0.03534   0.03574   0.06620   0.08636   0.02209   0.10168   0.11703   0.06775   0.09063   0.08359   0.04674   0.02580   0.04552   0.02865   0.15981   0.11219   0.06533   0.00000   0.12918   0.09175   0.07397   1.90940   0.21321  
 19 368.3935   4695.956728  x:  0.00998   0.00000   0.00499   0.00510   0.02516   0.00000   0.01967   0.10671   0.07779   0.04785   0.00000   0.02788   0.00541   0.04730   0.04050   0.03902   0.06420   0.08100   0.01920   0.07646   0.09174   0.07293   0.09193   0.09266   0.04944   0.02741   0.01988   0.02949   0.11664   0.12628   0.06707   0.00000   0.14387   0.10432   0.07713   2.08367   0.21170  
 20 495.0435   4666.545500  x:  0.00913   0.00000   0.00377   0.00444   0.01577   0.00000   0.00816   0.11221   0.06689   0.07217   0.00000   0.02411   0.00545   0.03648   0.04790   0.02833   0.05187   0.07979   0.01399   0.05083   0.06120   0.07725   0.09442   0.09448   0.03657   0.01891   0.03133   0.03275   0.04854   0.14444   0.05553   0.00000   0.16034   0.10671   0.06496   2.47138   0.25399  
 21 1118.6130   4640.305070  x:  0.00779   0.00000   0.00482   0.00534   0.00555   0.00000   0.01675   0.11381   0.07949   0.09493   0.00000   0.02615   0.00515   0.03899   0.03686   0.04510   0.08183   0.08138   0.01334   0.06833   0.06902   0.07784   0.09383   0.09438   0.06257   0.03787   0.01336   0.03458   0.04195   0.15269   0.08969   0.00000   0.16607   0.10251   0.08397   2.89906   0.33121  
 22 1230.2721   4634.192857  x:  0.00684   0.00000   0.00332   0.00555   0.02222   0.00000   0.00486   0.11684   0.09350   0.09275   0.00000   0.02763   0.00526   0.03872   0.03268   0.04239   0.09096   0.07861   0.01592   0.06507   0.06872   0.07879   0.09258   0.10024   0.05998   0.02993   0.01764   0.03352   0.05409   0.15415   0.10329   0.00000   0.16846   0.11015   0.09862   3.00570   0.35302  
 23 974.8388   4632.279650  x:  0.00687   0.00000   0.00421   0.00564   0.01635   0.00000   0.01214   0.11840   0.10150   0.09122   0.00000   0.02790   0.00523   0.04039   0.03175   0.03832   0.09193   0.07644   0.01610   0.06129   0.06906   0.07880   0.09146   0.10376   0.05399   0.02196   0.02189   0.03203   0.06208   0.15243   0.10710   0.00000   0.16823   0.11573   0.10512   3.03767   0.36017  
 24 411.5126   4631.957520  x:  0.00702   0.00000   0.00416   0.00563   0.01570   0.00000   0.01167   0.11772   0.10486   0.09259   0.00000   0.02786   0.00521   0.04297   0.03257   0.03855   0.08911   0.07577   0.01591   0.05899   0.07030   0.07804   0.09056   0.10496   0.05091   0.02705   0.02205   0.03085   0.06334   0.14747   0.10541   0.00000   0.16579   0.12002   0.10712   3.04309   0.36159  
 25 68.0626   4631.824926  x:  0.00692   0.00000   0.00420   0.00564   0.01617   0.00000   0.01160   0.11681   0.10667   0.09314   0.00000   0.02783   0.00520   0.04309   0.03178   0.04036   0.08686   0.07572   0.01606   0.05898   0.07115   0.07744   0.09001   0.10523   0.05230   0.02486   0.02099   0.03164   0.06216   0.14182   0.10359   0.00000   0.16282   0.12326   0.10806   3.04540   0.36221  
 26 39.9849   4631.801922  x:  0.00696   0.00000   0.00420   0.00563   0.01588   0.00000   0.01151   0.11670   0.10699   0.09253   0.00000   0.02775   0.00521   0.04188   0.03202   0.03951   0.08738   0.07584   0.01597   0.05941   0.07070   0.07757   0.09008   0.10527   0.05301   0.02522   0.02156   0.03171   0.06159   0.14001   0.10368   0.00000   0.16181   0.12410   0.10825   3.04583   0.36229  
 27 17.2802   4631.792656  x:  0.00694   0.00000   0.00420   0.00563   0.01601   0.00000   0.01152   0.11674   0.10661   0.09255   0.00000   0.02779   0.00521   0.04252   0.03237   0.03912   0.08828   0.07603   0.01600   0.05953   0.07007   0.07784   0.09034   0.10510   0.05268   0.02499   0.02134   0.03153   0.06146   0.13896   0.10394   0.00000   0.16101   0.12415   0.10789   3.04610   0.36231  
 28  7.0422   4631.782000  x:  0.00697   0.00000   0.00419   0.00562   0.01588   0.00000   0.01148   0.11698   0.10610   0.09238   0.00000   0.02771   0.00521   0.04227   0.03157   0.03972   0.08884   0.07598   0.01595   0.05896   0.06967   0.07811   0.09057   0.10507   0.05211   0.02513   0.02142   0.03183   0.06167   0.13838   0.10425   0.00000   0.16031   0.12407   0.10740   3.04653   0.36236  
 29  4.5497   4631.695008  x:  0.00701   0.00000   0.00420   0.00562   0.01598   0.00000   0.01163   0.11873   0.10477   0.09294   0.00000   0.02771   0.00519   0.04123   0.03396   0.04088   0.08851   0.07472   0.01603   0.05638   0.07061   0.07856   0.09081   0.10584   0.05328   0.02486   0.02148   0.03130   0.06265   0.13817   0.10593   0.00000   0.15770   0.12363   0.10594   3.05043   0.36247  
 30  4.0843   4631.020312  x:  0.00721   0.00000   0.00413   0.00569   0.01592   0.00000   0.01095   0.12579   0.10200   0.09470   0.00000   0.02834   0.00523   0.04430   0.02903   0.03502   0.08320   0.07218   0.01601   0.05750   0.07424   0.07834   0.09010   0.10991   0.05575   0.02501   0.02145   0.03107   0.06183   0.14072   0.11081   0.00000   0.14748   0.12283   0.10221   3.08005   0.36264  
 31 24.6289   4628.608293  x:  0.00790   0.00000   0.00401   0.00565   0.01159   0.00000   0.00739   0.13364   0.10254   0.09987   0.00000   0.02791   0.00502   0.04621   0.03491   0.04408   0.07971   0.07874   0.01471   0.07226   0.07325   0.07500   0.08781   0.11368   0.04881   0.02255   0.02711   0.03506   0.06080   0.14666   0.11433   0.00000   0.13239   0.12200   0.10310   3.19031   0.36270  
 32 127.2306   4624.170404  x:  0.00869   0.00000   0.00399   0.00578   0.00502   0.00000   0.00319   0.12376   0.10082   0.11175   0.00000   0.02793   0.00480   0.05113   0.03051   0.04392   0.08548   0.08461   0.01355   0.06627   0.07067   0.07345   0.08898   0.10374   0.06091   0.01916   0.03190   0.02608   0.07266   0.14161   0.10074   0.00000   0.13447   0.11568   0.10283   3.37466   0.36411  
 33 322.9766   4623.671900  x:  0.00875   0.00000   0.00393   0.00584   0.00438   0.00000   0.00282   0.12043   0.10031   0.11361   0.00000   0.02811   0.00477   0.05292   0.03215   0.04161   0.08596   0.08221   0.01348   0.06515   0.07226   0.07488   0.08896   0.10328   0.06171   0.01935   0.03192   0.03495   0.07444   0.13841   0.10146   0.00000   0.13862   0.11476   0.10120   3.39840   0.36422  
 34 170.5583   4623.524804  x:  0.00879   0.00000   0.00384   0.00585   0.00421   0.00000   0.00247   0.11817   0.09952   0.11350   0.00000   0.02807   0.00476   0.05286   0.03201   0.04243   0.08486   0.07937   0.01339   0.06696   0.07373   0.07604   0.08834   0.10511   0.06038   0.01892   0.03243   0.03319   0.07356   0.13481   0.10497   0.00000   0.14332   0.11442   0.09859   3.40500   0.36421  
 35 40.7633   4623.507191  x:  0.00880   0.00000   0.00386   0.00584   0.00427   0.00000   0.00261   0.11840   0.09913   0.11378   0.00000   0.02812   0.00476   0.05285   0.03199   0.04244   0.08398   0.08050   0.01343   0.06705   0.07251   0.07520   0.08813   0.10630   0.06085   0.01905   0.03232   0.03328   0.07437   0.13401   0.10565   0.00000   0.14438   0.11438   0.09788   3.40589   0.36425  
 36  8.7072   4623.394105  x:  0.00877   0.00000   0.00384   0.00581   0.00440   0.00000   0.00255   0.12165   0.09745   0.11387   0.00000   0.02810   0.00476   0.05312   0.03190   0.04219   0.08577   0.08387   0.01339   0.06607   0.07662   0.07463   0.08939   0.10840   0.06043   0.01886   0.03275   0.03336   0.07293   0.13177   0.10458   0.00000   0.14700   0.11369   0.09904   3.41254   0.36422  
 37  2.0552   4621.674584  x:  0.00861   0.00000   0.00317   0.00588   0.00724   0.00000   0.00408   0.13078   0.09453   0.12140   0.00000   0.02797   0.00467   0.05529   0.03155   0.04455   0.08731   0.06984   0.01314   0.07161   0.07325   0.07985   0.09035   0.10268   0.06366   0.02051   0.03504   0.03377   0.07317   0.12401   0.09544   0.00000   0.15473   0.10596   0.10195   3.51683   0.36439  
 38 21.6204   4619.293532  x:  0.00869   0.00000   0.00240   0.00592   0.01086   0.00000   0.00575   0.10675   0.09540   0.12617   0.00000   0.02745   0.00457   0.05684   0.03096   0.04357   0.08652   0.07734   0.01296   0.06532   0.08085   0.07859   0.08966   0.08696   0.06381   0.02034   0.03764   0.03396   0.06671   0.12619   0.10692   0.00000   0.15269   0.10520   0.09367   3.65594   0.36414  
 39 181.1927   4619.131277  x:  0.00869   0.00000   0.00232   0.00592   0.01115   0.00000   0.00616   0.10095   0.09301   0.12690   0.00000   0.02736   0.00456   0.05700   0.03089   0.04378   0.08887   0.07610   0.01299   0.06559   0.08121   0.07811   0.09086   0.09278   0.06432   0.02031   0.03786   0.03401   0.06669   0.12829   0.10501   0.00000   0.15107   0.10667   0.09344   3.66566   0.36421  
 40 45.3015   4619.122691  x:  0.00873   0.00000   0.00234   0.00592   0.01116   0.00000   0.00620   0.10137   0.09268   0.12712   0.00000   0.02738   0.00456   0.05700   0.03087   0.04387   0.08917   0.07635   0.01302   0.06587   0.08137   0.07885   0.09050   0.09254   0.06450   0.02034   0.03787   0.03398   0.06702   0.12874   0.10475   0.00000   0.15142   0.10836   0.09265   3.66660   0.36423  
 41  1.3768   4618.294705  x:  0.00816   0.00000   0.00207   0.00595   0.01101   0.00000   0.00611   0.10613   0.09169   0.12995   0.00000   0.02715   0.00445   0.05586   0.03099   0.04314   0.09215   0.07146   0.01257   0.06568   0.08050   0.06427   0.09365   0.09015   0.06295   0.02045   0.03849   0.03365   0.06463   0.13152   0.10495   0.00000   0.15444   0.11491   0.09181   3.76114   0.36359  
 42  2.8048   4614.270434  x:  0.00469   0.00000   0.00104   0.00595   0.01028   0.00000   0.00711   0.11762   0.09872   0.14594   0.00000   0.02595   0.00393   0.05020   0.03066   0.04012   0.08453   0.08024   0.01028   0.06131   0.07076   0.07710   0.09618   0.10199   0.05955   0.02258   0.04087   0.03049   0.05500   0.14248   0.10289   0.00000   0.16045   0.11453   0.10429   4.24437   0.36038  
 43 329.4001   4614.222943  x:  0.00466   0.00000   0.00102   0.00595   0.01033   0.00000   0.00708   0.11789   0.09929   0.14597   0.00000   0.02590   0.00392   0.05012   0.03065   0.03998   0.08598   0.08022   0.01034   0.06076   0.07087   0.07647   0.09142   0.10271   0.05942   0.02253   0.04089   0.03052   0.05451   0.14244   0.10218   0.00000   0.16026   0.11352   0.10364   4.24996   0.36031  
 44 24.5859   4614.212431  x:  0.00474   0.00000   0.00103   0.00595   0.01036   0.00000   0.00703   0.11814   0.10111   0.14607   0.00000   0.02588   0.00392   0.05010   0.03065   0.04005   0.08640   0.08029   0.01036   0.06084   0.07101   0.07646   0.09213   0.10318   0.05950   0.02252   0.04090   0.03054   0.05453   0.14250   0.10171   0.00000   0.16020   0.11312   0.10210   4.25170   0.36028  
 45  0.4530   4612.603342  x:  0.00849   0.00000   0.00384   0.00624   0.01050   0.00000   0.00754   0.11666   0.09819   0.15440   0.00000   0.02700   0.00337   0.04467   0.03154   0.03821   0.08534   0.08058   0.01244   0.06308   0.07011   0.07696   0.08830   0.10261   0.05693   0.02141   0.03828   0.03064   0.06521   0.13728   0.10261   0.00000   0.15417   0.11420   0.10272   4.55839   0.35373  
 46  4.9025   4611.766782  x:  0.00526   0.00000   0.00365   0.00640   0.01059   0.00000   0.00739   0.11205   0.09782   0.15008   0.00000   0.02579   0.00281   0.04449   0.03181   0.04019   0.08613   0.07770   0.01165   0.06495   0.07606   0.07559   0.09311   0.09883   0.05420   0.02201   0.03572   0.03186   0.06636   0.13323   0.10211   0.00000   0.14982   0.11251   0.09558   4.79938   0.35442  
 47  0.1356   4611.131430  x:  0.00697   0.00000   0.00323   0.00657   0.01069   0.00000   0.00568   0.11188   0.09672   0.13803   0.00000   0.02443   0.00230   0.04753   0.03176   0.04066   0.08442   0.07804   0.01112   0.06293   0.07462   0.07611   0.09200   0.09867   0.05549   0.02103   0.03271   0.03243   0.06174   0.13781   0.10032   0.00000   0.15478   0.11300   0.09899   5.02930   0.35919  
 48  0.1161   4611.012118  x:  0.00661   0.00000   0.00324   0.00668   0.00949   0.00000   0.00704   0.11367   0.09695   0.13321   0.00000   0.02434   0.00225   0.04692   0.03205   0.04023   0.08528   0.07886   0.01125   0.06408   0.07446   0.07650   0.09084   0.10006   0.05633   0.02179   0.03252   0.03137   0.06340   0.13658   0.10048   0.00000   0.15512   0.11240   0.09883   5.07689   0.36196  
 49  0.0419   4610.991752  x:  0.00644   0.00000   0.00317   0.00676   0.00997   0.00000   0.00661   0.11364   0.09751   0.13198   0.00000   0.02457   0.00233   0.04661   0.03207   0.03988   0.08520   0.07930   0.01161   0.06410   0.07346   0.07642   0.09098   0.10049   0.05685   0.02178   0.03285   0.03160   0.06458   0.13657   0.10084   0.00000   0.15403   0.11308   0.09839   5.08224   0.36255  
 50  0.0051   4610.981028  x:  0.00665   0.00000   0.00313   0.00685   0.01013   0.00000   0.00689   0.11339   0.09728   0.13131   0.00000   0.02477   0.00246   0.04654   0.03194   0.04008   0.08516   0.07905   0.01193   0.06405   0.07392   0.07648   0.09129   0.10019   0.05644   0.02170   0.03375   0.03155   0.06417   0.13663   0.10082   0.00000   0.15373   0.11326   0.09860   5.08560   0.36211  
 51  0.0024   4610.977914  x:  0.00654   0.00000   0.00302   0.00695   0.01019   0.00000   0.00682   0.11365   0.09720   0.13123   0.00000   0.02480   0.00253   0.04667   0.03196   0.04005   0.08501   0.07896   0.01194   0.06391   0.07385   0.07636   0.09097   0.10018   0.05632   0.02176   0.03384   0.03152   0.06430   0.13666   0.10022   0.00000   0.15429   0.11275   0.09860   5.09661   0.36175  
 52  0.0056   4610.975059  x:  0.00656   0.00000   0.00295   0.00712   0.01016   0.00000   0.00684   0.11373   0.09728   0.13162   0.00000   0.02481   0.00265   0.04652   0.03202   0.03988   0.08490   0.07893   0.01187   0.06395   0.07379   0.07648   0.09115   0.10027   0.05622   0.02171   0.03362   0.03154   0.06409   0.13638   0.10064   0.00000   0.15416   0.11307   0.09856   5.09950   0.36170  
 53  0.0008   4610.973310  x:  0.00658   0.00000   0.00301   0.00726   0.01010   0.00000   0.00683   0.11352   0.09717   0.13164   0.00000   0.02477   0.00271   0.04662   0.03190   0.04010   0.08515   0.07908   0.01186   0.06403   0.07384   0.07645   0.09111   0.10014   0.05647   0.02181   0.03354   0.03155   0.06413   0.13675   0.10049   0.00000   0.15398   0.11292   0.09864   5.09679   0.36200  
 54  0.0013   4610.972135  x:  0.00655   0.00000   0.00310   0.00739   0.01009   0.00000   0.00682   0.11350   0.09737   0.13139   0.00000   0.02466   0.00269   0.04663   0.03196   0.04002   0.08507   0.07895   0.01185   0.06391   0.07392   0.07638   0.09100   0.10016   0.05638   0.02166   0.03356   0.03156   0.06418   0.13665   0.10058   0.00000   0.15416   0.11285   0.09868   5.09430   0.36213  
 55  0.0009   4610.971448  x:  0.00659   0.00000   0.00310   0.00746   0.01010   0.00000   0.00680   0.11358   0.09721   0.13152   0.00000   0.02456   0.00264   0.04657   0.03197   0.04001   0.08503   0.07899   0.01178   0.06399   0.07386   0.07640   0.09110   0.10013   0.05634   0.02178   0.03370   0.03153   0.06423   0.13651   0.10050   0.00000   0.15408   0.11285   0.09862   5.09206   0.36191  
 56  0.0013   4610.971267  x:  0.00657   0.00000   0.00307   0.00748   0.01011   0.00000   0.00683   0.11356   0.09725   0.13151   0.00000   0.02454   0.00261   0.04658   0.03195   0.04004   0.08506   0.07901   0.01176   0.06400   0.07383   0.07645   0.09110   0.10013   0.05637   0.02171   0.03372   0.03155   0.06420   0.13663   0.10045   0.00000   0.15404   0.11292   0.09864   5.09159   0.36189  
 57  0.0003   4610.971210  x:  0.00657   0.00000   0.00305   0.00749   0.01012   0.00000   0.00683   0.11355   0.09727   0.13150   0.00000   0.02457   0.00260   0.04660   0.03195   0.04004   0.08506   0.07900   0.01178   0.06397   0.07386   0.07642   0.09107   0.10014   0.05636   0.02176   0.03370   0.03154   0.06418   0.13663   0.10052   0.00000   0.15405   0.11289   0.09866   5.09098   0.36190  
 58  0.0003   4610.971199  x:  0.00657   0.00000   0.00305   0.00750   0.01012   0.00000   0.00683   0.11356   0.09726   0.13152   0.00000   0.02459   0.00260   0.04660   0.03195   0.04004   0.08507   0.07899   0.01179   0.06398   0.07385   0.07642   0.09109   0.10014   0.05637   0.02174   0.03369   0.03154   0.06419   0.13660   0.10050   0.00000   0.15406   0.11288   0.09866   5.09075   0.36188  
 59  0.0002   4610.971198  x:  0.00657   0.00000   0.00305   0.00750   0.01011   0.00000   0.00683   0.11356   0.09726   0.13152   0.00000   0.02459   0.00260   0.04659   0.03195   0.04004   0.08506   0.07899   0.01179   0.06398   0.07385   0.07643   0.09108   0.10013   0.05636   0.02175   0.03369   0.03154   0.06419   0.13661   0.10050   0.00000   0.15406   0.11289   0.09865   5.09085   0.36188  
 60  0.0001   4610.971198  x:  0.00657   0.00000   0.00305   0.00750   0.01011   0.00000   0.00683   0.11356   0.09726   0.13152   0.00000   0.02459   0.00260   0.04659   0.03195   0.04004   0.08506   0.07900   0.01179   0.06398   0.07385   0.07643   0.09108   0.10014   0.05636   0.02174   0.03369   0.03154   0.06419   0.13661   0.10050   0.00000   0.15406   0.11289   0.09865   5.09084   0.36188  
 61  0.0000   4610.971198  x:  0.00657   0.00000   0.00305   0.00750   0.01011   0.00000   0.00683   0.11356   0.09726   0.13152   0.00000   0.02459   0.00260   0.04659   0.03195   0.04004   0.08506   0.07900   0.01179   0.06398   0.07385   0.07643   0.09108   0.10014   0.05636   0.02174   0.03369   0.03154   0.06419   0.13661   0.10050   0.00000   0.15406   0.11289   0.09865   5.09084   0.36188  
 62  0.0000   4610.971198  x:  0.00657   0.00000   0.00305   0.00750   0.01011   0.00000   0.00683   0.11356   0.09726   0.13152   0.00000   0.02459   0.00260   0.04660   0.03195   0.04004   0.08506   0.07900   0.01179   0.06398   0.07385   0.07643   0.09108   0.10014   0.05636   0.02174   0.03369   0.03154   0.06419   0.13661   0.10050   0.00000   0.15406   0.11289   0.09865   5.09084   0.36188  
 63  0.0000   4610.971198  x:  0.00657   0.00000   0.00305   0.00750   0.01011   0.00000   0.00683   0.11356   0.09726   0.13152   0.00000   0.02459   0.00260   0.04659   0.03195   0.04004   0.08506   0.07900   0.01179   0.06398   0.07385   0.07643   0.09108   0.10014   0.05636   0.02174   0.03369   0.03154   0.06419   0.13661   0.10050   0.00000   0.15406   0.11289   0.09865   5.09085   0.36188  
 64  0.0000   4610.971198  x:  0.00657   0.00000   0.00305   0.00750   0.01011   0.00000   0.00683   0.11356   0.09726   0.13152   0.00000   0.02459   0.00260   0.04659   0.03195   0.04004   0.08506   0.07900   0.01179   0.06398   0.07385   0.07643   0.09108   0.10014   0.05636   0.02174   0.03369   0.03154   0.06419   0.13661   0.10050   0.00000   0.15406   0.11289   0.09865   5.09084   0.36188  