

TREE # 1

  0  0.0000   2796.233144  x:  0.81947   0.13826   0.11787   0.05674   0.05905   0.04008   0.04117   0.03754   0.02811   0.03921   0.05501   0.00000   0.06044   0.05076   0.04690   0.85023   0.96540  
  1 99.0000   2796.232117  x:  0.81947   0.13826   0.11787   0.05674   0.05905   0.04008   0.04117   0.03754   0.02811   0.03921   0.05501   0.00000   0.06044   0.05076   0.04690   0.85023   0.96540  
  2 579.4319   2784.351558  x:  0.84297   0.14177   0.11767   0.04649   0.03311   0.04444   0.04873   0.00000   0.00167   0.04787   0.05073   0.00000   0.05771   0.05919   0.02081   0.86471   0.95432  
  3 541.5412   2784.179974  x:  0.84356   0.14188   0.11768   0.04622   0.03244   0.04449   0.04886   0.00010   0.00107   0.04807   0.05059   0.00000   0.05761   0.05935   0.02031   0.86507   0.95404  
  4 679.8453   2781.382011  x:  0.85846   0.14484   0.11812   0.03988   0.01602   0.04532   0.05145   0.00043   0.00427   0.05253   0.04680   0.00000   0.05489   0.06285   0.01433   0.87437   0.94708  
  5 632.0473   2778.920947  x:  0.87110   0.14585   0.11781   0.03744   0.00587   0.04907   0.05640   0.00036   0.00397   0.05686   0.04561   0.00000   0.05424   0.06816   0.01783   0.88224   0.94077  
  6 753.7616   2765.681375  x:  0.98642   0.16223   0.11934   0.01053   0.01584   0.06141   0.07947   0.00034   0.00465   0.08626   0.02305   0.00000   0.03773   0.09831   0.02642   0.95506   0.88390  
  7 460.3635   2755.917804  x:  1.09845   0.17700   0.12117   0.03809   0.01896   0.06233   0.08883   0.00035   0.00508   0.10260   0.00882   0.00000   0.02187   0.11663   0.02735   1.02766   0.82603  
  8 969.8591   2743.964295  x:  1.32212   0.20306   0.12370   0.06320   0.02446   0.04920   0.08888   0.00047   0.00582   0.11690   0.06293   0.00000   0.01706   0.13631   0.02961   1.17600   0.70475  
  9 1297.9720   2735.025025  x:  1.50347   0.20054   0.11411   0.07560   0.02723   0.04321   0.07860   0.00055   0.00620   0.09710   0.06207   0.00000   0.09630   0.13757   0.03062   1.30394   0.58766  
 10 744.4689   2725.620950  x:  1.58375   0.15401   0.09241   0.07134   0.02621   0.07288   0.07546   0.00040   0.00601   0.03919   0.06058   0.00000   0.08774   0.11886   0.03032   1.37593   0.49317  
 11 271.0479   2719.769089  x:  1.60218   0.11018   0.11339   0.07205   0.02631   0.09522   0.07556   0.00028   0.00588   0.06485   0.06140   0.00000   0.08793   0.06496   0.03025   1.42904   0.36951  
 12 140.3399   2716.068220  x:  1.59383   0.11978   0.15201   0.07202   0.02617   0.10785   0.08658   0.00016   0.00575   0.05117   0.06144   0.00000   0.08974   0.05390   0.02989   1.46293   0.26386  
 13 175.9301   2715.210503  x:  1.58105   0.11635   0.14296   0.07156   0.02611   0.09604   0.08015   0.00023   0.00584   0.05426   0.06107   0.00000   0.08846   0.07038   0.02995   1.47592   0.22906  
 14 57.1595   2714.634706  x:  1.55744   0.13259   0.11868   0.07196   0.02631   0.09176   0.09284   0.00020   0.00593   0.05581   0.06119   0.00000   0.08837   0.06063   0.03030   1.51583   0.22298  
 15 16.4078   2711.715480  x:  1.41694   0.13422   0.12645   0.07057   0.02605   0.09492   0.08193   0.00021   0.00604   0.05780   0.06022   0.00000   0.08634   0.07600   0.03015   1.80382   0.26453  
 16 34.5827   2711.227580  x:  1.41220   0.12203   0.13335   0.06973   0.02588   0.07273   0.10097   0.00023   0.00618   0.05342   0.05950   0.00000   0.08536   0.07535   0.03026   1.81613   0.26838  
 17  7.7160   2688.020910  x:  1.40872   0.13456   0.12316   0.05924   0.02155   0.01116   0.03424   0.00076   0.00651   0.04687   0.05243   0.00000   0.07313   0.05975   0.03068   1.80088   0.27695  
 18  1.9137   2684.989639  x:  1.40633   0.13732   0.12444   0.05700   0.02108   0.01752   0.01569   0.00087   0.00692   0.04385   0.05112   0.00000   0.06993   0.05162   0.03222   1.80238   0.27609  
 19  0.3634   2679.158560  x:  1.41866   0.15594   0.13243   0.04786   0.01822   0.02344   0.02568   0.00080   0.00661   0.03325   0.04555   0.00000   0.05775   0.02162   0.03461   1.82428   0.27566  
 20  0.1679   2672.547243  x:  1.45800   0.20849   0.13931   0.02635   0.01236   0.02166   0.02589   0.00088   0.00625   0.03272   0.03139   0.00000   0.02836   0.04371   0.04215   1.83503   0.29082  
 21  0.1109   2670.619957  x:  1.45766   0.22123   0.13980   0.02336   0.01503   0.01627   0.02210   0.00158   0.00986   0.04757   0.02722   0.00000   0.02954   0.04025   0.05614   1.81968   0.29221  
 22  0.0541   2669.807482  x:  1.51434   0.22488   0.13976   0.01921   0.01202   0.02055   0.02413   0.00125   0.00748   0.05503   0.02277   0.00000   0.03347   0.04145   0.05456   1.89673   0.29254  
 23  0.1474   2668.765917  x:  1.57958   0.21749   0.13569   0.02067   0.01400   0.02129   0.02403   0.00165   0.00856   0.04506   0.02317   0.00000   0.03774   0.04006   0.06769   2.03709   0.28535  
 24  0.1039   2668.505816  x:  1.60508   0.21547   0.13487   0.01859   0.01234   0.01916   0.02174   0.00153   0.00706   0.04606   0.02333   0.00000   0.03333   0.03764   0.06800   2.09835   0.28703  
 25  0.1140   2668.372310  x:  1.61024   0.21338   0.13480   0.01964   0.01237   0.02016   0.02362   0.00147   0.00608   0.04854   0.02571   0.00000   0.03141   0.04005   0.06911   2.13056   0.29000  
 26  0.0412   2668.254505  x:  1.60513   0.21242   0.13815   0.01945   0.01254   0.01854   0.02344   0.00147   0.00459   0.04756   0.02517   0.00000   0.03378   0.04183   0.07142   2.14854   0.29554  
 27  0.0102   2668.160422  x:  1.58148   0.21293   0.13877   0.01827   0.01347   0.01946   0.02374   0.00167   0.00435   0.04667   0.02406   0.00000   0.03233   0.04068   0.07561   2.11014   0.29630  
 28  0.0243   2668.119951  x:  1.58175   0.21203   0.13777   0.01921   0.01312   0.01951   0.02295   0.00173   0.00385   0.04733   0.02518   0.00000   0.03299   0.03946   0.07578   2.07613   0.29175  
 29  0.0215   2668.093333  x:  1.58210   0.21270   0.13643   0.01872   0.01245   0.01936   0.02310   0.00190   0.00440   0.04741   0.02515   0.00000   0.03312   0.04003   0.07589   2.05579   0.28700  
 30  0.0087   2668.052345  x:  1.58323   0.21207   0.13678   0.01771   0.01166   0.01910   0.02364   0.00213   0.00371   0.04750   0.02492   0.00000   0.03267   0.04121   0.07648   2.07408   0.28796  
 31  0.0072   2667.935016  x:  1.57503   0.20921   0.13974   0.01950   0.01265   0.01947   0.02337   0.00307   0.00407   0.04658   0.02601   0.00000   0.03392   0.04023   0.07472   2.10169   0.29605  
 32  0.0069   2667.891449  x:  1.58714   0.21156   0.13773   0.01881   0.01232   0.01943   0.02300   0.00350   0.00385   0.04767   0.02515   0.00000   0.03279   0.03959   0.07254   2.08836   0.29255  
 33  0.0111   2667.885947  x:  1.58620   0.21243   0.13737   0.01903   0.01272   0.01935   0.02324   0.00370   0.00381   0.04734   0.02492   0.00000   0.03297   0.04024   0.07249   2.08704   0.29161  
 34  0.0015   2667.885754  x:  1.58616   0.21252   0.13723   0.01910   0.01272   0.01935   0.02320   0.00373   0.00383   0.04737   0.02496   0.00000   0.03286   0.04013   0.07251   2.08800   0.29142  
 35  0.0008   2667.885740  x:  1.58609   0.21260   0.13721   0.01911   0.01270   0.01935   0.02320   0.00374   0.00383   0.04738   0.02495   0.00000   0.03288   0.04014   0.07255   2.08823   0.29143  
 36  0.0002   2667.885740  x:  1.58610   0.21261   0.13722   0.01911   0.01270   0.01935   0.02320   0.00374   0.00383   0.04738   0.02495   0.00000   0.03288   0.04014   0.07255   2.08822   0.29144  
 37  0.0000   2667.885740  x:  1.58611   0.21261   0.13722   0.01911   0.01270   0.01935   0.02320   0.00374   0.00383   0.04738   0.02495   0.00000   0.03288   0.04014   0.07255   2.08821   0.29144  
 38  0.0000   2667.885740  x:  1.58611   0.21261   0.13722   0.01911   0.01270   0.01935   0.02320   0.00374   0.00383   0.04738   0.02495   0.00000   0.03288   0.04014   0.07255   2.08820   0.29144  
 39  0.0000   2667.885740  x:  1.58611   0.21261   0.13722   0.01911   0.01270   0.01935   0.02320   0.00374   0.00383   0.04738   0.02495   0.00000   0.03288   0.04014   0.07255   2.08820   0.29144  