

TREE # 1

  0  0.0000   3008.533159  x:  0.00978   0.00000   0.10015   0.26523   0.09379   0.06323   0.02390   0.03109   0.02226   0.37638   0.06777   0.02304   0.01580   1.07693   1.12591  
  1 99.0000   3005.684708  x:  0.00447   0.01263   0.09984   0.26583   0.09456   0.06468   0.02444   0.02811   0.01432   0.37818   0.06733   0.01757   0.00918   1.08232   1.12238  
  2 397.4566   3002.799207  x:  0.00695   0.00979   0.09826   0.26683   0.09565   0.06712   0.02515   0.02375   0.00000   0.38174   0.06744   0.01116   0.00483   1.09346   1.11503  
  3 311.7197   3002.799207  x:  0.00695   0.00979   0.09826   0.26683   0.09565   0.06712   0.02515   0.02375   0.00000   0.38174   0.06744   0.01116   0.00483   1.09346   1.11503  
  4 537.0128   3001.411899  x:  0.00588   0.00648   0.09763   0.26710   0.09598   0.06796   0.02511   0.02418   0.00031   0.38268   0.06808   0.01478   0.01315   1.09659   1.11293  
  5 361.6885   2999.991980  x:  0.00592   0.00000   0.09601   0.26791   0.09702   0.07012   0.02500   0.02506   0.00134   0.38547   0.06970   0.01765   0.01139   1.10587   1.10667  
  6 203.8113   2989.765757  x:  0.00695   0.00774   0.07748   0.27994   0.11248   0.09760   0.02355   0.03439   0.01515   0.42444   0.08906   0.04502   0.00341   1.23647   1.01825  
  7 539.2084   2963.317392  x:  0.00459   0.00578   0.06502   0.29489   0.12624   0.11704   0.02336   0.02951   0.00000   0.47604   0.10043   0.02499   0.00821   1.42689   0.88614  
  8 1240.6730   2922.576096  x:  0.11088   0.00078   0.15008   0.32973   0.12115   0.09970   0.03456   0.02300   0.00000   0.62829   0.07071   0.03851   0.01691   2.17405   0.33195  
  9 1711.0418   2909.831939  x:  0.08201   0.00255   0.15928   0.32341   0.09991   0.07340   0.01802   0.03894   0.00000   0.62944   0.05900   0.04902   0.01058   2.32212   0.20569  
 10 799.9759   2906.939106  x:  0.06632   0.00310   0.16679   0.31731   0.09132   0.06674   0.03748   0.03130   0.00000   0.61572   0.06013   0.05352   0.00764   2.36175   0.17704  
 11 351.0017   2902.870220  x:  0.05383   0.00183   0.19015   0.30564   0.08519   0.06623   0.03052   0.01383   0.00000   0.57755   0.06311   0.05168   0.00706   2.39510   0.17776  
 12 171.8148   2897.883058  x:  0.04456   0.00000   0.21370   0.29493   0.08212   0.06731   0.03095   0.01795   0.00000   0.53940   0.06494   0.04351   0.00838   2.42462   0.18442  
 13 628.6534   2896.577443  x:  0.04015   0.00000   0.21526   0.29499   0.09706   0.06321   0.03256   0.01718   0.00000   0.51615   0.05035   0.04378   0.00801   2.44611   0.18977  
 14 128.5286   2895.117271  x:  0.04759   0.00000   0.20312   0.30745   0.11194   0.05808   0.03143   0.01747   0.00000   0.47507   0.06268   0.04776   0.00759   2.50906   0.18245  
 15 89.1543   2893.767116  x:  0.05464   0.00000   0.18478   0.32087   0.10357   0.07291   0.03135   0.01734   0.00000   0.43982   0.05702   0.05371   0.00646   2.57974   0.18073  
 16 165.2157   2893.099824  x:  0.05725   0.00000   0.17218   0.32442   0.09372   0.06427   0.03234   0.01726   0.00000   0.43273   0.05659   0.05761   0.00563   2.61796   0.19713  
 17 84.8712   2892.752728  x:  0.05299   0.00000   0.17314   0.31401   0.09661   0.06610   0.03220   0.01766   0.00000   0.43724   0.05820   0.06294   0.00352   2.64976   0.20132  
 18 41.0832   2892.629894  x:  0.05716   0.00000   0.16645   0.29985   0.09702   0.06632   0.03229   0.01750   0.00000   0.43594   0.05822   0.06298   0.00396   2.65707   0.20171  
 19 16.4674   2874.152568  x:  0.00373   0.00000   0.16829   0.28862   0.09552   0.06690   0.02955   0.01980   0.00000   0.40089   0.06226   0.02593   0.00450   2.68568   0.21177  
 20  0.1626   2869.264746  x:  0.00939   0.00000   0.13387   0.28917   0.09751   0.07029   0.02848   0.02233   0.00000   0.40104   0.06489   0.00943   0.00555   2.73729   0.22060  
 21  0.2831   2865.524640  x:  0.00852   0.00000   0.08824   0.29078   0.10139   0.07477   0.02699   0.02568   0.00000   0.41141   0.06851   0.01608   0.00497   2.85862   0.23389  
 22  0.4519   2864.184149  x:  0.00287   0.00000   0.09053   0.29181   0.10472   0.07866   0.02605   0.02655   0.00000   0.42071   0.07163   0.01433   0.00584   2.95961   0.24617  
 23  0.2387   2862.294820  x:  0.00651   0.00000   0.10760   0.29119   0.11017   0.08692   0.02362   0.02764   0.00000   0.43645   0.07839   0.01792   0.00815   3.23087   0.27296  
 24  0.6050   2859.968907  x:  0.00555   0.00000   0.08869   0.29422   0.10142   0.08257   0.02019   0.02969   0.00000   0.43146   0.07555   0.01369   0.01026   3.85506   0.27998  
 25  0.3168   2859.239034  x:  0.00466   0.00000   0.09858   0.29953   0.10332   0.07933   0.02815   0.02824   0.00000   0.43602   0.07231   0.01505   0.01077   4.08157   0.27456  
 26  0.2035   2859.043995  x:  0.00503   0.00000   0.10114   0.29811   0.10568   0.07798   0.02481   0.02648   0.00000   0.44127   0.07056   0.01548   0.01052   4.19887   0.26490  
 27  0.0872   2859.006631  x:  0.00539   0.00000   0.09808   0.29894   0.10664   0.07961   0.02534   0.02549   0.00000   0.44170   0.07153   0.01505   0.01028   4.24428   0.26479  
 28  0.0368   2858.999173  x:  0.00523   0.00000   0.09868   0.29917   0.10541   0.08000   0.02520   0.02523   0.00000   0.44073   0.07210   0.01521   0.00991   4.25975   0.26485  
 29  0.0086   2858.996145  x:  0.00522   0.00000   0.09866   0.29916   0.10575   0.07965   0.02539   0.02548   0.00000   0.44172   0.07210   0.01518   0.00957   4.26045   0.26530  
 30  0.0007   2858.995907  x:  0.00526   0.00000   0.09867   0.29910   0.10587   0.07965   0.02530   0.02550   0.00000   0.44127   0.07194   0.01518   0.00954   4.26127   0.26542  
 31  0.0008   2858.995889  x:  0.00526   0.00000   0.09866   0.29912   0.10581   0.07968   0.02530   0.02550   0.00000   0.44137   0.07189   0.01518   0.00955   4.26188   0.26552  
 32  0.0005   2858.995888  x:  0.00526   0.00000   0.09866   0.29912   0.10582   0.07968   0.02530   0.02550   0.00000   0.44136   0.07189   0.01518   0.00955   4.26211   0.26555  
 33  0.0002   2858.995888  x:  0.00526   0.00000   0.09866   0.29912   0.10582   0.07968   0.02530   0.02550   0.00000   0.44136   0.07189   0.01518   0.00955   4.26211   0.26555  
 34  0.0000   2858.995888  x:  0.00526   0.00000   0.09866   0.29912   0.10582   0.07968   0.02530   0.02550   0.00000   0.44136   0.07189   0.01518   0.00955   4.26210   0.26555  
 35  0.0000   2858.995888  x:  0.00526   0.00000   0.09866   0.29912   0.10582   0.07968   0.02530   0.02550   0.00000   0.44136   0.07189   0.01518   0.00955   4.26210   0.26555  