

TREE # 1

  0  0.0000   2374.693790  x:  1.22740   0.14203   0.11163   0.00963   0.03244   0.02805   0.01688   0.01209   0.01405   0.02132   0.02806   0.00000   0.03682   0.02121   0.07132   0.90211   1.11722  
  1 99.0000   2374.693101  x:  1.22740   0.14203   0.11163   0.00963   0.03244   0.02805   0.01688   0.01209   0.01405   0.02132   0.02806   0.00000   0.03682   0.02121   0.07132   0.90211   1.11722  
  2 391.3823   2370.575226  x:  1.22808   0.14267   0.11154   0.00816   0.02664   0.02603   0.01552   0.00000   0.01178   0.02252   0.02977   0.00000   0.03562   0.02154   0.07033   0.90539   1.11554  
  3 995.4413   2369.218780  x:  1.23063   0.14489   0.11156   0.01078   0.01300   0.02510   0.01876   0.00000   0.01714   0.02125   0.03030   0.00000   0.03426   0.02114   0.06718   0.91762   1.10921  
  4 207.7114   2362.136164  x:  1.26110   0.16860   0.11291   0.01115   0.01481   0.02646   0.01894   0.00000   0.02347   0.03906   0.02668   0.00000   0.03529   0.01316   0.03471   1.06376   1.03240  
  5 140.6205   2345.418713  x:  1.37947   0.24524   0.11045   0.01194   0.02776   0.03268   0.01656   0.00000   0.02525   0.02646   0.02836   0.00000   0.03872   0.08344   0.03121   1.63367   0.72683  
  6 1017.2167   2331.079775  x:  1.45796   0.27621   0.09700   0.00610   0.02959   0.03084   0.02366   0.00000   0.01997   0.02920   0.00980   0.00000   0.02736   0.05758   0.09397   2.01853   0.51189  
  7 1324.0574   2327.322689  x:  1.48324   0.27864   0.08913   0.00733   0.03448   0.03223   0.02547   0.00000   0.02162   0.02317   0.03344   0.00000   0.02505   0.03996   0.11277   2.14573   0.43772  
  8 1434.3538   2325.372806  x:  1.49023   0.26839   0.08249   0.00774   0.03365   0.03081   0.01910   0.00000   0.01878   0.01149   0.03389   0.00000   0.03577   0.03156   0.11299   2.18622   0.41015  
  9 345.4123   2323.672719  x:  1.49568   0.23925   0.07049   0.00787   0.03113   0.03179   0.01691   0.00000   0.02165   0.01876   0.03571   0.00000   0.05188   0.03328   0.11575   2.22836   0.37492  
 10 244.7543   2321.791688  x:  1.49827   0.19294   0.06482   0.00881   0.03313   0.03060   0.02566   0.00000   0.01657   0.01689   0.03257   0.00000   0.04009   0.03696   0.10774   2.26938   0.33374  
 11 175.2204   2321.158534  x:  1.49715   0.17487   0.07618   0.00863   0.03323   0.03161   0.01696   0.00000   0.02199   0.01694   0.03133   0.00000   0.03385   0.03769   0.10732   2.28252   0.31809  
 12 97.9018   2320.568615  x:  1.49267   0.15585   0.10481   0.00861   0.03227   0.03048   0.02101   0.00000   0.01911   0.01740   0.03222   0.00000   0.03883   0.03693   0.10790   2.29608   0.30026  
 13 74.9327   2320.537135  x:  1.48640   0.15545   0.10524   0.00864   0.03158   0.03379   0.02084   0.00000   0.01794   0.01743   0.03218   0.00000   0.03876   0.03675   0.10786   2.29834   0.30064  
 14  7.0401   2320.135617  x:  1.39319   0.15248   0.10670   0.00877   0.03196   0.03106   0.02062   0.00000   0.01836   0.01741   0.03220   0.00000   0.03849   0.03659   0.10804   2.32995   0.30887  
 15 29.5324   2319.803649  x:  1.37677   0.16798   0.10264   0.00903   0.03134   0.03042   0.01998   0.00000   0.01716   0.01774   0.03157   0.00000   0.03736   0.03629   0.10675   2.31006   0.27428  
 16  1.3043   2316.301054  x:  1.38958   0.16752   0.10837   0.01253   0.02456   0.02341   0.01427   0.00000   0.00484   0.02012   0.02943   0.00000   0.03307   0.02797   0.09934   2.28360   0.29397  
 17  1.3143   2315.036772  x:  1.39772   0.16737   0.11139   0.01422   0.01834   0.01846   0.00911   0.00000   0.00956   0.02299   0.02828   0.00000   0.03057   0.02330   0.09181   2.24255   0.30797  
 18  0.1159   2314.275442  x:  1.40052   0.16640   0.11305   0.01554   0.01199   0.01972   0.01370   0.00000   0.00967   0.02621   0.02734   0.00000   0.02787   0.02358   0.07898   2.18712   0.31839  
 19  0.1030   2313.894930  x:  1.39610   0.16263   0.11291   0.01709   0.01389   0.02217   0.01248   0.00000   0.00857   0.02876   0.02817   0.00000   0.03094   0.02575   0.06750   2.15542   0.31933  
 20  0.0343   2313.830438  x:  1.39418   0.16284   0.11270   0.01715   0.01510   0.02077   0.01304   0.00000   0.00825   0.02933   0.02928   0.00000   0.03111   0.02304   0.06671   2.16986   0.31776  
 21  0.0213   2313.796340  x:  1.39356   0.16477   0.11293   0.01687   0.01418   0.02110   0.01211   0.00000   0.00801   0.03007   0.03070   0.00000   0.03119   0.02275   0.06652   2.19844   0.31562  
 22  0.0229   2313.784584  x:  1.39626   0.16538   0.11290   0.01672   0.01454   0.02076   0.01240   0.00000   0.00831   0.03027   0.03119   0.00000   0.03066   0.02375   0.06649   2.21532   0.31583  
 23  0.0239   2313.781030  x:  1.40027   0.16479   0.11279   0.01667   0.01450   0.02114   0.01257   0.00000   0.00844   0.03026   0.03127   0.00000   0.03084   0.02337   0.06649   2.22778   0.31719  
 24  0.0117   2313.779495  x:  1.40138   0.16463   0.11274   0.01671   0.01435   0.02089   0.01256   0.00000   0.00836   0.03023   0.03106   0.00000   0.03091   0.02343   0.06601   2.23466   0.31827  
 25  0.0065   2313.778958  x:  1.40082   0.16503   0.11273   0.01671   0.01445   0.02097   0.01251   0.00000   0.00833   0.03012   0.03087   0.00000   0.03078   0.02345   0.06609   2.23838   0.31850  
 26  0.0034   2313.778915  x:  1.40082   0.16505   0.11276   0.01671   0.01445   0.02096   0.01252   0.00000   0.00834   0.03010   0.03084   0.00000   0.03086   0.02346   0.06614   2.23879   0.31825  
 27  0.0006   2313.778909  x:  1.40088   0.16503   0.11279   0.01673   0.01445   0.02097   0.01252   0.00000   0.00835   0.03011   0.03083   0.00000   0.03085   0.02346   0.06611   2.23875   0.31813  
 28  0.0002   2313.778909  x:  1.40088   0.16505   0.11279   0.01673   0.01445   0.02097   0.01252   0.00000   0.00835   0.03012   0.03083   0.00000   0.03085   0.02346   0.06611   2.23875   0.31814  
 29  0.0000   2313.778909  x:  1.40088   0.16504   0.11279   0.01673   0.01445   0.02097   0.01252   0.00000   0.00835   0.03012   0.03083   0.00000   0.03085   0.02346   0.06611   2.23877   0.31814  
 30  0.0000   2313.778909  x:  1.40088   0.16504   0.11279   0.01673   0.01445   0.02097   0.01252   0.00000   0.00835   0.03012   0.03083   0.00000   0.03085   0.02346   0.06611   2.23877   0.31814  
 31  0.0000   2313.778909  x:  1.40088   0.16504   0.11279   0.01673   0.01445   0.02097   0.01252   0.00000   0.00835   0.03012   0.03083   0.00000   0.03085   0.02346   0.06611   2.23877   0.31814  
 32  0.0000   2313.778909  x:  1.40088   0.16504   0.11279   0.01673   0.01445   0.02097   0.01252   0.00000   0.00835   0.03012   0.03083   0.00000   0.03085   0.02346   0.06611   2.23877   0.31814  
 33  0.0000   2313.778909  x:  1.40088   0.16504   0.11279   0.01673   0.01445   0.02097   0.01252   0.00000   0.00835   0.03012   0.03083   0.00000   0.03085   0.02346   0.06611   2.23877   0.31814  
 34  0.0000   2313.778909  x:  1.40088   0.16504   0.11279   0.01673   0.01445   0.02097   0.01252   0.00000   0.00835   0.03012   0.03083   0.00000   0.03085   0.02346   0.06611   2.23877   0.31814  