

TREE # 1

  0  0.0000   1805.765207  x:  0.00207   0.00779   0.02732   0.00075   0.01517   0.00000   0.00000   0.02630   0.11791   0.93169   0.91000  
  1 99.0000   1805.762826  x:  0.00207   0.00779   0.02732   0.00075   0.01517   0.00000   0.00000   0.02630   0.11791   0.93169   0.91000  
  2 1021.9976   1805.640285  x:  0.00341   0.00704   0.02744   0.00070   0.01433   0.00000   0.00000   0.02659   0.11781   0.93213   0.90971  
  3 158.1572   1805.460622  x:  0.00296   0.00521   0.02783   0.00072   0.01194   0.00000   0.00000   0.02747   0.11748   0.93361   0.90874  
  4 139.0837   1805.342636  x:  0.00295   0.00639   0.02842   0.00073   0.01004   0.00000   0.00000   0.02862   0.11692   0.93631   0.90697  
  5 91.6576   1803.954099  x:  0.00290   0.00600   0.03619   0.00069   0.01401   0.00000   0.00000   0.04274   0.10654   0.99050   0.87136  
  6 130.5361   1792.694621  x:  0.00291   0.00641   0.02184   0.00071   0.01244   0.00000   0.00000   0.03211   0.06128   1.37740   0.61509  
  7 535.7639   1773.471519  x:  0.00299   0.00641   0.03964   0.00074   0.01118   0.00000   0.00000   0.01407   0.08316   1.98686   0.20730  
  8 2263.1875   1770.619812  x:  0.00297   0.00657   0.02965   0.00072   0.01169   0.00000   0.00000   0.02047   0.09264   2.09066   0.13818  
  9 2305.0458   1766.813330  x:  0.00298   0.00669   0.01876   0.00070   0.01202   0.00000   0.00000   0.02584   0.11387   2.37676   0.22772  
 10 45.3234   1764.111043  x:  0.00291   0.00648   0.03723   0.00122   0.01258   0.00000   0.00000   0.03197   0.12546   2.82573   0.26340  
 11  0.5507   1760.615887  x:  0.00278   0.00691   0.02580   0.00274   0.01253   0.00000   0.00000   0.02409   0.14552   4.08619   0.21625  
 12  0.4296   1758.639294  x:  0.00240   0.00594   0.03366   0.00379   0.01261   0.00000   0.00000   0.03575   0.12525   5.14257   0.26047  
 13  0.2894   1757.710757  x:  0.00286   0.00708   0.02581   0.00485   0.01248   0.00000   0.00000   0.03097   0.11614   6.22691   0.24825  
 14  0.4465   1757.441940  x:  0.00243   0.00623   0.02963   0.00528   0.01224   0.00000   0.00000   0.02818   0.11943   7.00480   0.26708  
 15  0.2930   1757.386569  x:  0.00273   0.00690   0.02812   0.00542   0.01276   0.00000   0.00000   0.02809   0.11884   7.49629   0.27313  
 16  0.1919   1757.316377  x:  0.00243   0.00624   0.02860   0.00494   0.01223   0.00000   0.00000   0.03033   0.12034   7.95824   0.28074  
 17  0.0994   1757.190338  x:  0.00277   0.00659   0.02790   0.00336   0.01231   0.00000   0.00000   0.02924   0.12258   8.27269   0.26812  
 18  0.0697   1757.167625  x:  0.00276   0.00659   0.02876   0.00307   0.01250   0.00000   0.00000   0.02905   0.11936   8.18845   0.26796  
 19  0.0595   1757.164931  x:  0.00271   0.00653   0.02865   0.00319   0.01249   0.00000   0.00000   0.02884   0.11893   8.13460   0.27115  
 20  0.0384   1757.163627  x:  0.00272   0.00652   0.02851   0.00306   0.01247   0.00000   0.00000   0.02879   0.11914   8.12040   0.27304  
 21  0.0106   1757.163562  x:  0.00273   0.00655   0.02852   0.00307   0.01248   0.00000   0.00000   0.02882   0.11916   8.10750   0.27325  
 22  0.0118   1757.163561  x:  0.00273   0.00655   0.02852   0.00307   0.01248   0.00000   0.00000   0.02882   0.11917   8.10439   0.27320  
 23  0.0025   1757.163561  x:  0.00273   0.00655   0.02852   0.00307   0.01248   0.00000   0.00000   0.02882   0.11917   8.10442   0.27320  
 24  0.0000   1757.163561  x:  0.00273   0.00655   0.02852   0.00307   0.01248   0.00000   0.00000   0.02882   0.11917   8.10442   0.27320  
 25  0.0000   1757.163561  x:  0.00273   0.00655   0.02852   0.00307   0.01248   0.00000   0.00000   0.02882   0.11917   8.10441   0.27320  