

TREE # 1

  0  0.0000   3016.633233  x:  0.01238   0.00000   0.10905   0.27988   0.08981   0.06149   0.02280   0.03448   0.03684   0.40545   0.07332   0.02507   0.02486   0.84214   1.12361  
  1 99.0000   3011.143991  x:  0.00386   0.02070   0.10793   0.28074   0.09094   0.06314   0.02507   0.02801   0.02844   0.40875   0.07157   0.01490   0.01293   0.85211   1.11901  
  2 505.6305   3008.005662  x:  0.00764   0.01850   0.10609   0.28151   0.09164   0.06436   0.02628   0.02289   0.02064   0.41229   0.07055   0.00883   0.00502   0.86319   1.11384  
  3 387.9926   3003.176413  x:  0.00434   0.01453   0.10189   0.28334   0.09320   0.06720   0.02854   0.01372   0.00399   0.42070   0.06869   0.00608   0.00828   0.88980   1.10133  
  4 585.4089   3000.358827  x:  0.00439   0.01458   0.09933   0.28456   0.09432   0.06925   0.02959   0.01294   0.00000   0.42622   0.06843   0.01073   0.00659   0.90745   1.09294  
  5 774.5247   2953.295740  x:  0.00606   0.01173   0.03498   0.31592   0.12236   0.12133   0.05135   0.00987   0.01389   0.56802   0.07248   0.01582   0.01015   1.36208   0.87591  
  6 1897.1842   2930.318634  x:  0.00000   0.00616   0.05740   0.32687   0.12831   0.13105   0.04712   0.03572   0.00703   0.62230   0.07345   0.00966   0.00891   1.55537   0.77925  
  7 2283.5156   2919.303467  x:  0.00951   0.01078   0.07756   0.33471   0.13200   0.13663   0.04230   0.05183   0.00000   0.66218   0.07392   0.00561   0.01553   1.70106   0.70562  
  8 13712.4134   2898.953433  x:  0.00820   0.01005   0.11420   0.33661   0.12065   0.11447   0.01106   0.02112   0.01460   0.69345   0.07910   0.01492   0.01276   1.87620   0.60429  
  9 1245.8942   2890.306555  x:  0.00794   0.00914   0.13418   0.33215   0.10564   0.08572   0.03155   0.00751   0.02329   0.69714   0.08075   0.02003   0.01191   1.96750   0.54170  
 10 1060.6530   2879.349759  x:  0.00834   0.01113   0.12446   0.31920   0.07989   0.03804   0.03016   0.01427   0.02206   0.68152   0.07839   0.01891   0.01217   2.06296   0.46091  
 11 819.7121   2860.568217  x:  0.00851   0.01148   0.12494   0.26907   0.04360   0.06030   0.03018   0.01580   0.02284   0.57121   0.07470   0.01866   0.01243   2.21701   0.26287  
 12 401.1882   2855.032354  x:  0.00844   0.01108   0.12574   0.25436   0.06545   0.05700   0.03017   0.01558   0.02335   0.52610   0.07433   0.01871   0.01255   2.26861   0.19268  
 13 811.6270   2852.175588  x:  0.00846   0.01111   0.12491   0.29662   0.06648   0.05701   0.03027   0.01594   0.02232   0.44830   0.08493   0.01821   0.01265   2.33201   0.20468  
 14 66.1091   2851.897531  x:  0.00846   0.01083   0.12539   0.29292   0.06769   0.05722   0.03012   0.01568   0.02390   0.43932   0.07324   0.01861   0.01266   2.34201   0.21192  
 15 37.1426   2851.773835  x:  0.00845   0.01095   0.12528   0.28188   0.06900   0.05731   0.03016   0.01581   0.02346   0.43477   0.07707   0.01847   0.01266   2.34951   0.21993  
 16 19.2654   2843.925416  x:  0.00844   0.00000   0.11913   0.31485   0.09345   0.07611   0.03109   0.02423   0.01769   0.49667   0.07612   0.01392   0.01054   2.49157   0.25409  
 17  0.1892   2839.394914  x:  0.00737   0.00000   0.10676   0.31774   0.10784   0.07921   0.02133   0.02586   0.00912   0.48883   0.07606   0.00549   0.00814   2.87908   0.25294  
 18  0.3194   2835.318127  x:  0.00697   0.00000   0.10783   0.30909   0.11897   0.08083   0.02572   0.03052   0.00783   0.47563   0.07266   0.01490   0.01206   3.54008   0.23939  
 19  0.3321   2833.711065  x:  0.00554   0.00000   0.10262   0.31672   0.11521   0.07173   0.02159   0.02565   0.00205   0.51945   0.08585   0.01394   0.01035   3.90543   0.25939  
 20  0.1890   2833.094799  x:  0.00497   0.00000   0.10186   0.31742   0.10635   0.07622   0.02682   0.02454   0.00000   0.51409   0.08284   0.01283   0.00910   4.10704   0.26263  
 21  0.1099   2833.021689  x:  0.00490   0.00000   0.10325   0.31677   0.10181   0.07703   0.02682   0.02260   0.00058   0.50974   0.08125   0.01258   0.00980   4.15222   0.26294  
 22  0.0347   2833.012571  x:  0.00511   0.00000   0.10372   0.31704   0.10259   0.07761   0.02642   0.02253   0.00130   0.51009   0.08149   0.01261   0.01004   4.15259   0.26286  
 23  0.0008   2833.008196  x:  0.00525   0.00000   0.10294   0.31705   0.10257   0.07770   0.02640   0.02254   0.00133   0.51071   0.08123   0.01234   0.00992   4.18358   0.26339  
 24  0.0128   2833.007640  x:  0.00533   0.00000   0.10289   0.31695   0.10253   0.07741   0.02653   0.02263   0.00141   0.51022   0.08130   0.01234   0.00994   4.18130   0.26321  
 25  0.0014   2833.007579  x:  0.00535   0.00000   0.10292   0.31698   0.10246   0.07734   0.02650   0.02259   0.00141   0.51035   0.08122   0.01235   0.00995   4.18056   0.26329  
 26  0.0004   2833.007552  x:  0.00537   0.00000   0.10292   0.31699   0.10248   0.07739   0.02650   0.02260   0.00136   0.51036   0.08128   0.01236   0.00994   4.18004   0.26330  
 27  0.0002   2833.007550  x:  0.00537   0.00000   0.10292   0.31698   0.10247   0.07740   0.02650   0.02259   0.00137   0.51034   0.08127   0.01236   0.00994   4.18023   0.26328  
 28  0.0001   2833.007550  x:  0.00537   0.00000   0.10291   0.31698   0.10248   0.07739   0.02651   0.02258   0.00137   0.51035   0.08127   0.01236   0.00994   4.18024   0.26327  
 29  0.0000   2833.007550  x:  0.00537   0.00000   0.10291   0.31698   0.10248   0.07739   0.02651   0.02258   0.00137   0.51035   0.08127   0.01236   0.00994   4.18020   0.26328  
 30  0.0000   2833.007550  x:  0.00537   0.00000   0.10291   0.31698   0.10248   0.07739   0.02651   0.02258   0.00137   0.51034   0.08127   0.01236   0.00994   4.18018   0.26328  
 31  0.0000   2833.007550  x:  0.00537   0.00000   0.10291   0.31698   0.10248   0.07739   0.02651   0.02258   0.00137   0.51035   0.08127   0.01236   0.00994   4.18018   0.26328  