Choloepus_didactylus Choloepus_hoffmanni Dasypus_novemcinctus Myrmecophaga_tridactyla Tamandua_tetradactyla
0.0009887 0.00094755 0.76823 0.0010388 0.0004187
0.00098457 0.00094588 0.76706 0.0010343 0.00041713
0.00098044 0.00094421 0.76588 0.0010299 0.00041556
0.00097631 0.00094254 0.76468 0.0010254 0.00041398
0.00097217 0.00094086 0.76348 0.0010209 0.0004124
0.00096803 0.00093919 0.76226 0.0010164 0.00041083
0.00096389 0.00093751 0.76103 0.0010119 0.00040925
0.00095974 0.00093584 0.75979 0.0010074 0.00040766
0.00095559 0.00093416 0.75854 0.0010029 0.00040608
0.00095143 0.00093247 0.75728 0.0009984 0.00040449
0.00094727 0.00093079 0.756 0.00099388 0.00040291
0.0009431 0.00092911 0.75472 0.00098937 0.00040132
0.00093893 0.00092742 0.75342 0.00098484 0.00039973
0.00093476 0.00092573 0.75211 0.00098032 0.00039814
0.00093058 0.00092404 0.75078 0.00097579 0.00039654
0.0009264 0.00092235 0.74945 0.00097125 0.00039495
0.00092221 0.00092066 0.7481 0.00096671 0.00039335
0.00091802 0.00091896 0.74674 0.00096217 0.00039175
0.00091382 0.00091726 0.74536 0.00095762 0.00039015
0.00090962 0.00091557 0.74398 0.00095306 0.00038855
0.00090542 0.00091387 0.74258 0.00094851 0.00038695
0.00090121 0.00091216 0.74116 0.00094394 0.00038535
0.000897 0.00091046 0.73974 0.00093938 0.00038374
0.00089279 0.00090876 0.7383 0.0009348 0.00038213
0.00088856 0.00090705 0.73684 0.00093023 0.00038052
0.00088434 0.00090534 0.73538 0.00092565 0.00037891
0.00088011 0.00090363 0.7339 0.00092106 0.0003773
0.00087588 0.00090192 0.7324 0.00091647 0.00037568
0.00087164 0.0009002 0.73089 0.00091187 0.00037407
0.0008674 0.00089849 0.72937 0.00090727 0.00037245
0.00086315 0.00089677 0.72783 0.00090267 0.00037083
0.0008589 0.00089505 0.72628 0.00089806 0.00036921
0.00085465 0.00089333 0.72471 0.00089345 0.00036759
0.00085039 0.00089161 0.72313 0.00088883 0.00036597
0.00084612 0.00088988 0.72154 0.00088421 0.00036434
0.00084186 0.00088816 0.71992 0.00087958 0.00036271
0.00083759 0.00088643 0.7183 0.00087495 0.00036108
0.00083331 0.0008847 0.71666 0.00087031 0.00035945
0.00082903 0.00088297 0.715 0.00086567 0.00035782
0.00082474 0.00088124 0.71333 0.00086102 0.00035619
0.00082046 0.0008795 0.71164 0.00085637 0.00035455
0.00081616 0.00087777 0.70993 0.00085172 0.00035291
0.00081186 0.00087603 0.70821 0.00084706 0.00035128
0.00080756 0.00087429 0.70648 0.00084239 0.00034964
0.00080326 0.00087255 0.70472 0.00083772 0.00034799
0.00079895 0.0008708 0.70295 0.00083305 0.00034635
0.00079463 0.00086906 0.70117 0.00082837 0.00034471
0.00079031 0.00086731 0.69936 0.00082368 0.00034306
0.00078599 0.00086556 0.69754 0.000819 0.00034141
0.00078166 0.00086381 0.69571 0.0008143 0.00033976
0.00077733 0.00086206 0.69385 0.0008096 0.00033811
0.00077299 0.00086031 0.69198 0.0008049 0.00033645
0.00076865 0.00085855 0.69009 0.00080019 0.0003348
0.0007643 0.00085679 0.68819 0.00079548 0.00033314
0.00075995 0.00085503 0.68626 0.00079077 0.00033148
0.0007556 0.00085327 0.68432 0.00078604 0.00032982
0.00075124 0.00085151 0.68236 0.00078132 0.00032816
0.00074688 0.00084975 0.68038 0.00077659 0.0003265
0.00074251 0.00084798 0.67838 0.00077185 0.00032483
0.00073814 0.00084621 0.67636 0.00076711 0.00032317
0.00073376 0.00084444 0.67432 0.00076236 0.0003215
0.00072938 0.00084267 0.67227 0.00075761 0.00031983
0.000725 0.0008409 0.67019 0.00075286 0.00031816
0.00072061 0.00083912 0.6681 0.0007481 0.00031648
0.00071621 0.00083735 0.66598 0.00074333 0.00031481
0.00071182 0.00083557 0.66385 0.00073857 0.00031313
0.00070741 0.00083379 0.6617 0.00073379 0.00031145
0.00070301 0.00083201 0.65952 0.00072901 0.00030977
0.0006986 0.00083022 0.65733 0.00072423 0.00030809
0.00069418 0.00082844 0.65511 0.00071944 0.00030641
0.00068976 0.00082665 0.65287 0.00071465 0.00030472
0.00068533 0.00082486 0.65062 0.00070985 0.00030303
0.00068091 0.00082307 0.64834 0.00070505 0.00030134
0.00067647 0.00082127 0.64604 0.00070024 0.00029965
0.00067203 0.00081948 0.64372 0.00069542 0.00029796
0.00066759 0.00081768 0.64137 0.00069061 0.00029627
0.00066314 0.00081588 0.63901 0.00068578 0.00029457
0.00065869 0.00081408 0.63662 0.00068096 0.00029288
0.00065424 0.00081228 0.63421 0.00067613 0.00029118
0.00064978 0.00081048 0.63178 0.00067129 0.00028948
0.00064531 0.00080867 0.62932 0.00066645 0.00028777
0.00064084 0.00080687 0.62684 0.0006616 0.00028607
0.00063637 0.00080506 0.62434 0.00065675 0.00028436
0.00063189 0.00080325 0.62181 0.00065189 0.00028266
0.00062741 0.00080143 0.61926 0.00064703 0.00028095
0.00062292 0.00079962 0.61669 0.00064216 0.00027924
0.00061843 0.0007978 0.61409 0.00063729 0.00027752
0.00061393 0.00079598 0.61147 0.00063242 0.00027581
0.00060943 0.00079416 0.60882 0.00062754 0.00027409
0.00060492 0.00079234 0.60615 0.00062265 0.00027238
0.00060041 0.00079052 0.60345 0.00061776 0.00027066
0.0005959 0.00078869 0.60073 0.00061286 0.00026894
0.00059138 0.00078686 0.59798 0.00060796 0.00026721
0.00058685 0.00078503 0.59521 0.00060306 0.00026549
0.00058233 0.0007832 0.59241 0.00059815 0.00026376
0.00057779 0.00078137 0.58958 0.00059323 0.00026203
0.00057326 0.00077954 0.58673 0.00058831 0.0002603
0.00056871 0.0007777 0.58385 0.00058339 0.00025857
0.00056417 0.00077586 0.58094 0.00057846 0.00025684
0.00055962 0.00077402 0.57801 0.00057352 0.0002551
0.00055506 0.00077218 0.57505 0.00056858 0.00025337
0.0005505 0.00077033 0.57206 0.00056363 0.00025163
0.00054593 0.00076849 0.56904 0.00055868 0.00024989
0.00054137 0.00076664 0.56599 0.00055373 0.00024815
0.00053679 0.00076479 0.56292 0.00054877 0.0002464
0.00053221 0.00076294 0.55981 0.0005438 0.00024466
0.00052763 0.00076109 0.55668 0.00053883 0.00024291
0.00052304 0.00075923 0.55352 0.00053386 0.00024116
0.00051845 0.00075737 0.55032 0.00052888 0.00023941
0.00051385 0.00075551 0.5471 0.00052389 0.00023766
0.00050925 0.00075365 0.54385 0.0005189 0.0002359
0.00050464 0.00075179 0.54057 0.00051391 0.00023415
0.00050003 0.00074993 0.53725 0.00050891 0.00023239
0.00049542 0.00074806 0.53391 0.0005039 0.00023063
0.0004908 0.00074619 0.53053 0.00049889 0.00022887
0.00048617 0.00074432 0.52712 0.00049388 0.00022711
0.00048154 0.00074245 0.52368 0.00048886 0.00022534
0.00047691 0.00074058 0.52021 0.00048383 0.00022357
0.00047227 0.0007387 0.5167 0.0004788 0.00022181
0.00046762 0.00073682 0.51316 0.00047376 0.00022004
0.00046298 0.00073494 0.50959 0.00046872 0.00021826
0.00045837 0.00073309 0.50763 0.00046377 0.00021653
0.00045381 0.00073127 0.50709 0.0004589 0.00021483
0.00044924 0.00072943 0.50613 0.00045399 0.00021312
0.00044464 0.00072758 0.50472 0.00044906 0.00021139
0.00044008 0.00072576 0.5046 0.00044421 0.00020971
0.00043551 0.00072393 0.50406 0.00043933 0.000208
0.00043091 0.00072209 0.512 0.00043441 0.00020629
0.00042636 0.00072027 0.52429 0.00042958 0.00020461
0.00042178 0.00071844 0.53555 0.00042471 0.00020291
0.00041718 0.0007166 0.54524 0.00041981 0.0002012
0.00041256 0.00071475 0.56217 0.00041498 0.00019953
0.00040799 0.00071292 0.5679 0.00041025 0.0001979
0.0004034 0.00071109 0.57274 0.00040549 0.00019625
0.00039885 0.00070928 0.58047 0.0004008 0.00019463
0.00039428 0.00070746 0.58694 0.00039608 0.000193
0.00038975 0.00070566 0.59751 0.00039144 0.00019141
0.00038527 0.0007039 0.61384 0.00038688 0.00018985
0.00035439 0.00069186 0.7081 0.00035601 0.00017938
0.00035006 0.00069019 0.71453 0.00035173 0.00017795
0.00034571 0.00068851 0.7604 0.00034741 0.00017649
0.00034141 0.00068686 0.77711 0.00034318 0.00017508
0.00033708 0.0006852 0.79143 0.00033891 0.00017364
0.0003328 0.00068357 0.81547 0.0003346 0.0001722
0.00032856 0.00068196 0.83441 0.00033026 0.00017074
0.00032436 0.00068038 0.86403 0.000326 0.00016931
0.0003202 0.00067883 0.91377 0.00032182 0.00016792
0.00031609 0.0006773 0.93196 0.00031772 0.00016656
0.00031202 0.00067581 0.93855 0.0003137 0.00016523
0.000308 0.00067434 0.9493 0.00030975 0.00016394
0.00030402 0.0006729 0.95316 0.00030587 0.00016268
0.00030001 0.00067144 0.96008 0.00030207 0.00016145
0.00029605 0.00067002 0.96245 0.00029833 0.00016024
0.00029212 0.00066861 0.96395 0.00029455 0.00015903
0.00028818 0.0006672 0.96458 0.00029084 0.00015783
0.00028421 0.00066578 0.97075 0.00028709 0.00015663
0.00028028 0.00066438 0.98176 0.0002833 0.00015541
0.00027639 0.000663 0.98579 0.00027958 0.00015422
0.00027248 0.00066162 0.98917 0.00027583 0.00015301
0.00026855 0.00066022 0.992 0.00027598 0.00015128
0.00026466 0.00065885 0.99298 0.00027616 0.00014959
0.0002608 0.0006575 0.99457 0.00027638 0.00014793
0.00025698 0.00065618 0.99518 0.00027662 0.00014631
0.00025314 0.00065484 0.99571 0.00027684 0.00014467
0.00024933 0.00065353 0.99576 0.00027709 0.00014306
0.0002455 0.00065221 0.99576 0.00027731 0.00014144
0.00024171 0.00065091 0.99594 0.00027757 0.00013985
0.0002379 0.0006496 0.99609 0.00027781 0.00013825
0.00023407 0.00064828 0.99618 0.00027802 0.00013663
0.00023027 0.00064698 0.99646 0.00027826 0.00013505
0.00022645 0.00064567 0.9967 0.00027848 0.00013345
0.00022266 0.00064438 0.99685 0.00027867 0.00013183
0.00021886 0.00064308 0.99694 0.00027884 0.0001302
0.00021509 0.00064181 0.99722 0.00027904 0.0001286
0.0002113 0.00064052 0.99745 0.00027922 0.00012699
0.00020748 0.00063923 0.99765 0.00027938 0.00012536
0.00020365 0.00063792 0.99805 0.00027956 0.00012376
0.00019985 0.00063663 0.99832 0.00027973 0.00012215
0.00019603 0.00063533 0.99855 0.00027987 0.00012053
0.00019225 0.00063406 0.99896 0.00028004 0.00011894
0.0001885 0.00063281 0.99924 0.00028018 0.00011733
0.00018478 0.00063158 0.99929 0.00028036 0.00011575
0.0001811 0.00063038 0.99945 0.00028057 0.0001142
0.00017745 0.0006292 0.99946 0.0002808 0.00011269
0.00017383 0.00062804 0.99945 0.00028102 0.00011115
0.00017024 0.00062691 0.9993 0.00028126 0.00010965
0.00016663 0.00062576 0.99912 0.00028148 0.00010814
0.00016305 0.00062464 0.99906 0.00028173 0.00010665
0.00015951 0.00062354 0.9991 0.00028202 0.0001052
0.00015601 0.00062247 0.99909 0.00028229 0.00010374
0.00015248 0.00062139 0.99906 0.00028253 0.00010226
0.00014899 0.00062033 0.99913 0.0002828 0.00010081
0.00014547 0.00061926 0.99919 0.00028306 9.9348e-05
0.00014194 0.00061817 0.99924 0.00028329 9.7873e-05
0.00013844 0.00061711 0.99914 0.00028355 9.6426e-05
0.00013491 0.00061604 0.99903 0.00028378 9.4967e-05
0.00013142 0.00061499 0.99903 0.00028406 9.3538e-05
0.00012797 0.00061397 0.99914 0.00028436 9.214e-05
0.00012449 0.00061294 0.99923 0.00028465 9.0728e-05
0.00012104 0.00061192 0.99917 0.00028496 8.9343e-05
0.00011757 0.0006109 0.99909 0.00028525 8.7946e-05
0.00011408 0.00060986 0.99899 0.00028557 8.6576e-05
0.00011062 0.00060885 0.99858 0.00028593 8.5232e-05
0.00010719 0.00060786 0.99836 0.00028631 8.3914e-05
0.00010374 0.00060685 0.99809 0.00028673 8.2625e-05
0.00010032 0.00060588 0.99725 0.00028719 8.1363e-05
9.6932e-05 0.00060492 0.99677 0.00028768 8.0129e-05
9.3523e-05 0.00060395 0.99625 0.00028815 7.8881e-05
9.0145e-05 0.00060301 0.996 0.00028865 7.766e-05
8.6797e-05 0.00060209 0.99596 0.00028919 7.6465e-05
8.6641e-05 0.00060077 0.99585 0.0002897 7.5257e-05
8.6472e-05 0.00059944 0.9957 0.00029019 7.4036e-05
8.6307e-05 0.00059814 0.99575 0.00029072 7.284e-05
8.6129e-05 0.00059682 0.99575 0.00029122 7.1634e-05
8.5937e-05 0.00059549 0.99571 0.0002917 7.0414e-05
8.5732e-05 0.00059415 0.99562 0.00029215 6.9182e-05
8.553e-05 0.00059283 0.99544 0.00029258 6.7936e-05
8.5332e-05 0.00059154 0.99546 0.00029304 6.6717e-05
8.5122e-05 0.00059024 0.99544 0.00029349 6.5486e-05
8.4897e-05 0.00058892 0.99536 0.00029352 6.5643e-05
8.4676e-05 0.00058763 0.9955 0.00029353 6.5792e-05
8.4441e-05 0.00058632 0.99598 0.00029358 6.5952e-05
8.4209e-05 0.00058503 0.99628 0.00029361 6.6105e-05
8.3981e-05 0.00058378 0.99686 0.00029367 6.6269e-05
8.3757e-05 0.00058254 0.99781 0.00029376 6.6443e-05
8.3538e-05 0.00058133 0.99812 0.00029389 6.6629e-05
8.3305e-05 0.0005801 0.99839 0.00029399 6.6807e-05
8.3077e-05 0.0005789 0.9984 0.00029413 6.6996e-05
8.2836e-05 0.00057769 0.99839 0.00029425 6.7178e-05
8.2581e-05 0.00057647 0.99836 0.00029434 6.7352e-05
8.233e-05 0.00057527 0.99805 0.00029447 6.7537e-05
8.2066e-05 0.00057406 0.99773 0.00029458 6.7715e-05
8.1789e-05 0.00057284 0.99735 0.00029467 6.7885e-05
8.1516e-05 0.00057165 0.99718 0.00029479 6.8066e-05
8.1231e-05 0.00057044 0.99697 0.00029488 6.8239e-05
8.0949e-05 0.00056926 0.99692 0.00029502 6.8423e-05
8.067e-05 0.00056809 0.99704 0.00029518 6.8619e-05
8.0395e-05 0.00056695 0.99705 0.00029532 6.8806e-05
8.0108e-05 0.00056581 0.99699 0.00029549 6.9002e-05
7.9823e-05 0.00056468 0.99708 0.00029569 6.921e-05
7.9525e-05 0.00056354 0.99715 0.00029587 6.9409e-05
7.923e-05 0.00056242 0.99736 0.00029608 6.9618e-05
7.8923e-05 0.00056129 0.99756 0.00029627 6.9821e-05
7.8618e-05 0.00056019 0.99738 0.00029648 7.0033e-05
7.8301e-05 0.00055907 0.99718 0.00029668 7.0239e-05
7.7973e-05 0.00055794 0.99697 0.00029686 7.0438e-05
7.7632e-05 0.00055681 0.99673 0.00029703 7.063e-05
7.7279e-05 0.00055567 0.99647 0.00029717 7.0816e-05
7.6928e-05 0.00055454 0.99636 0.00029734 7.101e-05
7.6565e-05 0.00055341 0.99623 0.00029749 7.1198e-05
7.619e-05 0.00055227 0.99608 0.00029762 7.1379e-05
7.5816e-05 0.00055115 0.99608 0.00029778 7.1568e-05
7.5431e-05 0.00055002 0.99606 0.00029792 7.1752e-05
7.5035e-05 0.00054888 0.99603 0.00029805 7.1929e-05
7.4627e-05 0.00054774 0.99598 0.00029816 7.2101e-05
7.4208e-05 0.00054658 0.99559 0.00029829 7.2279e-05
7.3788e-05 0.00054545 0.99536 0.00029844 7.2465e-05
7.3368e-05 0.00054432 0.99527 0.00029861 7.2657e-05
7.2936e-05 0.00054319 0.99516 0.00029876 7.2843e-05
7.2505e-05 0.00054207 0.99519 0.00029893 7.3037e-05
7.2062e-05 0.00054095 0.9952 0.00029909 7.3225e-05
7.1608e-05 0.00053982 0.9952 0.00029924 7.3407e-05
7.1143e-05 0.00053868 0.99519 0.00029936 7.3583e-05
7.0678e-05 0.00053756 0.99531 0.00029951 7.3766e-05
7.0211e-05 0.00053645 0.99475 0.00029968 7.3956e-05
6.9734e-05 0.00053533 0.99415 0.00029983 7.414e-05
6.9256e-05 0.00053423 0.99376 0.0003 7.4331e-05
6.8767e-05 0.00053312 0.99335 0.00030015 7.4516e-05
6.8267e-05 0.000532 0.99291 0.00030029 7.4697e-05
6.7767e-05 0.0005309 0.99265 0.00030046 7.4883e-05
6.7256e-05 0.00052979 0.99238 0.0003006 7.5065e-05
6.6735e-05 0.00052868 0.99202 0.00030077 7.5253e-05
6.6212e-05 0.00052758 0.99185 0.00030095 7.5447e-05
6.5679e-05 0.00052647 0.99165 0.00030112 7.5636e-05
6.5144e-05 0.00052538 0.9916 0.0003013 7.583e-05
6.4608e-05 0.0005243 0.99172 0.0003015 7.6032e-05
6.407e-05 0.00052323 0.99086 0.00030172 7.6238e-05
6.3531e-05 0.00052217 0.99027 0.00030196 7.6452e-05
6.299e-05 0.00052112 0.98988 0.00030222 7.6671e-05
6.2439e-05 0.00052007 0.98947 0.00030246 7.6885e-05
6.1885e-05 0.00051903 0.98693 0.00030271 7.7105e-05
6.133e-05 0.000518 0.98505 0.00030299 7.7331e-05
6.0765e-05 0.00051697 0.98304 0.00030325 7.7552e-05
6.0198e-05 0.00051594 0.98157 0.00030352 7.778e-05
5.9629e-05 0.00051493 0.98053 0.00030382 7.8014e-05
5.905e-05 0.00051392 0.97941 0.0003041 7.8243e-05
5.8469e-05 0.00051291 0.97865 0.0003044 7.8479e-05
5.7886e-05 0.00051192 0.97816 0.00030472 7.872e-05
5.7293e-05 0.00051092 0.97763 0.00030502 7.8956e-05
5.6689e-05 0.00050992 0.97705 0.00030531 7.9186e-05
5.6083e-05 0.00050892 0.97673 0.00030561 7.9423e-05
5.5466e-05 0.00050792 0.97637 0.0003059 7.9654e-05
5.4847e-05 0.00050693 0.97626 0.00030621 7.9892e-05
5.4226e-05 0.00050595 0.97638 0.00030653 8.0135e-05
5.3595e-05 0.00050497 0.97647 0.00030684 8.0373e-05
5.2952e-05 0.00050398 0.97652 0.00030714 8.0606e-05
5.2309e-05 0.000503 0.97683 0.00030745 8.0846e-05
5.1655e-05 0.00050202 0.97711 0.00030775 8.1081e-05
5.0998e-05 0.00050105 0.97764 0.00030807 8.1321e-05
5.034e-05 0.00050009 0.97847 0.0003084 8.1569e-05
4.9671e-05 0.00049912 0.97924 0.00030872 8.181e-05
4.9e-05 0.00049816 0.98036 0.00030906 8.2059e-05
4.8318e-05 0.0004972 0.9814 0.00030938 8.2302e-05
4.7625e-05 0.00049623 0.98237 0.00030969 8.2539e-05
4.6921e-05 0.00049525 0.98326 0.00030998 8.277e-05
4.6217e-05 0.00049429 0.98457 0.00031029 8.3009e-05
4.5501e-05 0.00049332 0.98562 0.00031063 8.3259e-05
4.4785e-05 0.00049237 0.98713 0.00031099 8.3517e-05
4.4057e-05 0.00049141 0.9885 0.00031134 8.3768e-05
4.3317e-05 0.00049043 0.98902 0.00031171 8.4029e-05
4.2564e-05 0.00048945 0.98948 0.00031206 8.4283e-05
4.1812e-05 0.00048849 0.99023 0.00031244 8.4547e-05
4.1062e-05 0.00048754 0.99016 0.00031285 8.4824e-05
4.0299e-05 0.00048659 0.9921 0.00031324 8.5093e-05
3.9539e-05 0.00048565 0.99256 0.00031366 8.5374e-05
3.8766e-05 0.00048471 0.99298 0.00031407 8.5647e-05
3.7994e-05 0.00048378 0.99275 0.0003145 8.5932e-05
3.7223e-05 0.00048287 0.99272 0.00031496 8.6229e-05
3.644e-05 0.00048195 0.99266 0.00031541 8.6518e-05
3.7394e-05 0.00048075 0.99256 0.00031583 8.6799e-05
3.835e-05 0.00047956 0.99263 0.00031628 8.7091e-05
3.9294e-05 0.00047837 0.99269 0.00031671 8.7377e-05
4.0227e-05 0.00047717 0.99272 0.00031713 8.7656e-05
4.116e-05 0.00047599 0.99293 0.00031757 8.7945e-05
4.2083e-05 0.0004748 0.99311 0.000318 8.8227e-05
4.3004e-05 0.00047362 0.99346 0.00031844 8.8518e-05
4.3925e-05 0.00047246 0.994 0.00031891 8.8816e-05
4.4834e-05 0.00047129 0.9945 0.00031936 8.9108e-05
4.5733e-05 0.00047011 0.99497 0.00031979 8.9394e-05
4.6631e-05 0.00046894 0.99567 0.00032024 8.9688e-05
4.7518e-05 0.00046777 0.99633 0.00032068 8.9977e-05
4.8395e-05 0.00046659 0.99695 0.00032111 9.026e-05
4.926e-05 0.00046541 0.99754 0.00032152 9.0537e-05
5.0124e-05 0.00046423 0.99764 0.00032191 9.0808e-05
5.0978e-05 0.00046305 0.99773 0.00032228 9.1073e-05
5.1831e-05 0.00046189 0.99793 0.00032268 9.1347e-05
5.2673e-05 0.00046072 0.99813 0.00032307 9.1615e-05
5.3505e-05 0.00045954 0.99832 0.00032343 9.1877e-05
5.4326e-05 0.00045835 0.99851 0.00032379 9.2134e-05
5.5146e-05 0.00045718 0.99836 0.00032416 9.2399e-05
5.5956e-05 0.000456 0.9982 0.00032452 9.2659e-05
5.6765e-05 0.00045484 0.99813 0.0003249 9.2926e-05
5.7563e-05 0.00045366 0.99805 0.00032527 9.3187e-05
5.8361e-05 0.0004525 0.99735 0.00032565 9.3456e-05
5.9158e-05 0.00045135 0.99685 0.00032606 9.3733e-05
5.9944e-05 0.0004502 0.99633 0.00032645 9.4005e-05
6.072e-05 0.00044904 0.99579 0.00032682 9.4272e-05
6.1496e-05 0.00044789 0.99543 0.00032722 9.4547e-05
6.2261e-05 0.00044674 0.99506 0.0003276 9.4816e-05
6.3025e-05 0.0004456 0.99484 0.00032801 9.5094e-05
6.3789e-05 0.00044447 0.99475 0.00032843 9.5379e-05
6.4552e-05 0.00044335 0.99481 0.00032887 9.5672e-05
6.5305e-05 0.00044223 0.99485 0.0003293 9.5961e-05
6.6058e-05 0.00044111 0.99503 0.00032975 9.6257e-05
6.68e-05 0.00044 0.9952 0.00033018 9.6548e-05
6.7541e-05 0.00043889 0.99551 0.00033064 9.6847e-05
6.8272e-05 0.00043778 0.99581 0.00033108 9.7141e-05
6.8992e-05 0.00043666 0.99609 0.00033151 9.7429e-05
6.9712e-05 0.00043555 0.99652 0.00033195 9.7725e-05
7.042e-05 0.00043444 0.99693 0.00033238 9.8015e-05
7.1128e-05 0.00043334 0.9968 0.00033284 9.8313e-05
7.1826e-05 0.00043223 0.99662 0.00033331 9.862e-05
7.2523e-05 0.00043113 0.99655 0.0003338 9.8935e-05
7.321e-05 0.00043003 0.99648 0.00033428 9.9245e-05
7.3886e-05 0.00042892 0.99641 0.00033474 9.9549e-05
7.4551e-05 0.00042781 0.99632 0.00033519 9.9848e-05
7.5206e-05 0.00042669 0.99623 0.00033563 0.00010014
7.586e-05 0.00042558 0.99626 0.00033608 0.00010044
7.6515e-05 0.00042448 0.9964 0.00033656 0.00010075
7.7158e-05 0.00042338 0.99653 0.00033702 0.00010106
7.7801e-05 0.00042228 0.99679 0.0003375 0.00010137
7.8434e-05 0.00042119 0.99705 0.00033797 0.00010168
7.9056e-05 0.00042008 0.99729 0.00033842 0.00010198
7.9668e-05 0.00041897 0.99753 0.00033886 0.00010228
8.0269e-05 0.00041786 0.99776 0.00033929 0.00010257
8.0859e-05 0.00041674 0.99799 0.0003397 0.00010286
8.1449e-05 0.00041563 0.99834 0.00034013 0.00010315
8.2039e-05 0.00041453 0.99883 0.00034059 0.00010345
8.263e-05 0.00041344 0.99887 0.00034106 0.00010377
8.3209e-05 0.00041235 0.99892 0.00034152 0.00010407
8.3778e-05 0.00041125 0.99896 0.00034196 0.00010437
8.4346e-05 0.00041016 0.99882 0.00034239 0.00010467
8.4904e-05 0.00040907 0.99867 0.0003428 0.00010496
8.5451e-05 0.00040797 0.99853 0.0003432 0.00010524
8.5986e-05 0.00040686 0.99838 0.00034358 0.00010551
8.6521e-05 0.00040577 0.99832 0.00034398 0.0001058
8.7058e-05 0.00040468 0.99834 0.0003444 0.00010609
8.7583e-05 0.00040359 0.99836 0.00034481 0.00010638
8.8096e-05 0.00040249 0.99838 0.0003452 0.00010666
8.861e-05 0.00040141 0.99848 0.00034561 0.00010695
8.9126e-05 0.00040034 0.99823 0.00034605 0.00010725
8.963e-05 0.00039926 0.99798 0.00034647 0.00010755
9.0123e-05 0.00039817 0.99784 0.00034692 0.00010785
9.0604e-05 0.00039708 0.99771 0.00034735 0.00010815
9.1087e-05 0.000396 0.99767 0.00034781 0.00010846
9.1559e-05 0.00039491 0.99763 0.00034824 0.00010876
9.2019e-05 0.00039381 0.99759 0.00034867 0.00010906
9.2468e-05 0.00039271 0.99752 0.00034911 0.00010937
9.2919e-05 0.00039163 0.99754 0.00034959 0.00010968
9.3358e-05 0.00039053 0.99757 0.00035004 0.00010999
9.3799e-05 0.00038945 0.99769 0.00035053 0.00011032
9.4242e-05 0.00038838 0.99793 0.00035104 0.00011065
9.4687e-05 0.00038733 0.99783 0.00035227 0.00010967
9.5121e-05 0.00038627 0.99773 0.00035349 0.00010869
9.5543e-05 0.0003852 0.99763 0.00035468 0.0001077
9.5954e-05 0.00038412 0.99752 0.00035586 0.0001067
9.6366e-05 0.00038306 0.9975 0.00035707 0.00010572
9.6778e-05 0.00038201 0.99758 0.0003583 0.00010475
9.718e-05 0.00038095 0.99765 0.00035957 0.00010379
9.7583e-05 0.0003799 0.99725 0.00036086 0.00010286
9.7988e-05 0.00037887 0.997 0.00036219 0.00010193
9.8396e-05 0.00037785 0.99564 0.00036355 0.00010103
9.8792e-05 0.00037683 0.9942 0.00036489 0.00010011
9.9189e-05 0.00037581 0.99315 0.00036625 9.9213e-05
9.9576e-05 0.00037479 0.99204 0.00036761 9.8307e-05
9.9963e-05 0.00037378 0.99125 0.00036899 9.7414e-05
0.00010034 0.00037277 0.99042 0.00037035 9.6515e-05
0.00010071 0.00037175 0.98953 0.0003717 9.561e-05
0.00010107 0.00037073 0.98891 0.00037307 9.4717e-05
0.00010144 0.00036973 0.9885 0.00037447 9.3834e-05
0.0001018 0.00036874 0.98828 0.00037588 9.2962e-05
0.00010216 0.00036775 0.98824 0.00037732 9.2101e-05
0.00010252 0.00036676 0.98818 0.00037875 9.1234e-05
0.00010287 0.00036578 0.98795 0.00038016 9.0361e-05
0.00010322 0.00036479 0.9877 0.00038155 8.9482e-05
0.00010356 0.00036382 0.98764 0.00038297 8.8614e-05
0.00010389 0.00036284 0.98757 0.00038438 8.7742e-05
0.00010422 0.00036185 0.98747 0.00038577 8.6863e-05
0.00010454 0.00036087 0.98756 0.00038719 8.5996e-05
0.00010485 0.00035989 0.98756 0.00038863 8.5139e-05
0.00010515 0.0003589 0.98754 0.00039005 8.4277e-05
0.00010544 0.0003579 0.98749 0.00039147 8.341e-05
0.00010573 0.0003569 0.98742 0.00039286 8.2536e-05
0.00010601 0.00035591 0.98753 0.00039428 8.1673e-05
0.00010629 0.00035493 0.98785 0.00039573 8.0821e-05
0.00010656 0.00035394 0.98813 0.00039716 7.9963e-05
0.00010683 0.00035296 0.98864 0.00039862 7.9117e-05
0.0001071 0.000352 0.98938 0.0004001 7.828e-05
0.00010736 0.00035102 0.99008 0.00040156 7.7437e-05
0.00010762 0.00035005 0.99104 0.00040305 7.6604e-05
0.00010786 0.00034908 0.99196 0.00040452 7.5765e-05
0.00010811 0.00034812 0.99188 0.00040602 7.4937e-05
0.00010836 0.00034716 0.99062 0.00040755 7.412e-05
0.00010861 0.00034622 0.98972 0.00040911 7.3314e-05
0.00010885 0.00034527 0.98878 0.00041065 7.2502e-05
0.00010909 0.00034433 0.98812 0.00041222 7.17e-05
0.00010933 0.0003434 0.98768 0.00041381 7.0907e-05
0.00010956 0.00034246 0.98721 0.00041539 7.0108e-05
0.00010979 0.00034153 0.98696 0.00041699 6.9319e-05
0.00011002 0.00034061 0.98691 0.00041862 6.854e-05
0.00011023 0.00033969 0.98684 0.00042023 6.7756e-05
0.00011045 0.00033877 0.98696 0.00042188 6.6981e-05
0.00011067 0.00033786 0.98727 0.00042354 6.6214e-05
0.00011088 0.00033695 0.98756 0.0004252 6.5443e-05
0.00011109 0.00033605 0.98804 0.00042687 6.4679e-05
0.00011128 0.00033513 0.9885 0.00042854 6.391e-05
0.00011148 0.00033423 0.98793 0.00043022 6.3149e-05
0.00011168 0.00033334 0.98758 0.00043194 6.2398e-05
0.00011186 0.00033243 0.98721 0.00043364 6.1641e-05
0.00011204 0.00033153 0.98681 0.00043533 6.0878e-05
0.00011221 0.00033063 0.9866 0.00043704 6.0124e-05
0.00011239 0.00032974 0.9866 0.00043878 5.9379e-05
0.00011255 0.00032885 0.98657 0.0004405 5.8628e-05
0.00011271 0.00032795 0.98652 0.00044221 5.7872e-05
0.00011286 0.00032705 0.98667 0.00044395 5.7125e-05
0.00011301 0.00032616 0.98679 0.00044567 5.6373e-05
0.00011315 0.00032527 0.9871 0.00044742 5.5628e-05
0.00011329 0.00032439 0.98765 0.0004492 5.4893e-05
0.00011343 0.0003235 0.98805 0.00045101 5.4166e-05
0.00011355 0.00032261 0.98843 0.00045281 5.3433e-05
0.00011367 0.00032172 0.98904 0.00045463 5.271e-05
0.0001138 0.00032085 0.98866 0.00045648 5.1995e-05
0.00011392 0.00031998 0.98846 0.00045837 5.1287e-05
0.00011404 0.00031911 0.98824 0.00046023 5.0573e-05
0.00011414 0.00031823 0.98799 0.00046208 4.9855e-05
0.00011424 0.00031736 0.98794 0.00046396 4.9144e-05
0.00011433 0.00031648 0.98787 0.00046583 4.8429e-05
0.00011441 0.0003156 0.98777 0.00046768 4.7708e-05
0.0001145 0.00031473 0.98785 0.00046956 4.6994e-05
0.00011458 0.00031386 0.98813 0.00047147 4.6289e-05
0.00011465 0.00031299 0.98838 0.00047337 4.5578e-05
0.00011472 0.00031213 0.98883 0.00047529 4.4874e-05
0.00011478 0.00031126 0.98924 0.0004772 4.4165e-05
0.00011484 0.0003104 0.9887 0.00047914 4.3464e-05
0.00011489 0.00030954 0.98812 0.00048106 4.2758e-05
0.00011495 0.00030868 0.98779 0.00048302 4.206e-05
0.00011499 0.00030782 0.98742 0.00048497 4.1357e-05
0.00011502 0.00030695 0.98702 0.00048689 4.0648e-05
0.00011505 0.00030609 0.98683 0.00048885 3.9947e-05
0.00011508 0.00030524 0.98645 0.00049079 3.924e-05
0.0001151 0.00030439 0.98601 0.00049271 3.8526e-05
0.00011512 0.00030352 0.98554 0.00049462 3.7807e-05
0.00011511 0.00030265 0.985 0.0004965 3.7081e-05
0.00011512 0.0003018 0.98474 0.00049843 3.6364e-05
0.00011512 0.00030095 0.98473 0.00050039 3.5658e-05
0.00011511 0.00030009 0.98467 0.00050233 3.4945e-05
0.0001151 0.00029925 0.98328 0.00050432 3.4241e-05
0.0001151 0.00029841 0.98237 0.00050634 3.3547e-05
0.00011509 0.00029757 0.98117 0.00050842 3.2865e-05
0.00011508 0.00029674 0.97952 0.00051047 3.2175e-05
0.00011507 0.00029593 0.97718 0.0005125 3.1478e-05
0.00011505 0.0002951 0.9746 0.00051451 3.0774e-05
0.00011501 0.00029427 0.97176 0.0005165 3.0064e-05
0.00011499 0.00029345 0.96984 0.00051853 2.9363e-05
0.00011495 0.00029262 0.96773 0.00052054 2.8657e-05
0.00011489 0.00029178 0.9654 0.00052253 2.7943e-05
0.00011484 0.00029096 0.96386 0.00052457 2.724e-05
0.0001148 0.00029015 0.95729 0.00052665 2.6546e-05
0.00011474 0.00028933 0.95009 0.00052871 2.5846e-05
0.00011468 0.00028852 0.92041 0.00053081 2.5154e-05
0.00011462 0.0002877 0.88846 0.00053289 2.4456e-05
0.00011454 0.00028688 0.854 0.00053495 2.3751e-05
0.00011445 0.00028605 0.81643 0.00053699 2.3039e-05
0.00011434 0.00028521 0.77536 0.00053901 2.2321e-05
0.00011424 0.00028438 0.74466 0.00054107 2.1611e-05
0.00011413 0.00028354 0.71112 0.0005431 2.0894e-05
0.000114 0.0002827 0.66914 0.00054518 2.0187e-05
0.00011388 0.00028186 0.63789 0.0005473 1.9487e-05
0.00011376 0.00028104 0.6145 0.00054946 1.8795e-05
0.00011362 0.00028021 0.58924 0.0005516 1.8097e-05
0.00011348 0.00027937 0.58704 0.00055373 1.7393e-05
0.00011332 0.00027852 0.58448 0.00055583 1.6682e-05
0.00011315 0.00027767 0.58154 0.0005579 1.5964e-05
0.00011297 0.00027681 0.58628 0.00055996 1.524e-05
0.00011279 0.00027596 0.59283 0.00056205 1.4523e-05
0.0001126 0.0002751 0.59879 0.00056413 1.38e-05
0.00011241 0.00027425 0.60691 0.00056624 1.3084e-05
0.00011222 0.00027341 0.6179 0.00056839 1.2376e-05
0.00011202 0.00027256 0.62792 0.00057053 1.1661e-05
0.00011181 0.0002717 0.63707 0.00057264 1.0939e-05
0.00011159 0.00027086 0.64946 0.00057479 1.0225e-05
0.00011137 0.00027 0.66085 0.00057692 9.5048e-06
0.00011114 0.00026914 0.67121 0.00057903 8.7777e-06
0.00011091 0.00026829 0.68538 0.00058118 8.0584e-06
0.00011066 0.00026744 0.69824 0.00058289 8.056e-06
0.0001104 0.00026657 0.70997 0.00058457 8.0485e-06
0.00011014 0.0002657 0.72053 0.00058623 8.036e-06
0.00010985 0.00026481 0.72997 0.00058786 8.0184e-06
0.00010957 0.00026394 0.74304 0.00058954 8.0011e-06
0.0001093 0.00026308 0.76123 0.00059127 7.9842e-06
0.00011258 0.00026202 0.77756 0.00059297 7.9621e-06
0.00011588 0.00026096 0.80135 0.00059472 7.9405e-06
0.00011917 0.0002599 0.82285 0.00059644 7.9138e-06
0.00012244 0.00025883 0.84311 0.00059814 7.8821e-06
0.00012573 0.00025777 0.8712 0.00059989 7.8507e-06
0.00012905 0.00025673 0.87893 0.00060169 7.8199e-06
0.00013236 0.00025568 0.88591 0.00060347 7.7841e-06
0.00013568 0.00025464 0.88746 0.00060529 7.7485e-06
0.00013899 0.00025359 0.88876 0.00060709 7.7079e-06
0.00014229 0.00025253 0.88985 0.00060887 7.6623e-06
0.00014561 0.00025148 0.89176 0.00061069 7.6169e-06
0.00014891 0.00025043 0.89346 0.00061249 7.5667e-06
0.0001522 0.00024937 0.89497 0.00061427 7.512e-06
0.00015548 0.0002483 0.89631 0.00061604 7.4525e-06
0.00015874 0.00024723 0.89749 0.00061778 7.3885e-06
0.00016199 0.00024615 0.89851 0.0006195 7.3196e-06
0.00016526 0.00024508 0.90017 0.00062126 7.2504e-06
0.00016854 0.00024402 0.90263 0.00062306 7.1807e-06
0.00017182 0.00024295 0.90487 0.00062485 7.1065e-06
0.00017508 0.00024188 0.9069 0.00062661 7.0275e-06
0.00017836 0.00024081 0.90994 0.00062842 6.9486e-06
0.00018163 0.00023974 0.91267 0.0006302 6.8648e-06
0.00018491 0.00023868 0.91655 0.00063203 6.7807e-06
0.00018823 0.00023763 0.92221 0.00063391 6.6967e-06
0.00019152 0.00023657 0.92725 0.00063576 6.6078e-06
0.00019484 0.00023552 0.93478 0.00063766 6.5192e-06
0.00019815 0.00023447 0.94143 0.00063954 6.4257e-06
0.00020143 0.0002334 0.94635 0.00064148 6.3331e-06
0.00020475 0.00023235 0.94784 0.00064349 6.2414e-06
0.00020804 0.00023129 0.94879 0.00064556 6.1508e-06
0.00021132 0.00023022 0.94954 0.00064761 6.055e-06
0.00021458 0.00022915 0.95122 0.00064972 5.9602e-06
0.00021782 0.00022806 0.95258 0.00065179 5.8599e-06
0.00022104 0.00022696 0.95369 0.00065294 6.0909e-06
0.00022428 0.00022588 0.95428 0.00065406 6.3164e-06
0.00022756 0.00022481 0.95559 0.00065523 6.5443e-06
0.00023082 0.00022373 0.95664 0.00065638 6.7664e-06
0.00023411 0.00022266 0.95854 0.00065758 6.9909e-06
0.00023739 0.00022159 0.96018 0.00065876 7.2099e-06
0.00024064 0.0002205 0.96158 0.00065991 7.4234e-06
0.00024388 0.00021941 0.96277 0.00066103 7.6313e-06
0.0002471 0.00021831 0.96376 0.00066213 7.8334e-06
0.00025029 0.0002172 0.96464 0.00066319 8.0297e-06
0.00025352 0.0002161 0.96617 0.0006593 8.2474e-06
0.00025678 0.00021502 0.96623 0.00065548 8.4678e-06
0.00026002 0.00021392 0.96616 0.00065163 8.6824e-06
0.00026328 0.00021284 0.96652 0.00064786 8.8995e-06
0.00026653 0.00021175 0.96676 0.00064405 9.1109e-06
0.00026977 0.00021066 0.96695 0.00064021 9.3166e-06
0.00027298 0.00020955 0.96704 0.00063635 9.5167e-06
0.00027622 0.00020845 0.96751 0.00063255 9.719e-06
0.00027945 0.00020735 0.96791 0.00062872 9.916e-06
0.00028266 0.00020624 0.96821 0.00062487 1.0108e-05
0.00028589 0.00020514 0.9689 0.00062108 1.0301e-05
0.00028912 0.00020404 0.96951 0.00061727 1.049e-05
0.00029232 0.00020292 0.97004 0.00061343 1.0673e-05
0.00029555 0.00020182 0.97098 0.00060967 1.0858e-05
0.00029881 0.00020073 0.97055 0.00060596 1.1045e-05
0.0003021 0.00019965 0.97044 0.00060232 1.1234e-05
0.00030537 0.00019856 0.97026 0.00059866 1.1418e-05
0.00030863 0.00019746 0.97001 0.00059496 1.1596e-05
0.00031191 0.00019638 0.97008 0.00059134 1.1777e-05
0.00031522 0.0001953 0.97048 0.00058777 1.1959e-05
0.00031851 0.00019422 0.9708 0.00058418 1.2137e-05
0.00032179 0.00019313 0.97106 0.00058056 1.2309e-05
0.00032505 0.00019203 0.97123 0.00057692 1.2475e-05
0.00032834 0.00019094 0.97005 0.00057333 1.2643e-05
0.00033161 0.00018985 0.96871 0.00056971 1.2806e-05
0.0003349 0.00018876 0.96787 0.00056616 1.297e-05
0.00033818 0.00018767 0.96672 0.00056267 1.3137e-05
0.00034149 0.00018658 0.96212 0.00055924 1.3306e-05
0.00034483 0.00018551 0.95896 0.00055588 1.3478e-05
0.00034815 0.00018443 0.95543 0.00055249 1.3645e-05
0.0003515 0.00018336 0.95295 0.00054916 1.3813e-05
0.00035488 0.0001823 0.95133 0.0005459 1.3985e-05
0.00035825 0.00018124 0.94948 0.00054261 1.415e-05
0.00036164 0.00018018 0.94836 0.00053938 1.4319e-05
0.00036507 0.00017914 0.94776 0.00053621 1.4491e-05
0.00036854 0.00017811 0.94458 0.00053312 1.4666e-05
0.00037198 0.00017707 0.941 0.00052999 1.4836e-05
0.00037541 0.00017602 0.93694 0.00052684 1.4999e-05
0.00037888 0.00017499 0.93095 0.00052365 1.5156e-05
0.00038232 0.00017394 0.92307 0.00052052 1.5317e-05
0.0003858 0.00017291 0.9179 0.00051746 1.5481e-05
0.00038932 0.00017189 0.9023 0.00051447 1.5649e-05
0.00039282 0.00017086 0.88443 0.00051145 1.581e-05
0.00039636 0.00016985 0.87301 0.0005085 1.5976e-05
0.00039988 0.00016882 0.85965 0.00050551 1.6136e-05
0.00040343 0.00016781 0.85121 0.00050259 1.6299e-05
0.00040703 0.00016681 0.84646 0.00049964 1.6456e-05
0.00041067 0.00016583 0.84366 0.00049675 1.6617e-05
0.00041435 0.00016485 0.83926 0.00049383 1.6772e-05
0.00041806 0.00016389 0.83658 0.00049097 1.693e-05
0.00042182 0.00016294 0.83528 0.00048817 1.7092e-05
0.00042556 0.00016198 0.83311 0.00048545 1.7259e-05
0.00042934 0.00016103 0.83229 0.00048279 1.7431e-05
0.00043316 0.00016009 0.83047 0.0004801 1.7595e-05
0.00043696 0.00015915 0.82777 0.00047746 1.7764e-05
0.0004408 0.00015822 0.82636 0.00047489 1.7937e-05
0.00044462 0.00015727 0.8245 0.00047228 1.8103e-05
0.00044848 0.00015634 0.82374 0.00046973 1.8274e-05
0.00045238 0.00015542 0.82393 0.00046724 1.8448e-05
0.00045625 0.00015449 0.82382 0.00046471 1.8616e-05
0.00046017 0.00015357 0.82481 0.00046225 1.8788e-05
0.00046406 0.00015264 0.82541 0.00045976 1.8955e-05
0.00046793 0.0001517 0.82565 0.00045723 1.9114e-05
0.00047184 0.00015077 0.82333 0.00045476 1.9278e-05
0.00047579 0.00014985 0.82231 0.00045236 1.9446e-05
0.00047972 0.00014893 0.82088 0.00044992 1.9608e-05
0.0004837 0.00014801 0.82059 0.00044754 1.9775e-05
0.00048765 0.00014709 0.81996 0.00044513 1.9935e-05
0.00049165 0.00014617 0.81623 0.00044278 2.0101e-05
0.00049563 0.00014525 0.8121 0.00044041 2.026e-05
0.00049959 0.00014433 0.80645 0.00043809 2.0423e-05
0.00050352 0.00014339 0.80705 0.00043573 2.058e-05
0.0005075 0.00014246 0.80889 0.00043344 2.0742e-05
0.00051153 0.00014154 0.81222 0.0004312 2.0909e-05
0.00051552 0.00014062 0.81492 0.00042893 2.1069e-05
0.0005195 0.00013968 0.81706 0.00042663 2.1221e-05
0.00052351 0.00013876 0.82079 0.00042438 2.1379e-05
0.00052751 0.00013782 0.82384 0.00042209 2.153e-05
0.00053154 0.0001369 0.8293 0.00041978 2.1673e-05
0.00053562 0.00013598 0.83077 0.00041752 2.1822e-05
0.00053975 0.00013508 0.82996 0.00041532 2.1975e-05
0.00054385 0.00013417 0.82879 0.00041309 2.2123e-05
0.000548 0.00013327 0.82863 0.00041091 2.2275e-05
0.0005522 0.00013237 0.82681 0.00040869 2.2419e-05
0.00055637 0.00013147 0.82749 0.00040653 2.2569e-05
0.00056059 0.00013058 0.82758 0.00040434 2.2712e-05
0.00056486 0.0001297 0.8268 0.00040212 2.2847e-05
0.00056918 0.00012883 0.82692 0.00039994 2.2987e-05
0.00057353 0.00012797 0.82798 0.00039782 2.3132e-05
0.00057794 0.00012712 0.83014 0.00039574 2.3282e-05
0.00058239 0.00012627 0.83373 0.00039371 2.3435e-05
0.00058682 0.00012542 0.83633 0.00039173 2.3594e-05
0.00059123 0.00012456 0.83856 0.00038973 2.3747e-05
0.00059568 0.00012371 0.84195 0.00038776 2.3902e-05
0.00060011 0.00012285 0.84495 0.00038577 2.4053e-05
0.00060458 0.00012199 0.84463 0.00038382 2.4207e-05
0.00060903 0.00012113 0.84415 0.00038185 2.4355e-05
0.00061352 0.00012028 0.84435 0.00037992 2.4507e-05
0.000618 0.00011942 0.84441 0.00037797 2.4654e-05
0.00062246 0.00011855 0.84432 0.00037601 2.4796e-05
0.00062696 0.00011769 0.84489 0.00037407 2.4941e-05
0.00063145 0.00011683 0.8453 0.00037212 2.508e-05
0.00063592 0.00011596 0.84555 0.00037015 2.5214e-05
0.00064042 0.00011509 0.84647 0.00036822 2.5352e-05
0.00064496 0.00011423 0.84814 0.00036632 2.5492e-05
0.00064949 0.00011336 0.84963 0.0003644 2.5627e-05
0.000654 0.00011249 0.85094 0.00036246 2.5757e-05
0.0006585 0.00011161 0.85206 0.0003605 2.5882e-05
0.00066303 0.00011073 0.8539 0.00035857 2.6009e-05
0.00066754 0.00010985 0.85551 0.00035663 2.6131e-05
0.00067204 0.00010896 0.85693 0.00035466 2.6247e-05
0.00067652 0.00010807 0.85816 0.00035268 2.6358e-05
0.00068104 0.00010718 0.86012 0.00035072 2.6472e-05
0.00068554 0.00010628 0.8616 0.0003488 2.6589e-05
0.00069008 0.00010539 0.86384 0.00034691 2.6708e-05
0.00069466 0.00010451 0.86715 0.00034506 2.6832e-05
0.00069922 0.00010362 0.8702 0.00034319 2.695e-05
0.00070382 0.00010273 0.87442 0.00034135 2.7071e-05
0.00070847 0.00010186 0.87745 0.00033949 2.7187e-05
0.00071315 0.00010098 0.87719 0.00033766 2.7306e-05
0.00071782 0.0001001 0.87678 0.00033581 2.7419e-05
0.00072253 9.9231e-05 0.87698 0.000334 2.7536e-05
0.00072722 9.8352e-05 0.87705 0.00033217 2.7648e-05
0.0007319 9.7466e-05 0.87698 0.00033031 2.7754e-05
0.00073656 9.6573e-05 0.87678 0.00032844 2.7854e-05
0.0007412 9.5674e-05 0.8765 0.00032655 2.795e-05
0.00074588 9.4781e-05 0.87683 0.0003247 2.8049e-05
0.00075062 9.3895e-05 0.87782 0.00032288 2.8152e-05
0.00075533 9.3001e-05 0.87863 0.00032104 2.825e-05
0.00076009 9.2114e-05 0.88017 0.00031924 2.8352e-05
0.00076489 9.1234e-05 0.88265 0.00031748 2.8458e-05
0.00076975 9.0361e-05 0.88428 0.00031569 2.8558e-05
0.00077458 8.9481e-05 0.88568 0.00031388 2.8652e-05
0.00077946 8.8607e-05 0.88798 0.00031211 2.875e-05
0.00078439 8.7739e-05 0.88955 0.00031031 2.8843e-05
0.00078929 8.6864e-05 0.89089 0.0003085 2.893e-05
0.00079418 8.5981e-05 0.89204 0.00030666 2.901e-05
0.00079905 8.5091e-05 0.8928 0.00030485 2.9095e-05
0.00080389 8.4194e-05 0.89339 0.00030303 2.9173e-05
0.00080878 8.3304e-05 0.89464 0.00030124 2.9256e-05
0.00081366 8.2407e-05 0.89574 0.00029943 2.9334e-05
0.00081851 8.1502e-05 0.89667 0.00029759 2.9405e-05
0.00082342 8.0604e-05 0.89831 0.0002958 2.9481e-05
0.00082837 7.9713e-05 0.89736 0.00029404 2.9562e-05
0.00083331 7.8815e-05 0.90168 0.00029227 2.9637e-05
0.00083823 7.791e-05 0.90561 0.00029047 2.9705e-05
0.00084312 7.6997e-05 0.90921 0.00028864 2.9768e-05
0.00084806 7.609e-05 0.9141 0.00028685 2.9835e-05
0.00085305 7.519e-05 0.92088 0.0002851 2.9906e-05
0.00085802 7.4282e-05 0.92717 0.00028333 2.9972e-05
0.00086304 7.3381e-05 0.9356 0.00028159 3.0042e-05
0.00086812 7.2486e-05 0.94727 0.00027989 3.0117e-05
0.00087325 7.1598e-05 0.95016 0.00027822 3.0197e-05
0.00087836 7.0703e-05 0.95278 0.00027654 3.0271e-05
0.00088345 6.98e-05 0.95482 0.00027489 3.0351e-05
0.00088851 6.889e-05 0.95666 0.00027322 3.0425e-05
0.00089363 6.7986e-05 0.95934 0.00027158 3.0503e-05
0.00089872 6.7076e-05 0.96181 0.00026993 3.0576e-05
0.00090388 6.6172e-05 0.96533 0.00026831 3.0654e-05
0.00090909 6.5275e-05 0.97037 0.00026673 3.0738e-05
0.00091436 6.4384e-05 0.97736 0.00026518 3.0826e-05
0.0009196 6.3485e-05 0.98283 0.00026368 3.0921e-05
0.00092489 6.2593e-05 0.98459 0.00026221 3.1022e-05
0.00093016 6.1692e-05 0.98617 0.00026071 3.1116e-05
0.00093549 6.0798e-05 0.98642 0.00025925 3.1215e-05
0.00094079 5.9896e-05 0.98664 0.00025777 3.1307e-05
0.00094616 5.9001e-05 0.9871 0.00025632 3.1406e-05
0.0009515 5.8098e-05 0.9875 0.00025485 3.1498e-05
0.00095689 5.7201e-05 0.98816 0.00025341 3.1595e-05
0.00096234 5.6311e-05 0.98916 0.00025201 3.1697e-05
0.00096785 5.5425e-05 0.98919 0.00025063 3.1805e-05
0.00097342 5.4545e-05 0.98944 0.00024924 3.1906e-05
0.00097904 5.3671e-05 0.98993 0.00024787 3.2012e-05
0.00098464 5.279e-05 0.99037 0.00024648 3.2112e-05
0.0009903 5.1913e-05 0.99106 0.00024513 3.2216e-05
0.00099601 5.1041e-05 0.99206 0.0002438 3.2326e-05
0.0010017 5.0163e-05 0.99299 0.00024245 3.2429e-05
0.0010074 4.9289e-05 0.99431 0.00024112 3.2536e-05
0.0010132 4.8407e-05 0.99551 0.00023978 3.2638e-05
0.0010189 4.7531e-05 0.99586 0.00023841 3.2733e-05
0.0010247 4.6647e-05 0.99618 0.00023703 3.2821e-05
0.0010305 4.5768e-05 0.99669 0.00023567 3.2915e-05
0.0010363 4.4882e-05 0.99718 0.00023429 3.3003e-05
0.0010421 4.399e-05 0.99763 0.0002329 3.3085e-05
0.0010479 4.3103e-05 0.99829 0.00023153 3.3172e-05
0.0010538 4.222e-05 0.99839 0.00023019 3.3263e-05
0.0010596 4.133e-05 0.99849 0.00022883 3.3349e-05
0.0010656 4.0444e-05 0.99824 0.0002275 3.3439e-05
0.0010715 3.9562e-05 0.9981 0.00022619 3.3533e-05
0.0010775 3.8674e-05 0.99796 0.00022486 3.3622e-05
0.0010834 3.778e-05 0.99781 0.00022352 3.3705e-05
0.0010893 3.6878e-05 0.99766 0.00022216 3.3782e-05
0.0010952 3.5971e-05 0.99751 0.00022078 3.3854e-05
0.0011011 3.5057e-05 0.99735 0.00021938 3.392e-05
0.001107 3.4147e-05 0.99728 0.00021801 3.399e-05
0.001113 3.323e-05 0.99722 0.00021661 3.4055e-05
0.0011189 3.2307e-05 0.99715 0.0002152 3.4114e-05
0.0011247 3.1378e-05 0.99708 0.00021378 3.4167e-05
0.0011307 3.0453e-05 0.99711 0.00021238 3.4225e-05
0.0011366 2.9532e-05 0.99726 0.000211 3.4287e-05
0.0011426 2.8604e-05 0.99736 0.00020965 3.4355e-05
0.0011486 2.7669e-05 0.99745 0.00020828 3.4416e-05
0.0011545 2.6728e-05 0.9975 0.00020694 3.4482e-05
0.0011604 2.578e-05 0.99754 0.00020558 3.4542e-05
0.0011664 2.4836e-05 0.99769 0.00020424 3.4606e-05
0.0011724 2.3896e-05 0.99794 0.00020292 3.4675e-05
0.0011784 2.2949e-05 0.99819 0.00020159 3.4737e-05
0.0011843 2.1995e-05 0.99843 0.00020024 3.4794e-05
0.0011904 2.1045e-05 0.99878 0.00019891 3.4855e-05
0.0011964 2.0088e-05 0.99912 0.00019756 3.491e-05
0.0012024 1.9135e-05 0.99915 0.00019624 3.497e-05
0.0012086 1.8186e-05 0.99895 0.00019494 3.5034e-05
0.0012123 1.8067e-05 0.99868 0.00019632 3.4901e-05
0.0012161 1.7947e-05 0.99853 0.00019773 3.4773e-05
0.0012199 1.782e-05 0.99837 0.00019912 3.4639e-05
0.0012237 1.7693e-05 0.99756 0.00020053 3.451e-05
0.0012275 1.756e-05 0.99669 0.00020193 3.4375e-05
0.0012314 1.7425e-05 0.99608 0.00020336 3.4246e-05
0.0012353 1.7289e-05 0.99335 0.0002048 3.412e-05
0.0012392 1.7152e-05 0.99128 0.00020627 3.3998e-05
0.0012432 1.7012e-05 0.98972 0.00020776 3.388e-05
0.0012471 1.6867e-05 0.98807 0.00020924 3.3757e-05
0.0012511 1.672e-05 0.98684 0.00021073 3.3637e-05
0.0012552 1.6571e-05 0.98597 0.00021225 3.3521e-05
0.0012592 1.6416e-05 0.98504 0.00021375 3.34e-05
0.0012633 1.626e-05 0.9844 0.00021527 3.3281e-05
0.0012674 1.6101e-05 0.98402 0.00021681 3.3166e-05
0.0012714 1.5937e-05 0.9836 0.00021834 3.3046e-05
0.0012756 1.5771e-05 0.98084 0.00021988 3.2929e-05
0.0012797 1.5603e-05 0.9788 0.00022145 3.2816e-05
0.0012839 1.543e-05 0.97631 0.00022305 3.2706e-05
0.001288 1.5251e-05 0.97366 0.00022462 3.2591e-05
0.0012922 1.507e-05 0.9717 0.00022622 3.248e-05
0.0012964 1.4884e-05 0.96963 0.00022781 3.2363e-05
0.0013005 1.4693e-05 0.96744 0.00022938 3.2242e-05
0.0013047 1.4499e-05 0.96586 0.00023097 3.2124e-05
0.0013089 1.43e-05 0.96419 0.00023255 3.2001e-05
0.001313 1.4096e-05 0.9624 0.00023411 3.1873e-05
0.0013172 1.3889e-05 0.96116 0.0002357 3.1748e-05
0.0013214 1.3677e-05 0.95962 0.0002373 3.1626e-05
0.0013256 1.346e-05 0.95798 0.00023889 3.1499e-05
0.0013298 1.3238e-05 0.95623 0.00024047 3.1367e-05
0.001334 1.3013e-05 0.95501 0.00024206 3.1237e-05
0.0013382 1.2783e-05 0.95371 0.00024364 3.1104e-05
0.0013424 1.2551e-05 0.95287 0.00024525 3.0972e-05
0.0013466 1.2313e-05 0.95196 0.00024684 3.0837e-05
0.0013509 1.2074e-05 0.95146 0.00024845 3.0704e-05
0.0013552 1.1832e-05 0.95134 0.00025008 3.0573e-05
0.0013595 1.1584e-05 0.95114 0.00025169 3.0438e-05
0.0013637 1.1331e-05 0.95088 0.0002533 3.0298e-05
0.001368 1.1076e-05 0.95098 0.00025492 3.016e-05
0.0013723 1.0816e-05 0.95102 0.00025653 3.0018e-05
0.0013766 1.055e-05 0.95099 0.00025812 2.9872e-05
0.001381 1.0282e-05 0.95134 0.00025974 2.9727e-05
0.0013853 1.0009e-05 0.95162 0.00026134 2.9579e-05
0.0013896 9.7335e-06 0.95229 0.00026297 2.9432e-05
0.0013939 9.4523e-06 0.95285 0.00026458 2.9281e-05
0.0013983 9.1693e-06 0.95303 0.00026617 2.9124e-05
0.0014027 8.8807e-06 0.95312 0.00026774 2.8961e-05
0.0014071 8.5899e-06 0.9536 0.00026933 2.8802e-05
0.0014115 8.2936e-06 0.95398 0.00027091 2.8638e-05
0.0014159 7.9953e-06 0.95481 0.00027252 2.8477e-05
0.0014203 7.6913e-06 0.9555 0.00027411 2.831e-05
0.0014247 7.3814e-06 0.95589 0.00027572 2.8147e-05
0.0014291 7.0656e-06 0.95615 0.00027732 2.7978e-05
0.0014334 6.7438e-06 0.95626 0.00027889 2.7803e-05
0.0014375 6.9884e-06 0.95621 0.00028044 2.7621e-05
0.0014417 7.2314e-06 0.95669 0.00028202 2.7445e-05
0.0014459 7.4728e-06 0.95783 0.00028365 2.7274e-05
0.0014501 7.7081e-06 0.95876 0.00028525 2.7097e-05
0.0014543 7.9417e-06 0.96036 0.00028688 2.6924e-05
0.0014586 8.1735e-06 0.9629 0.00028856 2.6757e-05
0.0014629 8.3992e-06 0.96506 0.0002902 2.6582e-05
0.0014671 8.6187e-06 0.96676 0.00029189 2.6413e-05
0.0014714 8.837e-06 0.96958 0.00029361 2.625e-05
0.0014712 9.3011e-06 0.9719 0.00029532 2.608e-05
0.001471 9.7588e-06 0.9739 0.00029699 2.5904e-05
0.0014709 1.0217e-05 0.97435 0.00029872 2.5733e-05
0.0014707 1.0669e-05 0.97467 0.00030041 2.5557e-05
0.0014705 1.1122e-05 0.97546 0.00030215 2.5385e-05
0.0014704 1.1575e-05 0.97687 0.00030393 2.5219e-05
0.0014703 1.2021e-05 0.97807 0.00030568 2.5046e-05
0.0014702 1.2462e-05 0.97906 0.00030741 2.4866e-05
0.0014701 1.2903e-05 0.98078 0.00030918 2.4692e-05
0.00147 1.3337e-05 0.98224 0.00031093 2.4511e-05
0.0014699 1.3771e-05 0.98252 0.00031271 2.4335e-05
0.0014699 1.4207e-05 0.98324 0.00031454 2.4165e-05
0.0014699 1.4636e-05 0.98381 0.00031635 2.3988e-05
0.0014698 1.5058e-05 0.98425 0.00031812 2.3804e-05
0.0014697 1.5474e-05 0.98459 0.00031987 2.3614e-05
0.0014697 1.5891e-05 0.98435 0.0003216 2.3417e-05
0.0014697 1.6308e-05 0.98444 0.00032337 2.3225e-05
0.0014697 1.6719e-05 0.98444 0.00032511 2.3027e-05
0.0014696 1.7123e-05 0.98434 0.00032683 2.2822e-05
0.0014696 1.7528e-05 0.98456 0.00032858 2.2621e-05
0.0014696 1.7926e-05 0.98467 0.00033031 2.2414e-05
0.0014696 1.8317e-05 0.98468 0.00033162 2.2971e-05
0.0014696 1.8709e-05 0.98385 0.00033297 2.3537e-05
0.0014696 1.9095e-05 0.98268 0.00033436 2.4114e-05
0.0014696 1.9481e-05 0.9811 0.00033572 2.4682e-05
0.0014697 1.9868e-05 0.98022 0.00033712 2.5261e-05
0.0014697 2.0249e-05 0.97916 0.0003385 2.5832e-05
0.0014698 2.0624e-05 0.97791 0.00033986 2.6395e-05
0.0014698 2.0992e-05 0.97644 0.00034119 2.6951e-05
0.0014699 2.136e-05 0.9756 0.00034256 2.7516e-05
0.0014699 2.1723e-05 0.97439 0.00034398 2.8092e-05
0.00147 2.2086e-05 0.9738 0.00034543 2.8679e-05
0.0014701 2.245e-05 0.97366 0.00034693 2.9277e-05
0.0014702 2.2808e-05 0.97337 0.0003484 2.9866e-05
0.0014704 2.3166e-05 0.97396 0.00034985 3.0446e-05
0.0014706 2.3526e-05 0.97358 0.00035133 3.1037e-05
0.0014708 2.3887e-05 0.97406 0.00035278 3.1618e-05
0.0014711 2.4241e-05 0.97428 0.00035428 3.221e-05
0.0014713 2.4589e-05 0.97438 0.00035574 3.2794e-05
0.0014715 2.493e-05 0.97437 0.00035719 3.3369e-05
0.0014717 2.5272e-05 0.97471 0.00035867 3.3954e-05
0.001472 2.5614e-05 0.97547 0.00036019 3.455e-05
0.0014722 2.5951e-05 0.97612 0.00036169 3.5139e-05
0.0014725 2.6287e-05 0.9772 0.00036323 3.5738e-05
0.0014728 2.6618e-05 0.97815 0.00036474 3.6328e-05
0.0014731 2.6941e-05 0.97899 0.00036623 3.6911e-05
0.0014733 2.7265e-05 0.98026 0.00036776 3.7503e-05
0.0014736 2.7583e-05 0.98142 0.00036926 3.8088e-05
0.0014739 2.7895e-05 0.98229 0.00037081 3.8684e-05
0.0014742 2.8207e-05 0.98363 0.0003724 3.9292e-05
0.0014745 2.852e-05 0.98564 0.00037403 3.9911e-05
0.0014749 2.8835e-05 0.98604 0.00037571 4.0542e-05
0.0014753 2.9143e-05 0.98638 0.00037736 4.1165e-05
0.0014757 2.9451e-05 0.987 0.00037906 4.1799e-05
0.0014761 2.9753e-05 0.98754 0.00038073 4.2425e-05
0.0014765 3.0056e-05 0.98845 0.00038244 4.3062e-05
0.001477 3.036e-05 0.98982 0.00038419 4.3711e-05
0.0014775 3.0665e-05 0.99017 0.00038689 4.3648e-05
0.001478 3.0964e-05 0.99047 0.00038955 4.3578e-05
0.0014785 3.1256e-05 0.9907 0.00039219 4.3502e-05
0.001479 3.1542e-05 0.99089 0.0003948 4.3418e-05
0.0014795 3.1828e-05 0.9913 0.00039746 4.3341e-05
0.00148 3.2116e-05 0.99203 0.00040018 4.3271e-05
0.0014805 3.2396e-05 0.99256 0.00040295 4.3208e-05
0.0014811 3.2678e-05 0.99244 0.00040578 4.3152e-05
0.0014816 3.2953e-05 0.9939 0.00040858 4.3089e-05
0.0014822 3.3228e-05 0.99424 0.00041142 4.3032e-05
0.0014828 3.3498e-05 0.99454 0.00041425 4.2969e-05
0.0014834 3.3768e-05 0.99506 0.00041712 4.2912e-05
0.001484 3.4032e-05 0.99554 0.00041998 4.2849e-05
0.0014846 3.4297e-05 0.99625 0.00042288 4.2791e-05
0.0014852 3.4555e-05 0.99691 0.00042575 4.2726e-05
0.0014859 3.4813e-05 0.99695 0.00042867 4.2667e-05
0.0014865 3.5065e-05 0.99698 0.00043157 4.2602e-05
0.0014872 3.5317e-05 0.99713 0.00043451 4.2541e-05
0.0014878 3.5563e-05 0.99726 0.00043743 4.2475e-05
0.0014885 3.5804e-05 0.99739 0.00044033 4.2404e-05
0.0014891 3.6039e-05 0.99751 0.00044321 4.2327e-05
0.0014897 3.6268e-05 0.99763 0.00044607 4.2245e-05
0.0014903 3.6497e-05 0.99729 0.00044897 4.2166e-05
0.001491 3.6725e-05 0.99709 0.00045192 4.2092e-05
0.0014917 3.6953e-05 0.99588 0.0004549 4.2023e-05
0.0014924 3.7176e-05 0.99461 0.00045787 4.1948e-05
0.001493 3.7393e-05 0.99327 0.00046083 4.1868e-05
0.0014937 3.7605e-05 0.99184 0.00046376 4.1784e-05
0.0014944 3.7816e-05 0.99081 0.00046674 4.1703e-05
0.0014951 3.8026e-05 0.99005 0.00046975 4.1624e-05
0.0014958 3.8231e-05 0.98924 0.00047274 4.1541e-05
0.0014965 3.843e-05 0.98838 0.00047571 4.1454e-05
0.0014973 3.8629e-05 0.98781 0.00047873 4.1369e-05
0.001498 3.8822e-05 0.98719 0.00048173 4.128e-05
0.0014987 3.901e-05 0.98654 0.00048471 4.1186e-05
0.0014994 3.9193e-05 0.98585 0.00048768 4.1088e-05
0.0015 3.937e-05 0.98511 0.00049064 4.0985e-05
0.0015007 3.9542e-05 0.98434 0.00049358 4.0877e-05
0.0015014 3.9709e-05 0.98351 0.0004965 4.0764e-05
0.001502 3.987e-05 0.98262 0.00049941 4.0647e-05
0.0015027 4.0031e-05 0.98204 0.00050235 4.0533e-05
0.0015034 4.0186e-05 0.98142 0.00050529 4.0414e-05
0.001504 4.0336e-05 0.98075 0.0005082 4.0291e-05
0.0015047 4.0481e-05 0.98002 0.0005111 4.0162e-05
0.0015053 4.0625e-05 0.97959 0.00051404 4.0037e-05
0.001506 4.0768e-05 0.9766 0.00051701 3.9916e-05
0.0015068 4.0911e-05 0.97432 0.00052003 3.9797e-05
0.0015075 4.1052e-05 0.97261 0.00052308 3.9681e-05
0.0015082 4.1188e-05 0.97078 0.00052611 3.9561e-05
0.001509 4.1318e-05 0.96883 0.00052912 3.9435e-05
0.0015097 4.1443e-05 0.96674 0.00053212 3.9305e-05
0.0015104 4.1568e-05 0.96524 0.00053516 3.9178e-05
0.0015112 4.1687e-05 0.96365 0.00053819 3.9046e-05
0.0015119 4.1805e-05 0.96256 0.00054125 3.8918e-05
0.0015127 4.1919e-05 0.96138 0.0005443 3.8785e-05
0.0015134 4.2026e-05 0.96011 0.00054734 3.8647e-05
0.0015142 4.2134e-05 0.95929 0.00055041 3.8513e-05
0.001515 4.2236e-05 0.95838 0.00055347 3.8373e-05
0.0015157 4.2337e-05 0.95789 0.00055657 3.8238e-05
0.0015166 4.2438e-05 0.95774 0.00055972 3.8106e-05
0.0015174 4.2533e-05 0.95735 0.00056292 3.7979e-05
0.0015182 4.2623e-05 0.95689 0.0005661 3.7846e-05
0.0015189 4.2706e-05 0.95631 0.00056925 3.7708e-05
0.0015197 4.2784e-05 0.95562 0.00057238 3.7564e-05
0.0015205 4.2862e-05 0.95539 0.00057557 3.7425e-05
0.0015213 4.2941e-05 0.95557 0.00057882 3.7291e-05
0.0015222 4.3021e-05 0.95401 0.00058213 3.7164e-05
0.0015231 4.3095e-05 0.95226 0.00058542 3.7031e-05
0.001524 4.317e-05 0.95122 0.00058878 3.6903e-05
0.0015249 4.3246e-05 0.94955 0.0005921 3.6769e-05
0.001526 4.3325e-05 0.9446 0.00059549 3.6641e-05
0.0015269 4.3397e-05 0.93901 0.00059885 3.6507e-05
0.0015279 4.3462e-05 0.93252 0.00061744 3.6262e-05
0.0015288 4.352e-05 0.92505 0.00063594 3.6011e-05
0.0015298 4.3581e-05 0.92017 0.00065475 3.5767e-05
0.0015308 4.3634e-05 0.91492 0.00067347 3.5517e-05
0.0015318 4.3689e-05 0.91136 0.00069248 3.5273e-05
0.0015329 4.3745e-05 0.90896 0.00071177 3.5035e-05
0.0015339 4.3794e-05 0.90627 0.00073099 3.479e-05
0.001535 4.3845e-05 0.90459 0.00075052 3.4553e-05
0.0015361 4.3897e-05 0.90366 0.00077037 3.4323e-05
0.0015373 4.3951e-05 0.90335 0.00079054 3.4099e-05
0.0015385 4.3998e-05 0.90287 0.00081062 3.3869e-05
0.0015396 4.4039e-05 0.90224 0.00083061 3.3632e-05
0.0015407 4.4073e-05 0.90151 0.00085051 3.3388e-05
0.0015419 4.4109e-05 0.90135 0.00087071 3.3151e-05
0.0015431 4.4146e-05 0.9018 0.00089081 3.2906e-05
0.0015443 4.4183e-05 0.9018 0.00091082 3.2655e-05
0.0015456 4.4222e-05 0.90232 0.00093114 3.241e-05
0.0015469 4.4262e-05 0.9034 0.00095176 3.2171e-05
0.0015483 4.4295e-05 0.90408 0.00097273 3.1938e-05
0.0015496 4.433e-05 0.90538 0.00099405 3.1713e-05
0.001551 4.4366e-05 0.90743 0.0010157 3.1493e-05
0.0015524 4.4395e-05 0.90926 0.0010373 3.1267e-05
0.0015539 4.4426e-05 0.91198 0.0010592 3.1047e-05
0.0015553 4.4451e-05 0.91447 0.001081 3.0821e-05
0.0015567 4.4469e-05 0.91677 0.0011028 3.0589e-05
0.0015581 4.4489e-05 0.91995 0.0011248 3.0362e-05
0.0015596 4.4509e-05 0.92431 0.0011472 3.014e-05
0.0015611 4.453e-05 0.92512 0.0011699 2.9924e-05
0.0015626 4.4544e-05 0.9258 0.0011925 2.97e-05
0.0015642 4.456e-05 0.92702 0.0012155 2.9483e-05
0.0015658 4.4578e-05 0.92651 0.0012389 2.9272e-05
0.0015674 4.4589e-05 0.9259 0.0012622 2.9055e-05
0.001569 4.4602e-05 0.92575 0.0012858 2.8844e-05
0.0015706 4.4608e-05 0.92549 0.0013094 2.8627e-05
0.0015723 4.4615e-05 0.92565 0.0013333 2.8414e-05
0.001574 4.4624e-05 0.92378 0.0013576 2.8208e-05
0.0015757 4.4626e-05 0.9217 0.0013818 2.7994e-05
0.0015773 4.4621e-05 0.9194 0.0014059 2.7775e-05
0.001579 4.4618e-05 0.91788 0.0014303 2.756e-05
0.0015807 4.4608e-05 0.91612 0.0014547 2.7339e-05
0.0015824 4.4599e-05 0.90903 0.0014794 2.7123e-05
0.0015842 4.4593e-05 0.90419 0.0015045 2.6914e-05
0.0015861 4.4588e-05 0.88608 0.0015301 2.671e-05
0.0015879 4.4576e-05 0.86615 0.0015556 2.6501e-05
0.0015897 4.4558e-05 0.84408 0.001581 2.6284e-05
0.0015914 4.4533e-05 0.81889 0.0016027 2.6896e-05
0.0015933 4.451e-05 0.80183 0.0016249 2.752e-05
0.0015951 4.448e-05 0.78277 0.0016469 2.8136e-05
0.0015968 4.4444e-05 0.76099 0.0016688 2.8744e-05
0.0015984 4.6304e-05 0.73589 0.0016906 2.9343e-05
0.0015999 4.8179e-05 0.71939 0.0017128 2.9953e-05
0.0016015 5.0045e-05 0.70036 0.0017349 3.0555e-05
0.001603 5.19e-05 0.67828 0.0017568 3.1149e-05
0.0016045 5.3745e-05 0.6525 0.0017786 3.1734e-05
0.0016061 5.5607e-05 0.5761 0.0018008 3.233e-05
0.0016077 5.7484e-05 0.52702 0.0018235 3.2939e-05
0.0016093 5.9378e-05 0.49469 0.0018465 3.356e-05
0.0016111 6.129e-05 0.474 0.0018699 3.4193e-05
0.0016127 6.319e-05 0.44974 0.0018932 3.4817e-05
0.0016145 6.5108e-05 0.43446 0.0019169 3.5454e-05
0.0016163 6.7043e-05 0.39745 0.0019256 3.6403e-05
0.0016181 6.8969e-05 0.35455 0.0019342 3.7343e-05
0.0016198 7.0885e-05 0.30474 0.0019428 3.8273e-05
0.0016217 7.2819e-05 0.16685 0.0019515 3.9222e-05
0.0016235 7.4742e-05 0.14622 0.0019602 4.0161e-05
0.0016252 7.6655e-05 0.12168 0.0019689 4.1089e-05
0.001627 7.8558e-05 0.092474 0.0019774 4.2006e-05
0.0016288 8.0478e-05 0.075057 0.0019862 4.2942e-05
0.0016305 8.2387e-05 0.072626 0.0019949 4.3867e-05
0.0016324 8.4313e-05 0.071232 0.0020037 4.4809e-05
0.0016342 8.6254e-05 0.070617 0.0020038 4.5845e-05
0.0016362 8.8212e-05 0.069344 0.0020038 4.687e-05
0.0016381 9.0159e-05 0.06735 0.0020039 4.7916e-05
0.0016399 9.2096e-05 0.064878 0.0020039 4.8951e-05
0.0016419 9.4048e-05 0.063437 0.0020041 5.0005e-05
0.0016438 9.6018e-05 0.05874 0.0020043 5.1079e-05
0.0016458 9.7975e-05 0.056374 0.0020047 5.2176e-05
0.0016478 9.9952e-05 0.055137 0.002005 5.3261e-05
0.0016498 0.00010192 0.053719 0.0020053 5.4336e-05
0.0016518 0.0001039 0.053009 0.0020057 5.5431e-05
0.0016539 0.0001059 0.05287 0.0020062 5.6546e-05
0.001656 0.00010789 0.052336 0.0020068 5.7683e-05
0.0016581 0.0001099 0.052417 0.0020075 5.8843e-05
0.0016602 0.0001119 0.052276 0.0020081 5.9992e-05
0.0016623 0.00011391 0.052693 0.0020089 6.1163e-05
0.0016645 0.00011595 0.053733 0.0020097 6.2359e-05
0.0016667 0.00011797 0.054525 0.0020106 6.3542e-05
0.0016689 0.00012001 0.05382 0.0020115 6.475e-05
0.0016711 0.00012204 0.052901 0.0020124 6.5947e-05
0.0016734 0.00012409 0.052518 0.0020134 6.7165e-05
0.0016757 0.00012616 0.051655 0.0020143 6.8372e-05
0.001678 0.00012822 0.050576 0.0020152 6.9569e-05
0.0016803 0.00013029 0.050038 0.0020162 7.0788e-05
0.0016827 0.00013236 0.049294 0.0020172 7.1994e-05
0.001685 0.00013444 0.045852 0.0020182 7.3222e-05
0.0016874 0.00013651 0.04213 0.0020192 7.4439e-05
0.0016898 0.0001386 0.039636 0.0020203 7.5678e-05
0.0016922 0.0001407 0.037966 0.0020215 7.6939e-05
0.0016946 0.0001428 0.036058 0.0020227 7.819e-05
0.0016971 0.00014491 0.034784 0.002024 7.9463e-05
0.0016996 0.00014704 0.033933 0.0020253 8.0756e-05
0.0017022 0.00014918 0.033416 0.0020267 8.2068e-05
0.0017048 0.00015134 0.033184 0.0020282 8.3401e-05
0.0017074 0.00015352 0.033219 0.0020298 8.4754e-05
0.0017101 0.00015568 0.033148 0.0020314 8.6098e-05
0.0017127 0.00015787 0.031191 0.002033 8.7464e-05
0.0017155 0.00016007 0.029816 0.0020348 8.8853e-05
0.0017182 0.00016226 0.028077 0.0020366 9.0265e-05
0.0017209 0.00016447 0.026861 0.0020385 9.1701e-05
0.0017238 0.0001667 0.026053 0.0020405 9.3161e-05
0.0017265 0.00016891 0.025122 0.0020425 9.461e-05
0.0017294 0.00017115 0.024545 0.0020445 9.6084e-05
0.0017322 0.00017338 0.023866 0.0020466 9.7548e-05
0.001735 0.0001756 0.023068 0.0020486 9.9002e-05
0.0017378 0.00017781 0.022085 0.0020507 0.00010048
0.0017406 0.00018004 0.021462 0.0020528 0.00010198
0.0017434 0.00018225 0.020723 0.002055 0.00010347
0.0017463 0.00018449 0.020298 0.0020572 0.00010499
0.0017491 0.00018672 0.019765 0.0020594 0.00010649
0.001752 0.00018896 0.019494 0.0020617 0.00010802
0.0017549 0.0001912 0.019116 0.002064 0.00010954
0.0017578 0.00019345 0.018993 0.0020663 0.00011109
0.0017608 0.00019572 0.01913 0.0020687 0.00011265
0.0017637 0.00019798 0.019033 0.0020713 0.00011425
0.0017667 0.00020026 0.018656 0.0020738 0.00011584
0.0017697 0.00020256 0.018593 0.0020764 0.00011746
0.0017727 0.00020485 0.01842 0.0020789 0.00011907
0.0017758 0.00020713 0.018132 0.0020815 0.00012066
0.0017788 0.00020943 0.018128 0.0020841 0.00012229
0.0017818 0.00021172 0.017905 0.0020869 0.00012394
0.0017849 0.000214 0.017563 0.0020895 0.00012558
0.0017878 0.00021627 0.01924 0.0020922 0.00012721
0.0017908 0.00021853 0.020566 0.002095 0.00012887
0.0017938 0.00022081 0.02257 0.0020978 0.00013055
0.0017968 0.00022308 0.024274 0.0021006 0.00013223
0.0017998 0.00022533 0.025716 0.0021034 0.00013389
0.0018028 0.00022761 0.027888 0.0021063 0.00013558
0.0018058 0.00022988 0.045132 0.0021091 0.00013725
0.0018087 0.00023213 0.06034 0.0021119 0.00013892
0.0018118 0.00023441 0.081928 0.0021148 0.00014061
0.0018149 0.00023671 0.11395 0.0021178 0.00014234
0.0018179 0.00023899 0.14249 0.0021208 0.00014405
0.001821 0.0002413 0.1527 0.0021238 0.0001458
0.0018242 0.00024364 0.16821 0.002127 0.00014759
0.0018274 0.00024596 0.18169 0.0021302 0.00014935
0.0018305 0.00024827 0.19345 0.0021333 0.00015111
0.0018337 0.0002506 0.21047 0.0021365 0.00015289
0.0018369 0.00025293 0.22557 0.0021396 0.00015467
0.0018401 0.00025527 0.22999 0.0021429 0.00015647
0.0018434 0.00025764 0.23701 0.0021463 0.00015832
