Aquila_chrysaetos Chloebia_gouldiae Colius_striatus Falco_peregrinus Falco_tinnunculus Haliaeetus_leucocephalus Leptosomus_discolor Tyto_alba
0.00026039 4.1902e-06 0.13332 0.0047589 0.0012767 0.00019568 6.8367e-05 2.2371e-05
0.0002587 4.0814e-06 0.13238 0.0047578 0.001274 0.00019212 6.7046e-05 2.123e-05
0.00025705 4.017e-06 0.13171 0.0047567 0.0012713 0.00018862 6.5836e-05 2.0179e-05
0.00025538 3.9331e-06 0.13091 0.0047556 0.0012686 0.00018508 6.4568e-05 1.908e-05
0.00025368 3.8245e-06 0.12995 0.0047544 0.0012659 0.0001815 6.3237e-05 1.7931e-05
0.00025196 3.6828e-06 0.12881 0.0047531 0.0012632 0.00017787 6.1835e-05 1.6724e-05
0.00025028 3.6036e-06 0.12798 0.004752 0.0012605 0.00017431 6.0551e-05 1.5613e-05
0.00024863 3.3499e-06 0.12741 0.004751 0.0012578 0.00017082 5.9379e-05 1.4591e-05
0.00024696 3.3292e-06 0.12669 0.0047499 0.0012551 0.00016729 5.8136e-05 1.4544e-05
0.00024534 3.2277e-06 0.124 0.004749 0.0012524 0.00016383 5.7009e-05 1.4519e-05
0.00024371 3.126e-06 0.12131 0.004748 0.0012498 0.00016036 5.588e-05 1.4491e-05
0.00024208 3.024e-06 0.11861 0.0047471 0.0012471 0.00015689 5.4749e-05 1.4461e-05
0.00024044 2.9219e-06 0.11591 0.0047461 0.0012444 0.00015342 5.3617e-05 1.4429e-05
0.00023881 2.8194e-06 0.1132 0.0047452 0.0012417 0.00014995 5.2483e-05 1.4395e-05
0.00023717 2.7168e-06 0.11049 0.0047442 0.0012391 0.00014647 5.1347e-05 1.4359e-05
0.00023553 2.6139e-06 0.10777 0.0047432 0.0012364 0.00014298 5.021e-05 1.432e-05
0.00023389 2.5107e-06 0.10506 0.0047423 0.0012337 0.00013949 4.907e-05 1.4279e-05
0.00023225 2.4074e-06 0.10233 0.0047413 0.001231 0.000136 4.7929e-05 1.4236e-05
0.00023061 2.3038e-06 0.099605 0.0047404 0.0012283 0.00013251 4.6787e-05 1.419e-05
0.00022896 2.1999e-06 0.096873 0.0047394 0.0012256 0.00012901 4.5642e-05 1.4143e-05
0.00022731 2.0958e-06 0.094137 0.0047384 0.0012229 0.00012551 4.4496e-05 1.4093e-05
0.00022567 1.9915e-06 0.091397 0.0047375 0.0012202 0.000122 4.3348e-05 1.4041e-05
0.00022401 1.8869e-06 0.088653 0.0047365 0.0012175 0.00011849 4.2198e-05 1.3986e-05
0.00022236 1.7821e-06 0.085904 0.0047355 0.0012148 0.00011497 4.1047e-05 1.393e-05
0.00022071 1.677e-06 0.083151 0.0047345 0.0012121 0.00011145 3.9894e-05 1.3871e-05
0.00021905 1.5718e-06 0.080393 0.0047336 0.0012094 0.00010793 3.8739e-05 1.381e-05
0.00021739 1.4662e-06 0.077632 0.0047326 0.0012067 0.0001044 3.7582e-05 1.3746e-05
0.00021573 1.3605e-06 0.074865 0.0047316 0.001204 0.00010087 3.6423e-05 1.3681e-05
0.00021407 1.2544e-06 0.072095 0.0047307 0.0012013 9.734e-05 3.5263e-05 1.3613e-05
0.0002124 1.1482e-06 0.06932 0.0047297 0.0011985 9.3801e-05 3.4101e-05 1.3543e-05
0.00021074 1.0417e-06 0.06654 0.0047287 0.0011958 9.0259e-05 3.2937e-05 1.347e-05
0.00020907 9.3497e-07 0.063756 0.0047277 0.0011931 8.6712e-05 3.1772e-05 1.3396e-05
0.0002074 8.28e-07 0.060968 0.0047267 0.0011904 8.3162e-05 3.0604e-05 1.3319e-05
0.00020573 7.2079e-07 0.058175 0.0047258 0.0011876 7.9608e-05 2.9435e-05 1.324e-05
0.00020405 6.1334e-07 0.055377 0.0047248 0.0011849 7.605e-05 2.8264e-05 1.3158e-05
0.00020238 5.0565e-07 0.052575 0.0047238 0.0011822 7.2488e-05 2.7092e-05 1.3075e-05
0.0002007 3.9771e-07 0.049768 0.0047228 0.0011794 6.8922e-05 2.5917e-05 1.2989e-05
0.00019906 8.3578e-08 0.047588 0.0047219 0.0011767 6.5424e-05 2.4861e-05 1.2923e-05
0.0001974 3.8587e-08 0.045047 0.004721 0.001174 6.1877e-05 2.3744e-05 1.2842e-05
0.00019577 1.0377e-08 0.043073 0.0047202 0.0011713 5.8398e-05 2.272e-05 1.278e-05
0.00019412 6.6332e-09 0.040787 0.0047193 0.0011686 5.4873e-05 2.1639e-05 1.2703e-05
0.0001925 4.2844e-09 0.039014 0.0047185 0.0011659 5.1415e-05 2.0648e-05 1.2645e-05
0.00019093 2.8683e-09 0.033593 0.0047179 0.0011632 4.8027e-05 1.9745e-05 1.2609e-05
0.00018923 4.2882e-09 0.027341 0.0047172 0.0011605 4.7727e-05 1.8792e-05 1.2557e-05
0.00018751 5.1132e-09 0.02008 0.0047164 0.0011578 4.7409e-05 1.7784e-05 1.249e-05
0.00018583 6.7264e-09 0.014685 0.0047158 0.0011552 4.7103e-05 1.4588e-05 1.2444e-05
0.00018413 7.3623e-09 0.008465 0.0047151 0.0011525 4.678e-05 1.4136e-05 1.2384e-05
0.0001824 6.9997e-09 0.007546 0.0047145 0.0011498 4.644e-05 1.3654e-05 1.2308e-05
0.00018063 7.489e-09 0.0068842 0.004714 0.0011472 4.6077e-05 1.3247e-05 1.1824e-05
0.00017889 8.5825e-09 0.0063526 0.0047137 0.0011446 4.5722e-05 1.2873e-05 1.1376e-05
0.00017718 1.0325e-08 0.005917 0.0047135 0.0011421 4.5375e-05 1.2526e-05 1.0957e-05
0.00017546 1.1293e-08 0.0054374 0.0047132 0.0011395 4.5015e-05 1.2163e-05 1.0523e-05
0.00017377 1.2935e-08 0.0050407 0.004713 0.0011369 4.4661e-05 1.1826e-05 1.0116e-05
0.0001721 1.5383e-08 0.0047111 0.0047129 0.0011344 4.4314e-05 1.151e-05 9.7335e-06
0.00017046 1.886e-08 0.0044372 0.0047129 0.0011319 4.3971e-05 1.1216e-05 9.3744e-06
0.00016884 1.6143e-08 0.0042101 0.004713 0.0011294 4.3635e-05 1.0941e-05 9.0365e-06
0.00016725 1.4231e-08 0.00402 0.0047132 0.0011269 4.3302e-05 1.0682e-05 8.717e-06
0.00016568 1.3019e-08 0.003864 0.0047134 0.0011245 4.2974e-05 1.0441e-05 8.4157e-06
0.00016413 1.2393e-08 0.003738 0.0047137 0.0011221 4.2651e-05 1.0215e-05 8.1314e-06
0.00016261 1.224e-08 0.0036368 0.0047142 0.0011197 4.2331e-05 1.0003e-05 7.8621e-06
0.0001611 1.2602e-08 0.0035598 0.0047147 0.0011173 4.2015e-05 9.8049e-06 7.608e-06
0.00015962 1.3451e-08 0.0035035 0.0047152 0.0011149 4.1702e-05 9.6198e-06 7.3673e-06
0.00015815 1.4853e-08 0.0034667 0.0047159 0.0011125 4.1393e-05 9.4467e-06 7.1393e-06
0.00015668 1.5582e-08 0.0034187 0.0047165 0.0011102 4.1073e-05 9.2657e-06 6.9039e-06
0.00015522 1.6986e-08 0.0033911 0.0047172 0.0011078 4.0757e-05 9.0974e-06 6.6818e-06
0.00015379 1.9192e-08 0.0033834 0.004718 0.0011055 4.0445e-05 8.9415e-06 6.4723e-06
0.00015234 2.0652e-08 0.0033647 0.0047187 0.0011032 4.0123e-05 8.7778e-06 6.2557e-06
0.00015092 2.3032e-08 0.0033658 0.0047195 0.0011009 3.9804e-05 8.6262e-06 6.0515e-06
0.00014949 2.4614e-08 0.0033558 0.0047204 0.0010985 3.9475e-05 8.4667e-06 5.8399e-06
0.00014804 2.5402e-08 0.0033342 0.0047211 0.0010962 3.9135e-05 8.2991e-06 5.6208e-06
0.00014662 2.7119e-08 0.0033319 0.004722 0.0010939 3.8799e-05 8.1432e-06 5.4137e-06
0.00014522 3.0054e-08 0.003351 0.0047229 0.0010916 3.8467e-05 8.0001e-06 5.2194e-06
0.0001438 3.1983e-08 0.0033565 0.0047238 0.0010893 3.8124e-05 7.8475e-06 5.0163e-06
0.00014241 3.5361e-08 0.0030814 0.0047248 0.001087 3.7786e-05 7.7085e-06 4.8267e-06
0.00014105 3.1263e-08 0.0028587 0.0047259 0.0010847 3.7455e-05 7.5842e-06 4.6514e-06
0.00013971 2.8895e-08 0.0026797 0.0047271 0.0010825 3.713e-05 7.474e-06 4.4896e-06
0.00013836 2.5366e-08 0.0024782 0.0047283 0.0010802 3.6793e-05 7.3533e-06 4.3184e-06
0.00013703 2.3272e-08 0.0023147 0.0047295 0.001078 3.6461e-05 7.2458e-06 4.1595e-06
0.00013572 2.2514e-08 0.0021865 0.0047309 0.0010758 3.6137e-05 7.1521e-06 4.0134e-06
0.0001344 2.0611e-08 0.0020367 0.0047322 0.0010735 3.5799e-05 7.0471e-06 3.8572e-06
0.00013306 1.7393e-08 0.0018609 0.0047334 0.0010713 3.5445e-05 6.9297e-06 3.6901e-06
0.0001317 1.2512e-08 0.0019397 0.0047346 0.001069 3.5076e-05 6.7983e-06 3.5103e-06
0.00013037 9.8097e-09 0.0018826 0.0047359 0.0010668 3.4715e-05 6.6835e-06 3.346e-06
0.00012907 8.3128e-09 0.0018511 0.0047373 0.0010646 3.4364e-05 6.5846e-06 3.1961e-06
0.00012775 9.5407e-09 0.0017703 0.0047389 0.0010624 3.3995e-05 6.4039e-06 3.2303e-06
0.0001264 9.7396e-09 0.0016665 0.0047404 0.0010602 3.361e-05 6.2073e-06 3.2559e-06
0.00012509 1.0855e-08 0.0015931 0.004742 0.0010581 3.3234e-05 6.0303e-06 3.2899e-06
0.0001238 8.4565e-09 0.0015454 0.0047437 0.0010559 3.2866e-05 5.8715e-06 3.3327e-06
0.00012255 7.1391e-09 0.0015207 0.0047456 0.0010538 3.2508e-05 5.73e-06 3.3846e-06
0.00012132 6.6118e-09 0.0015174 0.0047476 0.0010517 3.2158e-05 5.6046e-06 3.4459e-06
0.00012012 2.4961e-09 0.0015391 0.0047362 0.0010499 3.1817e-05 5.0845e-06 3.5209e-06
0.0001189 2.3766e-09 0.0015434 0.0047247 0.0010481 3.1461e-05 5.0925e-06 3.5862e-06
0.00011767 1.5571e-09 0.0015306 0.0047131 0.0010462 3.1089e-05 5.0893e-06 3.6421e-06
0.00011646 9.7594e-10 0.001539 0.0047017 0.0010443 3.0725e-05 5.0977e-06 3.7078e-06
0.00011527 5.0265e-10 0.0015688 0.0046904 0.0010425 3.037e-05 5.1178e-06 3.7839e-06
0.00011407 1.023e-09 0.0015814 0.0046791 0.0010407 2.9999e-05 5.1266e-06 3.8501e-06
0.0001129 1.711e-09 0.0016177 0.004668 0.0010388 2.9636e-05 4.8888e-06 3.9279e-06
0.0001117 1.7595e-09 0.0016365 0.0046567 0.001037 2.9259e-05 4.6343e-06 3.9958e-06
0.00011054 1.9794e-09 0.0016779 0.0046457 0.0010352 2.8889e-05 4.401e-06 4.0744e-06
0.00010935 1.5545e-09 0.0017014 0.0046345 0.0010334 2.8503e-05 4.1583e-06 4.1431e-06
0.00010819 1.2884e-09 0.0017481 0.0046235 0.0010316 2.8126e-05 3.9356e-06 4.2226e-06
0.00010706 1.1212e-09 0.0018207 0.0046127 0.0010298 2.7756e-05 3.7315e-06 4.3135e-06
0.00010595 1.0442e-09 0.001926 0.0046021 0.0010281 2.7394e-05 3.5458e-06 4.4174e-06
0.00010487 1.0517e-09 0.002071 0.0045914 0.0010263 2.7041e-05 3.3773e-06 4.5352e-06
0.00010382 1.1336e-09 0.0022656 0.0045809 0.0010245 2.6696e-05 3.2246e-06 4.6677e-06
0.00010279 1.3125e-09 0.002523 0.0045706 0.0010228 2.6359e-05 3.0865e-06 4.8159e-06
0.00010174 8.8908e-10 0.0027387 0.0045601 0.0010211 2.6006e-05 2.9359e-06 4.9515e-06
0.00010072 5.2658e-10 0.0030195 0.0045498 0.0010194 2.5661e-05 2.7984e-06 5.1022e-06
9.9607e-05 1.2111e-09 0.0032543 0.0045395 0.0010177 2.6613e-05 2.6484e-06 5.2397e-06
9.852e-05 1.5464e-09 0.003561 0.0045293 0.001016 2.7581e-05 2.5114e-06 5.393e-06
9.7413e-05 1.5324e-09 0.0038176 0.004519 0.0010142 2.8528e-05 2.3619e-06 5.5328e-06
9.6331e-05 1.1692e-09 0.0038408 0.0045089 0.0010126 2.9491e-05 2.2252e-06 5.6888e-06
9.5276e-05 9.3781e-10 0.0039036 0.004499 0.0010109 3.0473e-05 2.101e-06 5.8635e-06
9.4246e-05 7.7847e-10 0.0040105 0.0044892 0.0010093 3.1474e-05 1.9884e-06 6.0582e-06
9.3241e-05 6.7753e-10 0.0041689 0.0044797 0.0010076 3.2493e-05 1.8866e-06 6.2746e-06
9.2259e-05 5.5717e-10 0.0043854 0.0044703 0.0010061 3.3531e-05 1.7938e-06 6.5128e-06
9.1259e-05 1.6915e-09 0.0045607 0.0044608 0.0010045 3.4547e-05 1.691e-06 6.7338e-06
9.0281e-05 3.2916e-09 0.0047989 0.0044515 0.0010029 3.5582e-05 1.5969e-06 6.9772e-06
8.9327e-05 5.7195e-09 0.0051147 0.0044424 0.0010014 3.6635e-05 1.5111e-06 7.2447e-06
8.835e-05 5.8332e-09 0.0052023 0.0044334 0.00099984 3.7662e-05 1.4736e-06 7.2988e-06
8.7395e-05 6.5767e-09 0.0053397 0.0044246 0.00099835 3.8709e-05 1.4415e-06 7.3673e-06
8.6424e-05 6.4236e-09 0.0054432 0.0044157 0.00099684 3.9734e-05 1.4017e-06 8.2411e-06
8.5475e-05 6.9724e-09 0.0056022 0.004407 0.00099536 4.0779e-05 1.3675e-06 9.194e-06
8.451e-05 6.613e-09 0.0057252 0.0043982 0.00099386 4.1803e-05 1.3257e-06 1.01e-05
8.3567e-05 6.9481e-09 0.0059068 0.0043896 0.00099239 4.2847e-05 1.2894e-06 1.1087e-05
8.2646e-05 8.0585e-09 0.0061589 0.0043811 0.00099094 4.3912e-05 1.2581e-06 1.2162e-05
8.1708e-05 8.2042e-09 0.0063659 0.0043726 0.00098947 4.4955e-05 1.2194e-06 1.3184e-05
8.0753e-05 7.395e-09 0.0065319 0.0043639 0.00098798 4.5976e-05 1.1734e-06 1.4157e-05
7.9821e-05 7.3634e-09 0.0067673 0.0043554 0.00098652 4.7018e-05 1.1324e-06 1.5218e-05
7.8873e-05 6.4167e-09 0.0069596 0.0043468 0.00098504 4.8039e-05 1.0843e-06 1.6228e-05
7.7907e-05 4.8369e-09 0.0071099 0.0043382 0.00098353 4.9039e-05 1.0286e-06 1.7186e-05
7.6924e-05 2.1738e-09 0.0072211 0.0043294 0.00098201 5.0016e-05 9.6503e-07 1.8095e-05
7.5922e-05 2.476e-09 0.0072951 0.0043205 0.00098046 5.0971e-05 8.9345e-07 1.8955e-05
7.4945e-05 8.1258e-10 0.0074289 0.0043118 0.00097894 5.1948e-05 8.2785e-07 1.9898e-05
7.395e-05 8.7784e-10 0.007525 0.0043031 0.00097739 5.2903e-05 7.5456e-07 2.0793e-05
7.2979e-05 9.9383e-10 0.0076849 0.0042945 0.00097588 5.3879e-05 6.8705e-07 2.0999e-05
7.2028e-05 1.161e-09 0.0079143 0.004286 0.00097439 5.4875e-05 6.2422e-07 2.1236e-05
7.1101e-05 1.4501e-09 0.0078652 0.0042777 0.00097293 5.5893e-05 5.6611e-07 2.1508e-05
7.0156e-05 1.1303e-09 0.0077971 0.0042694 0.00097145 5.6889e-05 5.0098e-07 2.1757e-05
6.9234e-05 9.3053e-10 0.0077858 0.0042612 0.00097 5.7908e-05 4.4033e-07 2.2042e-05
6.8332e-05 7.728e-10 0.0078264 0.0042531 0.00096858 5.8948e-05 3.8325e-07 2.2362e-05
6.7451e-05 6.4792e-10 0.0075929 0.0042452 0.00096718 6.0011e-05 3.3147e-07 2.227e-05
6.6591e-05 5.211e-10 0.007434 0.0042375 0.00096582 6.1098e-05 2.8272e-07 2.2206e-05
6.5715e-05 1.5765e-09 0.0072298 0.0042297 0.00096443 6.2161e-05 3.2011e-07 2.2123e-05
6.4823e-05 7.9397e-09 0.0069785 0.0042221 0.00096307 6.3202e-05 3.5185e-07 2.2021e-05
6.3915e-05 1.25e-08 0.0066769 0.0042144 0.00096168 6.4221e-05 6.3019e-07 2.19e-05
6.2992e-05 1.5583e-08 0.0068531 0.0042066 0.00096028 6.5218e-05 8.9322e-07 2.176e-05
6.2087e-05 2.0422e-08 0.0070914 0.0041989 0.0009589 6.6234e-05 1.1748e-06 2.1646e-05
6.1169e-05 2.4018e-08 0.0072981 0.0041912 0.00095751 6.7232e-05 1.4443e-06 2.1518e-05
6.0268e-05 2.944e-08 0.0075645 0.0041836 0.00095614 6.8248e-05 1.7309e-06 2.1411e-05
5.9381e-05 2.7506e-08 0.0078993 0.0041761 0.00095478 6.928e-05 2.0355e-06 2.1325e-05
5.8508e-05 2.6747e-08 0.0083092 0.0041687 0.00095345 7.0328e-05 2.3579e-06 2.1257e-05
5.7648e-05 2.704e-08 0.0088036 0.0041615 0.00095213 7.139e-05 2.6986e-06 2.1207e-05
5.6778e-05 2.6494e-08 0.0092614 0.0041542 0.0009508 7.2438e-05 3.0287e-06 2.1148e-05
5.592e-05 2.6853e-08 0.0098009 0.004147 0.00094949 7.3498e-05 3.3753e-06 2.1103e-05
5.5073e-05 2.8241e-08 0.010441 0.0041399 0.00094819 7.4572e-05 3.7405e-06 2.1075e-05
5.4218e-05 2.8793e-08 0.01104 0.0041327 0.00094688 7.5633e-05 4.0955e-06 2.1038e-05
5.3355e-05 2.8524e-08 0.011599 0.0041256 0.00094556 7.6681e-05 4.4403e-06 2.0992e-05
5.2503e-05 2.9282e-08 0.012263 0.0041185 0.00094426 7.7742e-05 4.8038e-06 2.0962e-05
5.1661e-05 3.1155e-08 0.012277 0.0041115 0.00094297 7.8816e-05 5.1871e-06 2.0948e-05
5.0812e-05 3.2181e-08 0.012274 0.0041045 0.00094167 7.9878e-05 5.5602e-06 2.0925e-05
4.9956e-05 3.2378e-08 0.012253 0.0040975 0.00094036 8.0927e-05 5.9232e-06 2.0895e-05
4.9092e-05 3.1973e-08 0.012214 0.0040904 0.00093904 8.1963e-05 6.2765e-06 2.0856e-05
4.8221e-05 3.1223e-08 0.012156 0.0040833 0.00093771 8.2987e-05 6.6196e-06 2.0809e-05
4.736e-05 3.0128e-08 0.01214 0.0040763 0.0009364 8.4023e-05 6.9819e-06 2.0777e-05
4.6509e-05 2.8686e-08 0.012161 0.0040693 0.0009351 8.5072e-05 7.3629e-06 2.076e-05
4.565e-05 2.642e-08 0.012165 0.0040624 0.00093378 8.6109e-05 7.7338e-06 2.0734e-05
4.4784e-05 2.3272e-08 0.01215 0.0040554 0.00093246 8.7132e-05 8.0943e-06 2.0701e-05
4.3927e-05 2.116e-08 0.012173 0.0040485 0.00093115 8.8167e-05 8.4739e-06 2.0681e-05
4.3063e-05 1.8229e-08 0.012179 0.0040416 0.00092984 8.919e-05 8.843e-06 2.0654e-05
4.2191e-05 1.4422e-08 0.012166 0.0040346 0.00092851 9.02e-05 9.2017e-06 2.0618e-05
4.133e-05 1.164e-08 0.012193 0.0040277 0.00092719 9.1223e-05 9.5805e-06 2.0597e-05
4.0478e-05 9.6457e-09 0.012261 0.004021 0.00092589 9.226e-05 9.9811e-06 2.0591e-05
3.9638e-05 8.2802e-09 0.012375 0.0040143 0.00092461 9.3312e-05 1.0406e-05 2.0601e-05
3.881e-05 7.5185e-09 0.012026 0.0040077 0.00092335 9.4383e-05 1.0859e-05 2.0629e-05
3.7972e-05 5.9744e-09 0.012382 0.0040013 0.00092211 9.5437e-05 1.1296e-05 2.0645e-05
3.7123e-05 3.6162e-09 0.012696 0.0039948 0.00092085 9.6473e-05 1.1717e-05 2.0651e-05
3.6287e-05 1.8319e-09 0.013093 0.0039884 0.00091961 9.7527e-05 1.1663e-05 2.0023e-05
3.544e-05 2.7399e-09 0.013446 0.0039819 0.00091835 9.8563e-05 1.16e-05 1.9374e-05
3.4606e-05 3.9322e-09 0.013888 0.0039756 0.00091712 9.9617e-05 1.155e-05 1.8767e-05
3.3783e-05 4.5078e-09 0.014289 0.0039692 0.00091587 0.00010069 1.1492e-05 1.8142e-05
3.2952e-05 4.5019e-09 0.014656 0.0039628 0.00091461 0.00010175 1.1424e-05 1.7499e-05
3.2132e-05 4.7396e-09 0.015105 0.0039564 0.00091336 0.00010282 1.1369e-05 1.6894e-05
3.1303e-05 4.4066e-09 0.015518 0.0039501 0.0009121 0.00010388 1.1306e-05 1.6273e-05
3.0484e-05 4.2948e-09 0.016019 0.0039438 0.00091086 0.00010496 1.1255e-05 1.5687e-05
2.9675e-05 4.384e-09 0.01662 0.0039376 0.00090964 0.00010605 1.1216e-05 1.5135e-05
2.8876e-05 4.6824e-09 0.017337 0.0039316 0.00090843 0.00010716 1.1189e-05 1.4615e-05
2.8069e-05 4.4342e-09 0.018009 0.0039255 0.00090721 0.00010826 1.1154e-05 1.4082e-05
2.7272e-05 4.3993e-09 0.018808 0.0039195 0.00090601 0.00010937 1.1131e-05 1.3579e-05
2.6467e-05 3.8062e-09 0.019554 0.0039134 0.00090479 0.00011047 1.11e-05 1.3062e-05
2.5671e-05 3.3817e-09 0.020433 0.0039074 0.00090359 0.00011158 1.108e-05 1.2574e-05
2.4884e-05 3.124e-09 0.021481 0.0039016 0.00090241 0.00011272 1.1073e-05 1.2114e-05
2.4106e-05 2.9887e-09 0.022719 0.0038958 0.00090124 0.00011387 1.1077e-05 1.1682e-05
2.332e-05 2.2846e-09 0.023864 0.00389 0.00090006 0.000115 1.1071e-05 1.1234e-05
2.2545e-05 1.7622e-09 0.025253 0.0038843 0.0008989 0.00011615 1.1081e-05 1.0817e-05
2.1781e-05 1.3559e-09 0.025518 0.0038787 0.00089776 0.00011733 1.1105e-05 1.0431e-05
2.1006e-05 3.256e-09 0.025732 0.003873 0.0008966 0.00011849 1.1117e-05 1.0024e-05
2.0214e-05 2.7535e-09 0.02605 0.0038675 0.00089547 0.00011961 1.1146e-05 9.6519e-06
1.9436e-05 2.5203e-09 0.026489 0.0038621 0.00089435 0.00012076 1.1193e-05 9.3106e-06
1.8671e-05 2.5152e-09 0.027073 0.0038569 0.00089327 0.00012194 1.1259e-05 8.9982e-06
1.7919e-05 2.7506e-09 0.027836 0.0038517 0.0008922 0.00012315 1.1343e-05 8.7128e-06
1.7155e-05 2.3252e-09 0.028496 0.0038465 0.00089112 0.00012433 1.1413e-05 8.4098e-06
1.6404e-05 2.1503e-09 0.029359 0.0038414 0.00089006 0.00012554 1.1503e-05 8.1335e-06
1.5666e-05 2.17e-09 0.030465 0.0038365 0.00088903 0.00012678 1.1611e-05 7.8812e-06
1.4942e-05 8.692e-10 0.032656 0.0038314 0.00088797 0.00012806 1.1489e-05 7.764e-06
1.4206e-05 1.1526e-09 0.034562 0.0038263 0.00088689 0.00012931 1.135e-05 7.6336e-06
1.3482e-05 1.6032e-09 0.036994 0.0038213 0.00088583 0.00013059 1.1232e-05 7.5197e-06
1.2746e-05 1.438e-09 0.039115 0.0038162 0.00088475 0.00013184 1.1098e-05 7.3928e-06
1.2022e-05 1.3911e-09 0.041814 0.0038113 0.0008837 0.00013312 1.0985e-05 7.2821e-06
1.131e-05 1.4517e-09 0.045249 0.0038065 0.00088267 0.00013444 1.0891e-05 7.1867e-06
1.061e-05 1.6348e-09 0.046296 0.0038018 0.00088167 0.00013578 1.0816e-05 7.1061e-06
9.8973e-06 1.1869e-09 0.047182 0.003797 0.00088064 0.0001371 1.0725e-05 7.0129e-06
9.5103e-06 8.7918e-10 0.048367 0.0037924 0.00087964 0.00013716 1.0655e-05 6.9353e-06
9.1145e-06 2.16e-09 0.049382 0.0037877 0.00087862 0.0001372 1.057e-05 6.846e-06
8.7242e-06 3.9731e-09 0.050701 0.0037831 0.00087762 0.00013727 1.0503e-05 6.7706e-06
8.3393e-06 6.6861e-09 0.052395 0.0037787 0.00087665 0.00013735 1.0454e-05 6.7087e-06
7.9458e-06 8.3278e-09 0.053867 0.0037741 0.00087565 0.00013741 1.039e-05 6.6356e-06
7.5575e-06 1.1115e-08 0.055752 0.0037695 0.00087464 0.0001375 1.0345e-05 6.5757e-06
7.1749e-06 1.0133e-08 0.058197 0.003765 0.00087364 0.0001376 1.0317e-05 6.5296e-06
6.7839e-06 1.6075e-08 0.060335 0.0037605 0.00087263 0.00013769 1.0276e-05 6.4727e-06
6.3845e-06 2.0277e-08 0.062202 0.0037558 0.0008716 0.00013775 1.0221e-05 6.4051e-06
5.9903e-06 2.7106e-08 0.064593 0.0037513 0.00087059 0.00013783 1.0184e-05 6.3504e-06
6.0942e-06 3.2049e-08 0.066706 0.0037468 0.00086956 0.00013784 1.0133e-05 6.2857e-06
6.1986e-06 3.9864e-08 0.069349 0.0037423 0.00086855 0.00013786 1.0099e-05 6.2326e-06
6.2969e-06 4.6483e-08 0.071687 0.0037378 0.00086753 0.00013786 1.0051e-05 6.1694e-06
6.3956e-06 5.6738e-08 0.074583 0.0037334 0.00086653 0.00013788 1.0018e-05 6.1172e-06
6.4905e-06 6.6654e-08 0.077475 0.0037289 0.00086552 0.0001379 9.9827e-06 6.0627e-06
6.5817e-06 7.6232e-08 0.080362 0.0037245 0.0008645 0.0001379 9.9445e-06 6.0058e-06
6.6692e-06 8.5472e-08 0.083245 0.0037201 0.00086349 0.0001379 9.9035e-06 5.9466e-06
6.753e-06 9.4373e-08 0.086123 0.0037157 0.00086247 0.0001379 9.8597e-06 5.885e-06
6.833e-06 1.0294e-07 0.088997 0.0037113 0.00086144 0.00013789 9.8132e-06 5.8212e-06
6.9092e-06 1.1116e-07 0.091866 0.0037068 0.00086041 0.00013787 9.7639e-06 5.755e-06
6.9818e-06 1.1905e-07 0.094731 0.0037024 0.00085938 0.00013785 9.7119e-06 5.6865e-06
7.0506e-06 1.2659e-07 0.097592 0.003698 0.00085834 0.00013782 9.6571e-06 5.6156e-06
7.1156e-06 1.338e-07 0.10045 0.0036935 0.0008573 0.00013778 9.5996e-06 5.5424e-06
7.1754e-06 1.4067e-07 0.10311 0.0036891 0.00085624 0.00013773 9.5328e-06 5.4621e-06
7.2349e-06 1.4721e-07 0.10625 0.0036847 0.0008552 0.0001377 9.4777e-06 5.3901e-06
7.2942e-06 1.534e-07 0.11 0.0036804 0.00085418 0.00013767 9.4347e-06 5.3267e-06
7.3532e-06 1.4275e-07 0.11442 0.0036762 0.00085317 0.00013766 9.4025e-06 5.2708e-06
7.4119e-06 1.3593e-07 0.11967 0.0036721 0.00085218 0.00013767 9.3817e-06 5.2226e-06
7.4702e-06 1.3197e-07 0.12582 0.003668 0.0008512 0.00013769 9.371e-06 5.1813e-06
7.5281e-06 1.0035e-07 0.13309 0.0036641 0.00085024 0.00013772 9.3712e-06 5.1471e-06
7.5857e-06 7.6948e-08 0.14167 0.0036602 0.00084929 0.00013776 9.3819e-06 5.1198e-06
7.643e-06 5.9594e-08 0.15176 0.0036564 0.00084836 0.00013782 9.403e-06 5.0991e-06
7.6997e-06 4.6726e-08 0.16362 0.0036527 0.00084744 0.00013789 9.4344e-06 5.0849e-06
7.7561e-06 3.7209e-08 0.17755 0.0036491 0.00084653 0.00013797 9.4762e-06 5.0771e-06
7.8076e-06 2.6299e-08 0.19075 0.0036454 0.00084562 0.00013804 9.5109e-06 5.0641e-06
7.8542e-06 1.3833e-08 0.20323 0.0036417 0.00084469 0.0001381 9.5381e-06 5.0456e-06
7.9004e-06 4.3856e-09 0.21788 0.0036381 0.00084378 0.00013817 9.5758e-06 5.0334e-06
7.9417e-06 4.0124e-09 0.23175 0.0036345 0.00084286 0.00013823 9.6062e-06 5.016e-06
7.9824e-06 3.7726e-09 0.24787 0.0036309 0.00084195 0.0001383 9.6462e-06 5.0043e-06
8.0224e-06 3.649e-09 0.2666 0.0036274 0.00084105 0.00013838 9.696e-06 4.9985e-06
8.0575e-06 9.9236e-09 0.28429 0.0036239 0.00084014 0.00013845 9.7382e-06 4.9871e-06
8.0923e-06 9.9711e-09 0.30507 0.0036204 0.00083925 0.00013853 9.7911e-06 4.9821e-06
8.1266e-06 1.0486e-08 0.32946 0.0036171 0.00083837 0.00013862 9.8548e-06 4.9834e-06
8.1561e-06 1.0381e-08 0.35258 0.0036137 0.00083748 0.0001387 9.9112e-06 4.9795e-06
8.1807e-06 9.6551e-09 0.37452 0.0036102 0.00083658 0.00013877 9.9604e-06 4.9703e-06
8.2004e-06 8.2848e-09 0.39528 0.0036068 0.00083567 0.00013882 1.0002e-05 4.9556e-06
8.2227e-06 7.3844e-09 0.41963 0.0036034 0.00083477 0.00013557 1.0055e-05 4.9473e-06
8.2444e-06 6.8184e-09 0.42473 0.0036001 0.00083388 0.00013235 1.0117e-05 4.9448e-06
8.2657e-06 6.579e-09 0.43074 0.0035969 0.00083301 0.00012917 9.6809e-06 4.9484e-06
8.2864e-06 6.5978e-09 0.43775 0.0035937 0.00083216 0.00012603 9.2664e-06 4.9577e-06
8.3023e-06 6.0627e-09 0.44439 0.0035905 0.00083129 0.00012287 8.8412e-06 4.9619e-06
8.3133e-06 4.961e-09 0.45069 0.0035873 0.00083041 0.00011969 8.405e-06 4.9609e-06
8.3238e-06 4.1331e-09 0.45806 0.0035841 0.00082954 0.00011656 7.9914e-06 4.9658e-06
8.3296e-06 2.7689e-09 0.46507 0.003581 0.00082867 0.0001134 7.5675e-06 4.9658e-06
8.3347e-06 1.5789e-09 0.4732 0.0035779 0.0008278 0.00011028 7.1639e-06 4.9712e-06
8.3349e-06 3.0464e-09 0.4809 0.0035747 0.00082693 0.00010714 6.7497e-06 4.9715e-06
8.3347e-06 4.8104e-09 0.48991 0.0035717 0.00082607 0.00010404 6.3567e-06 4.9777e-06
8.3297e-06 6.0053e-09 0.49849 0.0035686 0.0008252 0.00010092 5.9537e-06 4.9789e-06
8.3199e-06 6.6416e-09 0.50663 0.0035655 0.00082432 9.7778e-05 5.5406e-06 4.9751e-06
8.3053e-06 6.723e-09 0.51437 0.0035624 0.00082343 9.4623e-05 5.1171e-06 4.9662e-06
8.2903e-06 1.6459e-09 0.52345 0.0035593 0.00082255 9.1505e-05 4.715e-06 4.9634e-06
8.2704e-06 1.4808e-09 0.53204 0.0035562 0.00082166 8.8369e-05 4.3023e-06 4.9553e-06
8.2501e-06 1.2777e-09 0.54211 0.0035532 0.00082079 8.527e-05 3.9101e-06 4.9533e-06
8.2293e-06 1.0182e-09 0.5539 0.0035503 0.00081993 8.2209e-05 3.5373e-06 4.9574e-06
8.2036e-06 3.3374e-09 0.56507 0.0035473 0.00081906 7.9129e-05 3.1544e-06 4.9562e-06
8.1731e-06 5.0534e-09 0.57566 0.0035443 0.00081817 7.603e-05 2.7614e-06 4.9498e-06
8.1421e-06 7.2318e-09 0.58805 0.0035414 0.0008173 7.2968e-05 2.3874e-06 4.9494e-06
8.1106e-06 1.008e-08 0.60256 0.0035385 0.00081645 6.9942e-05 2.0314e-06 4.9552e-06
8.0787e-06 1.3885e-08 0.61958 0.0035357 0.00081561 6.6952e-05 1.6923e-06 4.9672e-06
8.0419e-06 1.6864e-08 0.63571 0.0035329 0.00081475 6.3945e-05 1.3442e-06 4.9739e-06
8.0003e-06 1.904e-08 0.651 0.0035301 0.00081389 6.0918e-05 9.8656e-07 4.9753e-06
7.9581e-06 2.2231e-08 0.66882 0.0035273 0.00081304 5.7927e-05 6.4505e-07 4.9826e-06
7.9109e-06 5.9541e-08 0.68556 0.0035245 0.00081218 5.4914e-05 2.9308e-07 4.9841e-06
7.8506e-06 9.228e-08 0.70134 0.0035217 0.00081131 5.5074e-05 2.6145e-07 4.9796e-06
7.7852e-06 1.2089e-07 0.71618 0.0035188 0.00081042 5.5221e-05 2.2559e-07 4.9692e-06
7.7196e-06 1.6052e-07 0.7337 0.003516 0.00080955 5.5375e-05 1.8986e-07 4.9656e-06
7.6489e-06 1.9536e-07 0.75023 0.0035132 0.00080867 5.5517e-05 2.3907e-07 4.9563e-06
7.5731e-06 2.2579e-07 0.76581 0.0035104 0.00080777 5.5648e-05 2.8392e-07 4.9408e-06
7.4922e-06 2.5232e-07 0.7805 0.0035075 0.00080687 5.5766e-05 3.2445e-07 4.9194e-06
7.4109e-06 2.5173e-07 0.79762 0.0035047 0.00080598 5.5889e-05 3.6535e-07 4.9043e-06
7.3294e-06 2.5081e-07 0.81777 0.0035019 0.0008051 5.602e-05 4.0701e-07 4.8962e-06
7.2478e-06 2.4955e-07 0.84153 0.0034993 0.00080424 5.6156e-05 4.4957e-07 4.8951e-06
7.161e-06 2.4795e-07 0.86391 0.0034966 0.00080336 5.6281e-05 4.8762e-07 4.8878e-06
7.0741e-06 2.5038e-07 0.89028 0.003494 0.0008025 5.6412e-05 5.267e-07 4.8875e-06
6.982e-06 2.5084e-07 0.91518 0.0034913 0.00080163 5.6531e-05 5.6127e-07 4.8812e-06
6.8847e-06 2.4928e-07 0.93868 0.0034886 0.00080075 5.6638e-05 5.913e-07 4.8688e-06
6.7822e-06 2.4555e-07 0.96086 0.0034859 0.00079985 5.6732e-05 6.1671e-07 4.8501e-06
6.6742e-06 2.3923e-07 0.98167 0.0034832 0.00079894 5.6814e-05 6.3728e-07 4.8244e-06
6.5664e-06 2.3759e-07 0.98642 0.0034805 0.00079805 5.6902e-05 6.5919e-07 4.8066e-06
6.4592e-06 2.4065e-07 0.98755 0.0034779 0.00079717 5.7001e-05 6.83e-07 4.7977e-06
6.3523e-06 2.4846e-07 0.98892 0.0034754 0.00079632 5.7108e-05 7.0857e-07 4.7972e-06
6.2461e-06 2.3793e-07 0.99062 0.003473 0.00079548 5.7225e-05 7.3649e-07 4.8058e-06
6.1406e-06 2.3307e-07 0.99272 0.0034708 0.00079466 5.7352e-05 7.6698e-07 4.8239e-06
6.0289e-06 2.2513e-07 0.99462 0.0034684 0.00079383 5.7463e-05 7.9161e-07 4.8334e-06
5.9181e-06 2.227e-07 0.99514 0.0034662 0.00079302 5.7586e-05 8.1912e-07 4.8529e-06
5.8012e-06 2.1726e-07 0.9956 0.0034639 0.00079219 5.7692e-05 8.4069e-07 4.8637e-06
5.678e-06 2.0833e-07 0.99601 0.0034616 0.00079133 5.7782e-05 8.5612e-07 4.8653e-06
5.5558e-06 2.0518e-07 0.99609 0.0034594 0.00079051 5.7883e-05 8.7469e-07 4.8791e-06
5.4274e-06 2.3841e-07 0.99615 0.0034571 0.00078966 5.7968e-05 8.8722e-07 4.884e-06
5.2928e-06 2.6376e-07 0.9962 0.0034549 0.00078884 5.8037e-05 8.9361e-07 4.8798e-06
5.159e-06 3.0404e-07 0.99628 0.0034529 0.00078804 5.8116e-05 9.0291e-07 4.8856e-06
5.019e-06 3.3595e-07 0.99635 0.0034508 0.00078722 5.818e-05 9.0622e-07 4.8825e-06
4.8795e-06 3.8452e-07 0.99646 0.0034487 0.00078641 5.8253e-05 9.1199e-07 4.8886e-06
4.734e-06 4.2367e-07 0.99655 0.0034467 0.0007856 5.8311e-05 9.1196e-07 4.8862e-06
4.5826e-06 4.5511e-07 0.99663 0.0034445 0.00078476 5.8353e-05 9.0614e-07 4.8754e-06
4.4316e-06 5.0314e-07 0.99675 0.0034425 0.00078395 5.8405e-05 9.0279e-07 4.8737e-06
4.2746e-06 5.4179e-07 0.99685 0.0034404 0.00078311 5.8441e-05 8.9359e-07 4.8635e-06
4.1183e-06 5.462e-07 0.997 0.0034384 0.0007823 5.8488e-05 8.8733e-07 4.8634e-06
3.9561e-06 5.4618e-07 0.99713 0.0034364 0.00078147 5.852e-05 8.7513e-07 4.8545e-06
3.7876e-06 5.4163e-07 0.99724 0.0034343 0.00078063 5.8535e-05 8.5692e-07 4.8368e-06
3.6199e-06 5.4507e-07 0.99719 0.0034323 0.0007798 5.8561e-05 8.4147e-07 4.8288e-06
3.4458e-06 5.4366e-07 0.99711 0.0034302 0.00077895 5.857e-05 8.1973e-07 4.8113e-06
3.2726e-06 5.511e-07 0.99708 0.0034282 0.00077813 5.8591e-05 8.0121e-07 4.8046e-06
3.1006e-06 5.348e-07 0.99708 0.0034264 0.00077733 5.8624e-05 7.8588e-07 4.8089e-06
2.9295e-06 4.7195e-07 0.99712 0.0034247 0.00077655 5.867e-05 7.737e-07 4.8243e-06
2.7593e-06 4.352e-07 0.99699 0.003423 0.0007758 5.8729e-05 7.646e-07 4.851e-06
2.5829e-06 3.8754e-07 0.99684 0.0034214 0.00077502 5.8771e-05 7.4934e-07 4.868e-06
2.4002e-06 3.2618e-07 0.99667 0.0034196 0.00077423 5.8795e-05 7.2789e-07 4.8754e-06
2.211e-06 2.4647e-07 0.99646 0.0034178 0.00077342 5.8801e-05 7.0002e-07 4.8727e-06
2.0224e-06 1.9613e-07 0.99632 0.0034161 0.00077262 5.8819e-05 6.7494e-07 4.8804e-06
1.8274e-06 1.302e-07 0.99614 0.0034143 0.00077181 5.8819e-05 6.4343e-07 4.8779e-06
1.6254e-06 1.0952e-07 0.9958 0.0034126 0.00077102 5.8799e-05 6.6244e-07 4.7736e-06
1.6702e-06 8.1999e-08 0.9954 0.0034109 0.00077022 5.8717e-05 6.7536e-07 4.6578e-06
1.7137e-06 6.5554e-08 0.9951 0.0034093 0.00076943 5.8649e-05 6.9112e-07 4.5562e-06
1.7519e-06 4.3649e-08 0.99476 0.0034076 0.00076863 5.8563e-05 7.0078e-07 4.4434e-06
1.7849e-06 1.4864e-08 0.99437 0.0034059 0.00076781 5.8459e-05 7.0438e-07 4.3193e-06
1.8125e-06 1.1168e-08 0.99391 0.0034041 0.00076696 5.8337e-05 7.0176e-07 4.1829e-06
1.8387e-06 9.0098e-09 0.99245 0.0034023 0.00076614 5.8227e-05 7.0157e-07 4.0602e-06
1.8636e-06 7.9883e-09 0.99133 0.0034007 0.00076534 5.8131e-05 7.0415e-07 3.9514e-06
1.8832e-06 5.9025e-09 0.99005 0.0033991 0.00076452 5.8016e-05 7.0069e-07 3.8315e-06
1.9015e-06 4.7603e-09 0.98907 0.0033975 0.00076373 5.7915e-05 7.0001e-07 3.7252e-06
1.9145e-06 2.6185e-09 0.98794 0.0033959 0.00076291 5.7795e-05 6.931e-07 3.6075e-06
1.9222e-06 3.3587e-09 0.98664 0.0033942 0.00076207 5.7658e-05 6.8012e-07 3.4788e-06
1.9286e-06 4.6769e-09 0.98565 0.0033927 0.00076126 5.7534e-05 6.6995e-07 3.3637e-06
1.9337e-06 7.2399e-09 0.98264 0.003391 0.00076043 5.7422e-05 6.6321e-07 3.263e-06
1.9374e-06 1.1667e-08 0.98034 0.0033895 0.00075961 5.7323e-05 6.5916e-07 3.1741e-06
1.9399e-06 1.897e-08 0.97336 0.003388 0.00075882 5.7237e-05 6.5777e-07 3.0963e-06
1.941e-06 3.0597e-08 0.96791 0.0033867 0.00075806 5.7162e-05 6.5865e-07 3.0281e-06
1.9408e-06 4.9757e-08 0.96372 0.0033855 0.00075731 5.7101e-05 6.6216e-07 2.9698e-06
1.9066e-06 6.8259e-08 0.94733 0.0033808 0.0007543 5.6826e-05 6.4896e-07 2.7172e-06
1.888e-06 7.0122e-08 0.94159 0.0033794 0.0007535 5.6738e-05 6.3061e-07 2.6314e-06
1.8641e-06 6.9857e-08 0.93498 0.003378 0.00075268 5.6632e-05 6.062e-07 2.5363e-06
1.8349e-06 6.8419e-08 0.92733 0.0033765 0.00075183 5.6508e-05 5.7551e-07 2.4312e-06
1.8044e-06 5.6426e-08 0.92146 0.0033751 0.00075101 5.6397e-05 5.4767e-07 2.3369e-06
1.7726e-06 4.9626e-08 0.91695 0.0033738 0.00075022 5.6299e-05 5.2244e-07 2.2525e-06
1.107e-06 1.0671e-07 0.85648 0.0033616 0.00074053 5.5163e-05 4.9808e-07 1.3632e-06
1.0358e-06 9.857e-08 0.85273 0.003361 0.00073983 5.5084e-05 5.5669e-07 1.3061e-06
9.632e-07 6.8891e-08 0.84986 0.0033605 0.00073915 5.5017e-05 6.1969e-07 1.255e-06
1.0744e-06 6.7289e-08 0.84656 0.0033599 0.00073846 5.4923e-05 6.7579e-07 1.197e-06
1.1847e-06 6.8557e-08 0.84402 0.0033594 0.00073778 5.4842e-05 7.3626e-07 1.1447e-06
1.2939e-06 6.0246e-08 0.84204 0.003359 0.00073713 5.477e-05 8.0093e-07 1.097e-06
1.3977e-06 4.9082e-08 0.83977 0.0033586 0.00073645 5.4682e-05 8.5871e-07 1.043e-06
1.5003e-06 4.1905e-08 0.83799 0.0033582 0.0007358 5.4604e-05 9.2043e-07 9.9313e-07
1.5975e-06 3.2367e-08 0.83596 0.0033579 0.00073513 5.451e-05 9.7544e-07 9.3725e-07
1.6937e-06 2.6283e-08 0.83438 0.0033575 0.00073447 5.4426e-05 1.0348e-06 8.8569e-07
1.7888e-06 2.2509e-08 0.83318 0.0033573 0.00073384 5.4351e-05 1.099e-06 8.381e-07
1.8786e-06 1.7235e-08 0.8318 0.0033571 0.00073319 5.4262e-05 1.1562e-06 7.8479e-07
1.9672e-06 1.3746e-08 0.82629 0.0033412 0.00073261 5.4181e-05 1.2179e-06 7.3492e-07
2.0546e-06 1.1469e-08 0.82178 0.0033254 0.00073205 5.4109e-05 1.2842e-06 6.8813e-07
2.1409e-06 1.0143e-08 0.81812 0.0033098 0.0007315 5.4046e-05 1.3559e-06 6.4445e-07
2.2221e-06 7.936e-09 0.8141 0.0032942 0.00073094 5.3969e-05 1.4207e-06 5.9571e-07
2.2972e-06 6.5213e-09 0.81085 0.0032788 0.0007304 5.3872e-05 1.4911e-06 5.4991e-07
2.3712e-06 5.6699e-09 0.80822 0.0032635 0.00072988 5.3785e-05 1.5675e-06 5.0675e-07
2.444e-06 5.2128e-09 0.80605 0.0032484 0.00072937 5.3706e-05 1.6496e-06 4.6565e-07
2.5157e-06 5.1104e-09 0.80429 0.0032335 0.00072888 5.3635e-05 1.7378e-06 4.2641e-07
2.582e-06 4.3109e-09 0.80235 0.0032186 0.00072837 5.3549e-05 1.8182e-06 3.8243e-07
2.6474e-06 3.8947e-09 0.79402 0.0032038 0.00072788 5.3472e-05 1.9058e-06 3.4053e-07
2.7074e-06 2.7942e-09 0.78498 0.0031889 0.00072738 5.3381e-05 1.9853e-06 2.9393e-07
2.7665e-06 2.0192e-09 0.77753 0.0031742 0.00072689 5.3298e-05 2.0723e-06 2.4931e-07
2.8245e-06 1.4152e-09 0.74637 0.0031597 0.00072642 5.3225e-05 2.1666e-06 2.0619e-07
2.8815e-06 8.9981e-10 0.72014 0.0031453 0.00072597 5.3159e-05 2.2687e-06 1.6435e-07
2.9331e-06 2.0819e-09 0.69172 0.0031309 0.0007255 5.3079e-05 2.3619e-06 1.1802e-07
3.525e-06 2.5852e-09 0.68781 0.0031164 0.00072501 5.2896e-05 2.4345e-06 1.262e-07
4.1239e-06 3.33e-09 0.68461 0.003102 0.00072454 5.2723e-05 2.5145e-06 1.338e-07
4.7148e-06 3.4617e-09 0.68113 0.0030876 0.00072406 5.2535e-05 2.587e-06 1.3806e-07
5.3121e-06 3.8555e-09 0.67827 0.0030734 0.00072359 5.2356e-05 2.6662e-06 1.416e-07
5.9146e-06 4.4454e-09 0.67586 0.0030593 0.00072314 5.2181e-05 2.7513e-06 1.442e-07
6.5227e-06 5.3079e-09 0.67386 0.0030453 0.00072269 5.2013e-05 2.8426e-06 1.459e-07
7.1243e-06 5.5937e-09 0.67173 0.0030313 0.00072224 5.1834e-05 2.9277e-06 1.4455e-07
7.7304e-06 6.1149e-09 0.66993 0.0030174 0.0007218 5.1658e-05 3.0182e-06 1.421e-07
8.3302e-06 6.0704e-09 0.66802 0.0030035 0.00072135 5.1472e-05 3.1028e-06 1.3665e-07
8.9238e-06 5.4641e-09 0.66599 0.0029895 0.00072088 5.1275e-05 3.1816e-06 1.2821e-07
9.5223e-06 5.1144e-09 0.66431 0.0029757 0.00072043 5.1083e-05 3.2661e-06 1.1873e-07
1.0126e-05 4.9868e-09 0.66293 0.002962 0.00071999 5.0896e-05 3.3566e-06 1.0817e-07
1.0735e-05 5.0706e-09 0.66181 0.0029484 0.00071956 5.0713e-05 3.4534e-06 9.6507e-08
1.1337e-05 4.6254e-09 0.66062 0.0029348 0.00071912 5.0519e-05 3.5443e-06 8.1911e-08
1.1944e-05 4.3487e-09 0.65966 0.0029213 0.0007187 5.033e-05 3.6411e-06 6.6099e-08
1.2545e-05 3.5359e-09 0.65862 0.0029078 0.00071826 5.013e-05 3.7317e-06 9.8939e-08
1.314e-05 2.1779e-09 0.66109 0.0028942 0.00071781 4.9919e-05 3.8164e-06 1.2859e-07
1.3729e-05 3.973e-09 0.66343 0.0028806 0.00071735 4.9697e-05 3.8951e-06 1.551e-07
1.4311e-05 5.2077e-09 0.66564 0.002867 0.00071688 4.9465e-05 3.9681e-06 1.7849e-07
1.4888e-05 5.8854e-09 0.66772 0.0028533 0.00071641 4.9223e-05 4.0352e-06 1.9875e-07
1.5469e-05 6.863e-09 0.6702 0.0028398 0.00071594 4.8985e-05 4.1086e-06 2.185e-07
1.6056e-05 8.2234e-09 0.67313 0.0028263 0.00071548 4.8751e-05 4.1882e-06 2.3781e-07
1.6647e-05 1.0026e-08 0.67321 0.002813 0.00071504 4.8521e-05 4.2739e-06 2.5659e-07
1.7244e-05 1.2477e-08 0.67348 0.0027998 0.0007146 4.8296e-05 4.3664e-06 2.7503e-07
1.7846e-05 1.5786e-08 0.67394 0.0027868 0.00071418 4.8074e-05 4.4659e-06 2.9316e-07
1.8442e-05 1.835e-08 0.67434 0.0027737 0.00071375 4.7843e-05 4.5595e-06 3.0814e-07
1.9032e-05 2.0169e-08 0.67468 0.0027605 0.00071331 4.7601e-05 4.647e-06 3.1993e-07
1.9627e-05 2.2929e-08 0.67521 0.0027475 0.00071287 4.7363e-05 4.7417e-06 3.3143e-07
2.0228e-05 1.8514e-08 0.67594 0.0027346 0.00071245 4.7128e-05 4.8431e-06 3.4255e-07
2.0834e-05 1.5286e-08 0.67689 0.0027218 0.00071204 4.6898e-05 4.9523e-06 3.5345e-07
2.1446e-05 1.2966e-08 0.67809 0.0027092 0.00071164 4.6672e-05 5.0695e-06 3.6418e-07
2.2064e-05 1.129e-08 0.67955 0.0026966 0.00071125 4.645e-05 5.1943e-06 3.746e-07
2.2675e-05 8.9351e-09 0.68092 0.0026841 0.00071086 4.6217e-05 5.3126e-06 3.8178e-07
2.3292e-05 7.1868e-09 0.68258 0.0026716 0.00071047 4.5988e-05 5.4396e-06 3.8884e-07
2.3915e-05 5.8955e-09 0.68459 0.0026592 0.00071009 4.5763e-05 5.5757e-06 3.9582e-07
2.4545e-05 4.9527e-09 0.687 0.002647 0.00070973 4.5543e-05 5.7215e-06 4.0279e-07
2.5181e-05 4.285e-09 0.68987 0.0026349 0.00070937 4.5327e-05 5.8776e-06 4.0979e-07
2.5811e-05 3.0534e-09 0.69256 0.0026228 0.00070901 4.51e-05 6.0262e-06 4.1341e-07
2.6434e-05 5.6189e-09 0.69508 0.0026106 0.00070863 4.4861e-05 6.1666e-06 4.1349e-07
2.6476e-05 7.4523e-09 0.69741 0.0025983 0.00070825 4.5137e-05 6.2985e-06 4.0998e-07
2.6521e-05 9.9173e-09 0.7002 0.0025862 0.00070787 4.5418e-05 6.441e-06 4.0657e-07
2.656e-05 1.16e-08 0.70279 0.002574 0.00070748 4.5686e-05 6.5749e-06 3.9957e-07
2.6592e-05 1.2516e-08 0.70521 0.002562 0.00070711 4.5943e-05 6.7003e-06 3.8896e-07
2.6627e-05 1.4095e-08 0.70808 0.00255 0.00070674 4.6205e-05 6.8364e-06 3.7847e-07
2.6665e-05 1.649e-08 0.71149 0.0025382 0.00070639 4.6472e-05 6.9835e-06 3.6806e-07
2.6705e-05 1.9968e-08 0.71554 0.0025265 0.00070606 4.6744e-05 7.1423e-06 3.5773e-07
2.6739e-05 2.2468e-08 0.71932 0.0025148 0.00070571 4.7004e-05 7.2922e-06 3.4383e-07
2.6767e-05 2.399e-08 0.72283 0.002503 0.00070534 4.7251e-05 7.4327e-06 3.2624e-07
2.6798e-05 2.6725e-08 0.72702 0.0024913 0.00070499 4.7505e-05 7.5858e-06 3.0889e-07
2.6822e-05 2.8314e-08 0.73087 0.0024796 0.00070463 4.7745e-05 7.7282e-06 2.8764e-07
2.6837e-05 2.5803e-08 0.73989 0.002468 0.00070428 4.7968e-05 7.6818e-06 2.9225e-07
2.6857e-05 2.4821e-08 0.7421 0.0024566 0.00070395 4.8201e-05 7.6485e-06 2.9728e-07
2.6881e-05 1.8311e-08 0.74484 0.0024451 0.00070361 4.8441e-05 7.6273e-06 3.0257e-07
2.691e-05 1.3947e-08 0.74826 0.0024337 0.00070328 4.869e-05 7.6183e-06 3.0823e-07
2.6931e-05 8.3026e-09 0.75137 0.0024223 0.00070293 4.8926e-05 7.5999e-06 3.1013e-07
2.6956e-05 4.3118e-09 0.75521 0.002411 0.0007026 4.9169e-05 7.5933e-06 3.1232e-07
2.6975e-05 5.1591e-09 0.75872 0.0023996 0.00070226 4.9399e-05 7.5774e-06 3.1079e-07
2.6997e-05 6.5341e-09 0.76302 0.0023884 0.00070193 4.9636e-05 7.5731e-06 3.095e-07
2.7013e-05 7.5612e-09 0.76699 0.0023772 0.00070159 4.9861e-05 7.5599e-06 3.0457e-07
2.7031e-05 8.2405e-09 0.77169 0.002366 0.00070126 5.0091e-05 7.5564e-06 2.9949e-07
2.7053e-05 8.5719e-09 0.77722 0.002355 0.00070095 5.0327e-05 7.5621e-06 2.9419e-07
2.7077e-05 9.3394e-09 0.78371 0.002344 0.00070065 5.0569e-05 7.5768e-06 2.8858e-07
2.7095e-05 9.4358e-09 0.78982 0.0023331 0.00070033 5.0798e-05 7.5839e-06 2.796e-07
2.7106e-05 8.8676e-09 0.79558 0.0023221 0.0007 5.1016e-05 7.5833e-06 2.6725e-07
2.7121e-05 8.717e-09 0.80229 0.0023112 0.00069969 5.1238e-05 7.5915e-06 2.5453e-07
2.7137e-05 8.9616e-09 0.8101 0.0023004 0.00069939 5.1466e-05 7.6085e-06 2.4142e-07
2.7157e-05 9.6269e-09 0.81919 0.0022897 0.00069909 5.1699e-05 7.6343e-06 2.2786e-07
2.717e-05 9.6272e-09 0.82778 0.0022789 0.00069879 5.192e-05 7.6525e-06 2.1097e-07
2.7177e-05 9.1205e-09 0.83591 0.0022681 0.00069847 5.2129e-05 7.6631e-06 1.9077e-07
2.7187e-05 9.0458e-09 0.84537 0.0022575 0.00069817 5.2344e-05 7.6828e-06 1.7015e-07
2.7199e-05 9.3982e-09 0.85637 0.0022469 0.00069788 5.2564e-05 7.7117e-06 1.4906e-07
2.7215e-05 1.029e-08 0.85868 0.0022365 0.0006976 5.2791e-05 7.7508e-06 1.2758e-07
2.7224e-05 1.049e-08 0.86085 0.002226 0.00069731 5.3005e-05 7.7821e-06 1.0282e-07
2.7236e-05 1.1221e-08 0.86341 0.0022156 0.00069703 5.3226e-05 7.823e-06 7.75e-08
2.7242e-05 1.1213e-08 0.86582 0.0022051 0.00069674 5.3434e-05 7.8555e-06 1.0038e-07
2.725e-05 1.1777e-08 0.86605 0.0021948 0.00069646 5.3648e-05 7.8979e-06 1.2262e-07
2.7262e-05 1.307e-08 0.86643 0.0021846 0.0006962 5.3868e-05 7.9512e-06 1.4445e-07
2.7268e-05 1.3571e-08 0.86676 0.0021743 0.00069592 5.4077e-05 7.9963e-06 1.6295e-07
2.7267e-05 1.3296e-08 0.86703 0.002164 0.00069563 5.4273e-05 8.0331e-06 1.7815e-07
2.726e-05 1.2232e-08 0.86726 0.0021537 0.00069533 5.4457e-05 8.0615e-06 1.9002e-07
2.7246e-05 1.0333e-08 0.86743 0.0021433 0.00069502 5.4628e-05 8.0813e-06 1.9855e-07
2.7226e-05 7.473e-09 0.86754 0.0021328 0.00069469 5.4787e-05 8.0919e-06 2.0364e-07
2.721e-05 5.5093e-09 0.8678 0.0021225 0.00069438 5.4952e-05 8.114e-06 2.0835e-07
2.7197e-05 4.196e-09 0.86823 0.0021123 0.00069408 5.5126e-05 8.1487e-06 2.1285e-07
2.7189e-05 3.4979e-09 0.86757 0.0021022 0.0006938 5.5311e-05 8.1978e-06 2.1741e-07
2.7187e-05 3.2152e-09 0.86472 0.002092 0.0006935 5.5507e-05 8.2632e-06 2.2227e-07
2.7191e-05 3.2585e-09 0.85415 0.002082 0.00069322 5.5715e-05 8.3453e-06 2.2745e-07
2.72e-05 3.6057e-09 0.84547 0.0020719 0.00069292 5.5934e-05 8.4432e-06 2.3279e-07
2.7213e-05 4.2969e-09 0.811 0.0020619 0.00069264 5.6163e-05 8.5571e-06 2.3827e-07
2.7231e-05 5.4974e-09 0.78246 0.0020521 0.00069237 5.6403e-05 8.6886e-06 2.4403e-07
2.7242e-05 5.9136e-09 0.75277 0.0020422 0.00069209 5.6627e-05 8.8069e-06 2.4591e-07
2.7257e-05 6.8473e-09 0.72799 0.0020324 0.00069182 5.6861e-05 8.9416e-06 2.4788e-07
2.7265e-05 7.2453e-09 0.70146 0.0020226 0.00069154 5.7081e-05 9.0651e-06 2.4624e-07
2.7277e-05 8.137e-09 0.67908 0.0020129 0.00069128 5.7309e-05 9.203e-06 2.4439e-07
2.7282e-05 8.3689e-09 0.65537 0.0020031 0.000691 5.7525e-05 9.3318e-06 2.3923e-07
2.729e-05 9.0571e-09 0.63521 0.0019935 0.00069073 5.7747e-05 9.4738e-06 2.3365e-07
2.7293e-05 9.1025e-09 0.61388 0.0019838 0.00069046 5.7958e-05 9.6071e-06 2.2482e-07
2.7298e-05 9.5952e-09 0.5957 0.0019742 0.00069019 5.8175e-05 9.7533e-06 2.1549e-07
2.7305e-05 1.0577e-08 0.58018 0.0019647 0.00068994 5.8398e-05 9.9128e-06 2.0559e-07
2.7307e-05 1.0923e-08 0.56383 0.0019551 0.00068968 5.861e-05 1.0064e-05 1.9255e-07
2.7312e-05 1.1736e-08 0.54974 0.0019457 0.00068942 5.8827e-05 1.0228e-05 1.788e-07
2.7319e-05 1.3157e-08 0.53771 0.0019363 0.00068918 5.905e-05 1.0405e-05 1.644e-07
2.732e-05 1.3876e-08 0.525 0.0019269 0.00068893 5.9262e-05 1.0574e-05 1.4685e-07
2.7323e-05 1.4248e-08 0.51417 0.0019176 0.00068869 5.948e-05 1.0757e-05 1.2865e-07
2.7321e-05 1.4273e-08 0.50274 0.0019083 0.00068844 5.9686e-05 1.0931e-05 1.0732e-07
2.7314e-05 1.3951e-08 0.49064 0.001899 0.00068818 5.9882e-05 1.1096e-05 8.2841e-08
2.73e-05 1.2916e-08 0.47779 0.0018896 0.00068791 6.0065e-05 1.1253e-05 5.518e-08
2.7289e-05 1.2575e-08 0.46698 0.0018801 0.00068762 6.0256e-05 1.1424e-05 2.6968e-08
2.7273e-05 1.1516e-08 0.45544 0.0018706 0.00068732 6.0435e-05 1.1586e-05 3.1635e-08
2.7259e-05 1.1026e-08 0.44564 0.0018612 0.00068704 6.0619e-05 1.1763e-05 3.4553e-08
2.7248e-05 1.1118e-08 0.43741 0.0018519 0.00068676 6.0812e-05 1.1956e-05 3.5791e-08
2.723e-05 1.0493e-08 0.42858 0.0018426 0.00068648 6.0991e-05 1.2139e-05 9.0828e-08
2.7216e-05 1.0445e-08 0.42119 0.0018333 0.0006862 6.1178e-05 1.2339e-05 1.4701e-07
2.7196e-05 9.6812e-09 0.41324 0.0018241 0.00068592 6.1353e-05 1.2528e-05 1.9922e-07
2.7179e-05 9.4281e-09 0.40654 0.0018149 0.00068565 6.1534e-05 1.2734e-05 2.5252e-07
2.7154e-05 8.4433e-09 0.39929 0.0018057 0.00068536 6.1702e-05 1.2927e-05 3.0169e-07
2.7134e-05 8.0837e-09 0.39333 0.0017965 0.00068509 6.1879e-05 1.3141e-05 3.5253e-07
2.7117e-05 8.2019e-09 0.38836 0.0017875 0.00068483 6.2064e-05 1.3374e-05 4.0504e-07
2.7093e-05 7.5884e-09 0.38295 0.0017784 0.00068456 6.2235e-05 1.3594e-05 4.5311e-07
2.7062e-05 6.172e-09 0.37727 0.0017693 0.00068427 6.2391e-05 1.3799e-05 4.9654e-07
2.7035e-05 5.2977e-09 0.35489 0.0017603 0.000684 6.2556e-05 1.4025e-05 5.4194e-07
2.7012e-05 4.8789e-09 0.33655 0.0017514 0.00068375 6.2732e-05 1.4276e-05 5.8985e-07
2.6993e-05 4.8545e-09 0.32151 0.0017426 0.00068351 6.2918e-05 1.4552e-05 6.406e-07
2.6979e-05 5.2491e-09 0.30922 0.0017339 0.00068329 6.3115e-05 1.4857e-05 6.9453e-07
2.6958e-05 4.9194e-09 0.29571 0.0017252 0.00068305 6.3297e-05 1.5143e-05 7.4322e-07
2.6928e-05 3.8034e-09 0.28058 0.0017164 0.0006828 6.3461e-05 1.541e-05 7.864e-07
2.6904e-05 3.2155e-09 0.23125 0.0017077 0.00068257 6.3639e-05 1.5719e-05 7.4792e-07
2.6872e-05 1.8544e-09 0.22396 0.001699 0.00068231 6.38e-05 1.5996e-05 8.4365e-07
2.6831e-05 2.8673e-09 0.21561 0.0016901 0.00068204 6.3943e-05 1.6251e-05 9.3189e-07
2.6795e-05 4.3208e-09 0.209 0.0016815 0.00068179 6.4097e-05 1.6535e-05 1.0265e-06
2.675e-05 1.7682e-08 0.20144 0.0016727 0.00068152 6.4234e-05 1.6798e-05 1.1136e-06
2.6697e-05 2.8349e-08 0.19281 0.0016638 0.00068123 6.4354e-05 1.704e-05 1.1934e-06
2.6648e-05 4.3774e-08 0.18596 0.0016551 0.00068096 6.4484e-05 1.7311e-05 1.1659e-06
2.6592e-05 5.6292e-08 0.17815 0.0016463 0.00068067 6.4598e-05 1.7562e-05 1.1324e-06
2.654e-05 7.4217e-08 0.17194 0.0016376 0.0006804 6.4723e-05 1.7841e-05 1.1026e-06
2.648e-05 9.0405e-08 0.1649 0.0016289 0.00068011 6.4831e-05 1.8101e-05 1.0671e-06
2.6425e-05 1.1389e-07 0.15938 0.0016203 0.00067984 6.4952e-05 1.8391e-05 1.0355e-06
2.6375e-05 1.477e-07 0.15504 0.0016118 0.00067959 6.5085e-05 1.8714e-05 1.0076e-06
2.6331e-05 1.9643e-07 0.15162 0.0016034 0.00067936 6.5231e-05 1.9072e-05 9.8319e-07
2.6291e-05 2.0702e-07 0.14888 0.0015951 0.00067914 6.5388e-05 1.9463e-05 9.618e-07
2.6257e-05 2.0263e-07 0.14673 0.001587 0.00067895 6.5558e-05 1.9893e-05 9.4361e-07
2.6228e-05 2.0207e-07 0.14504 0.001579 0.00067877 6.5741e-05 2.0363e-05 9.2846e-07
2.6203e-05 2.0527e-07 0.14373 0.001571 0.00067861 6.5935e-05 2.0876e-05 9.1621e-07
2.6184e-05 2.1287e-07 0.14271 0.0015632 0.00067847 6.6143e-05 2.1435e-05 9.0677e-07
2.6169e-05 2.2635e-07 0.14195 0.0015556 0.00067834 6.6362e-05 2.2042e-05 9.001e-07
2.6159e-05 2.4916e-07 0.14139 0.001548 0.00067824 6.6593e-05 2.2699e-05 8.9584e-07
2.6141e-05 2.67e-07 0.14073 0.0015403 0.00067811 6.6808e-05 2.3327e-05 8.8659e-07
2.6128e-05 2.6489e-07 0.14028 0.0015328 0.00067801 6.7035e-05 2.4008e-05 8.8004e-07
2.6108e-05 2.6005e-07 0.13973 0.0015252 0.00067789 6.7246e-05 2.466e-05 8.6854e-07
2.6091e-05 2.5996e-07 0.13936 0.0015177 0.00067778 6.7468e-05 2.5363e-05 8.5935e-07
2.6067e-05 2.5713e-07 0.1389 0.0015102 0.00067766 6.7674e-05 2.6037e-05 8.4522e-07
2.6035e-05 2.5152e-07 0.13835 0.0015026 0.00067752 6.7864e-05 2.6682e-05 8.2611e-07
2.6008e-05 2.1584e-07 0.138 0.0014951 0.0006774 6.8066e-05 2.7382e-05 8.0971e-07
2.5973e-05 1.7305e-07 0.13755 0.0014875 0.00067727 6.8252e-05 2.8052e-05 7.883e-07
2.5944e-05 1.2995e-07 0.13512 0.00148 0.00067715 6.8451e-05 2.8779e-05 7.6961e-07
2.5919e-05 8.6553e-08 0.13317 0.0014727 0.00067705 6.8662e-05 2.9569e-05 7.535e-07
2.5899e-05 4.2845e-08 0.13162 0.0014655 0.00067697 6.8887e-05 2.9611e-05 7.3991e-07
2.5884e-05 1.2562e-08 0.13037 0.0014583 0.00067691 6.9124e-05 2.968e-05 7.284e-07
2.586e-05 9.2498e-09 0.12898 0.0014511 0.00067682 6.9344e-05 2.9731e-05 7.1204e-07
2.5842e-05 7.0874e-09 0.12312 0.0014441 0.00067676 6.9576e-05 2.9811e-05 6.9799e-07
2.5828e-05 5.7454e-09 0.11823 0.0014371 0.00067672 6.9821e-05 2.9919e-05 6.858e-07
2.5818e-05 4.9092e-09 0.11417 0.0014302 0.00067669 7.0077e-05 3.0055e-05 6.7551e-07
2.5812e-05 4.4528e-09 0.11078 0.0014233 0.00067667 7.0345e-05 3.022e-05 6.6696e-07
2.58e-05 3.3547e-09 0.10715 0.0014165 0.00067665 7.0599e-05 3.0369e-05 6.5409e-07
2.5791e-05 2.5226e-09 0.10408 0.0014097 0.00067663 7.0862e-05 3.0543e-05 6.4255e-07
2.5785e-05 1.8881e-09 0.10152 0.001403 0.00067663 7.1136e-05 3.0747e-05 6.3252e-07
2.5784e-05 1.3429e-09 0.099359 0.0013964 0.00067665 7.142e-05 3.0977e-05 6.237e-07
2.5785e-05 8.3045e-10 0.097538 0.0013899 0.00067668 7.1715e-05 3.1237e-05 6.1606e-07
2.578e-05 2.0184e-09 0.095579 0.0013834 0.0006767 7.1995e-05 3.1479e-05 6.0421e-07
2.5779e-05 2.6089e-09 0.09347 0.0013767 0.0006767 7.2287e-05 3.1704e-05 5.8815e-07
2.5771e-05 2.613e-09 0.09119 0.0013701 0.00067669 7.2564e-05 3.1911e-05 5.6778e-07
2.5766e-05 2.754e-09 0.08095 0.0013635 0.00067669 7.2851e-05 3.2147e-05 5.486e-07
2.5765e-05 3.0326e-09 0.072222 0.001357 0.0006767 7.3148e-05 3.2411e-05 5.3049e-07
2.5767e-05 3.5124e-09 0.064856 0.0013506 0.00067674 7.3456e-05 3.2706e-05 5.1357e-07
2.5773e-05 4.2197e-09 0.058565 0.0013443 0.00067678 7.3775e-05 3.3033e-05 4.9754e-07
2.5782e-05 5.306e-09 0.053251 0.001338 0.00067684 7.4104e-05 3.3394e-05 4.8256e-07
2.5785e-05 5.715e-09 0.047591 0.0013317 0.00067688 7.4419e-05 3.3736e-05 4.6358e-07
2.5779e-05 6.5834e-09 0.042834 0.0013255 0.00067695 7.4714e-05 3.4114e-05 4.4566e-07
2.5765e-05 6.7243e-09 0.037731 0.0013192 0.00067699 7.4994e-05 3.4481e-05 4.2363e-07
2.5755e-05 7.3104e-09 0.0334 0.001313 0.00067705 7.5284e-05 3.4882e-05 4.0239e-07
2.5738e-05 7.1761e-09 0.028907 0.0013068 0.0006771 7.5559e-05 3.5264e-05 3.7716e-07
2.5714e-05 6.32e-09 0.024098 0.0013005 0.00067713 7.5819e-05 3.5626e-05 3.4792e-07
2.5693e-05 5.9024e-09 0.020021 0.0012943 0.00067718 7.609e-05 3.6023e-05 3.1944e-07
2.5676e-05 5.8585e-09 0.016562 0.0012882 0.00067724 7.6371e-05 3.6456e-05 2.916e-07
2.5652e-05 5.1393e-09 0.016231 0.001282 0.00067729 7.6638e-05 3.6868e-05 2.5984e-07
2.5631e-05 4.7677e-09 0.015972 0.0012759 0.00067735 7.6914e-05 3.7317e-05 2.2865e-07
2.5614e-05 4.6924e-09 0.015777 0.0012699 0.00067742 7.7202e-05 3.7806e-05 1.9793e-07
2.56e-05 4.9601e-09 0.015644 0.001264 0.00067751 7.7501e-05 3.834e-05 1.6774e-07
2.559e-05 5.59e-09 0.015567 0.0012581 0.00067761 7.7811e-05 3.8918e-05 1.3778e-07
2.5573e-05 5.4991e-09 0.015458 0.0012522 0.0006777 7.8105e-05 3.9469e-05 1.0394e-07
2.5548e-05 4.6682e-09 0.015315 0.0012462 0.00067778 7.8383e-05 3.9993e-05 1.2321e-07
2.5515e-05 3.0488e-09 0.015134 0.0012402 0.00067784 7.8645e-05 4.0489e-05 1.3884e-07
2.5487e-05 1.8897e-09 0.015019 0.0012343 0.00067791 7.8918e-05 4.1033e-05 1.5418e-07
2.5463e-05 1.0108e-09 0.014966 0.0012285 0.000678 7.9205e-05 4.1627e-05 1.6939e-07
2.5443e-05 2.8201e-10 0.014979 0.0012227 0.00067811 7.9507e-05 4.1513e-05 1.8468e-07
2.5416e-05 3.5446e-10 0.014948 0.0012169 0.0006782 7.9789e-05 4.1373e-05 1.9592e-07
2.5379e-05 8.9878e-10 0.014872 0.0012112 0.00067831 8.0051e-05 4.1206e-05 2.0309e-07
2.5347e-05 1.5395e-09 0.014865 0.0012055 0.00067844 8.0328e-05 4.1077e-05 2.1041e-07
2.5321e-05 2.463e-09 0.01441 0.0012 0.00067859 8.0622e-05 4.0988e-05 2.1814e-07
2.5286e-05 2.671e-09 0.013917 0.0011944 0.00067872 8.0897e-05 4.0874e-05 2.2175e-07
2.5257e-05 5.1198e-09 0.01308 0.0011887 0.00067883 8.1189e-05 4.0517e-05 2.7128e-07
2.522e-05 6.6069e-09 0.012127 0.001183 0.00067893 8.1463e-05 4.0133e-05 3.1577e-07
2.5188e-05 8.8917e-09 0.01136 0.0011774 0.00067904 8.175e-05 3.979e-05 3.6219e-07
2.5147e-05 1.054e-08 0.010497 0.0011717 0.00067913 8.2019e-05 3.9421e-05 4.038e-07
2.511e-05 1.3091e-08 0.0097897 0.0011661 0.00067924 8.2301e-05 3.909e-05 4.4704e-07
2.5066e-05 1.4731e-08 0.009013 0.0011604 0.00067934 8.2567e-05 3.8738e-05 4.8597e-07
2.5026e-05 1.7318e-08 0.0083672 0.0011548 0.00067945 8.2844e-05 3.8421e-05 5.2635e-07
2.4988e-05 2.1138e-08 0.0078285 0.0011493 0.00067957 8.3132e-05 3.8134e-05 5.6826e-07
2.4953e-05 2.3876e-08 0.0072398 0.0011438 0.00067968 8.3429e-05 3.783e-05 6.0586e-07
2.4921e-05 2.8116e-08 0.0067518 0.0011383 0.0006798 8.3737e-05 3.7557e-05 6.452e-07
2.4883e-05 3.1202e-08 0.0062234 0.0011328 0.00067993 8.4032e-05 3.7269e-05 6.8045e-07
2.4839e-05 3.3324e-08 0.0056543 0.0011274 0.00068006 8.4314e-05 3.6967e-05 7.1177e-07
2.4797e-05 3.6873e-08 0.0051763 0.001122 0.00068019 8.4606e-05 3.6693e-05 7.4455e-07
2.4759e-05 4.217e-08 0.004774 0.0011166 0.00068034 8.4907e-05 3.6448e-05 7.7885e-07
2.4714e-05 4.6344e-08 0.0043411 0.0011112 0.00068048 8.5196e-05 3.6189e-05 8.0924e-07
2.4672e-05 4.0876e-08 0.003976 0.0011059 0.00068062 8.5494e-05 3.5956e-05 8.4116e-07
2.4632e-05 3.7199e-08 0.0036678 0.0011007 0.00068078 8.5801e-05 3.575e-05 8.7469e-07
2.4586e-05 3.253e-08 0.0033372 0.0010954 0.00068093 8.6096e-05 3.5532e-05 9.044e-07
2.4542e-05 2.9266e-08 0.0030544 0.0010901 0.00068109 8.6399e-05 3.5337e-05 9.3547e-07
2.4501e-05 2.7144e-08 0.0028128 0.001085 0.00068126 8.6711e-05 3.3679e-05 9.6799e-07
2.4453e-05 2.4189e-08 0.0025531 0.0010798 0.00068142 8.701e-05 3.199e-05 9.9668e-07
2.4408e-05 2.2373e-08 0.0023332 0.0010746 0.00068159 8.7318e-05 3.0391e-05 1.0271e-06
2.4358e-05 1.9784e-08 0.0020968 0.0010694 0.00068176 8.7615e-05 2.8761e-05 1.0537e-06
2.4309e-05 1.8043e-08 0.0018936 0.0010643 0.00068193 8.792e-05 2.7212e-05 1.0818e-06
2.4262e-05 1.7082e-08 0.0017211 0.0010592 0.00068211 8.8233e-05 2.5743e-05 1.1116e-06
2.421e-05 1.5415e-08 0.0015345 0.0010541 0.00068228 8.8535e-05 2.5823e-05 1.1376e-06
2.4152e-05 1.3029e-08 0.0013334 0.001049 0.00068244 8.8825e-05 2.5893e-05 1.1598e-06
2.4096e-05 1.1299e-08 0.0011593 0.0010439 0.00068261 8.9123e-05 2.598e-05 1.1834e-06
2.4041e-05 1.0092e-08 0.0010086 0.0010389 0.00068279 8.9428e-05 2.6084e-05 1.2085e-06
2.3982e-05 8.2619e-09 0.00084604 0.0010338 0.00068297 8.9722e-05 2.618e-05 1.2299e-06
2.3924e-05 6.9262e-09 0.00070624 0.0010288 0.00068315 9.0024e-05 2.6294e-05 1.2532e-06
2.3861e-05 4.9952e-09 0.00055542 0.0010238 0.00068332 9.0316e-05 2.6398e-05 1.2726e-06
2.3799e-05 3.4188e-09 0.00042357 0.0010188 0.0006835 9.0615e-05 2.6521e-05 1.2937e-06
2.3732e-05 1.2616e-09 0.0002809 0.0010138 0.00068367 9.0902e-05 2.6634e-05 1.3109e-06
2.366e-05 1.7605e-09 0.00029314 0.0010087 0.00068384 9.1178e-05 2.6736e-05 1.3242e-06
2.3583e-05 1.7993e-09 0.00029984 0.0010037 0.00068399 9.1443e-05 2.6829e-05 1.3336e-06
2.3507e-05 1.8206e-09 0.0003103 0.00099866 0.00068415 9.1716e-05 2.6941e-05 1.345e-06
2.3433e-05 1.8258e-09 0.00032474 0.00099371 0.00068432 9.1997e-05 2.7072e-05 1.3582e-06
2.3354e-05 1.3762e-09 0.00033366 0.00098873 0.00068449 9.2268e-05 2.7194e-05 1.3677e-06
2.3269e-05 5.1823e-10 0.00033705 0.00098372 0.00068464 9.2527e-05 2.7307e-05 1.3733e-06
2.318e-05 1.0531e-09 0.00033481 0.0009787 0.00068479 9.2775e-05 2.7409e-05 1.3751e-06
2.3092e-05 1.5304e-09 0.00033655 0.00097372 0.00068494 9.3031e-05 2.7531e-05 1.3787e-06
2.3005e-05 1.968e-09 0.00034181 0.00096879 0.00068511 9.3295e-05 2.7671e-05 1.384e-06
2.2921e-05 2.4231e-09 0.00035115 0.0009639 0.00068528 9.3568e-05 2.7831e-05 1.3913e-06
2.2838e-05 2.9342e-09 0.00036481 0.00095906 0.00068547 9.3849e-05 2.8012e-05 1.4005e-06
2.2757e-05 3.545e-09 0.00038307 0.00095427 0.00068566 9.4139e-05 2.8213e-05 1.4116e-06
2.2678e-05 4.3075e-09 0.00040639 0.00094953 0.00068587 9.4438e-05 2.8436e-05 1.4247e-06
2.26e-05 5.2484e-09 0.00043472 0.00094482 0.00068608 9.4744e-05 2.868e-05 1.4396e-06
2.2524e-05 6.482e-09 0.00046928 0.00094016 0.00068631 9.506e-05 2.8947e-05 1.4566e-06
2.245e-05 8.1137e-09 0.00051087 0.00093555 0.00068655 9.5384e-05 2.9237e-05 1.4756e-06
2.237e-05 9.1433e-09 0.00054579 0.00093092 0.00068677 9.5697e-05 2.9516e-05 1.4908e-06
2.2285e-05 9.5794e-09 0.00057413 0.00092626 0.00068699 9.5999e-05 2.9784e-05 1.502e-06
2.2195e-05 9.4259e-09 0.00059597 0.00092158 0.0006872 9.6289e-05 3.0041e-05 1.5094e-06
2.2106e-05 9.6253e-09 0.00062417 0.00091694 0.00068741 9.6587e-05 3.0319e-05 1.5185e-06
2.2019e-05 1.0243e-08 0.00066005 0.00091235 0.00068764 9.6894e-05 3.0623e-05 1.5298e-06
2.1927e-05 1.0273e-08 0.00068925 0.00090774 0.00068786 9.719e-05 3.0915e-05 1.5373e-06
2.1829e-05 9.705e-09 0.00071166 0.0009031 0.00068807 9.7475e-05 3.1196e-05 1.5408e-06
2.1733e-05 9.5556e-09 0.00074199 0.00089851 0.00068829 9.7768e-05 3.1502e-05 1.5465e-06
2.1639e-05 9.7642e-09 0.00078017 0.00089396 0.00068852 9.807e-05 3.1831e-05 1.5541e-06
2.1539e-05 9.3929e-09 0.00081137 0.00088938 0.00068874 9.836e-05 3.215e-05 1.5578e-06
2.1434e-05 8.4266e-09 0.00083549 0.00088479 0.00068894 9.8639e-05 3.2456e-05 1.5576e-06
2.1324e-05 6.8566e-09 0.00085257 0.00088018 0.00068914 9.8906e-05 3.2752e-05 1.5535e-06
2.1215e-05 5.6456e-09 0.0008775 0.0008756 0.00068935 9.9181e-05 3.3071e-05 1.5513e-06
2.1108e-05 4.7424e-09 0.0009116 0.00087107 0.00068957 9.9466e-05 3.3416e-05 1.5512e-06
2.0996e-05 3.2974e-09 0.00093854 0.00086652 0.00068978 9.9739e-05 3.375e-05 1.5473e-06
2.0884e-05 2.0666e-09 0.00097434 0.00086194 0.00068998 0.00010002 3.4109e-05 1.5452e-06
2.0775e-05 9.7399e-10 0.0010207 0.0008574 0.00069019 0.00010031 3.4496e-05 1.5453e-06
2.066e-05 1.9033e-09 0.0010591 0.00085285 0.00069039 0.00010059 3.4871e-05 1.5415e-06
2.0547e-05 2.8929e-09 0.0011078 0.00084833 0.0006906 0.00010088 3.5273e-05 1.5396e-06
2.0435e-05 4.0534e-09 0.0011687 0.00084386 0.00069082 0.00010118 3.5704e-05 1.5398e-06
2.0318e-05 4.6862e-09 0.0012212 0.00083936 0.00069103 0.00010146 3.6123e-05 1.5361e-06
2.0202e-05 5.5422e-09 0.0012868 0.00083491 0.00069125 0.00010176 3.6572e-05 1.5345e-06
2.0082e-05 5.9483e-09 0.001344 0.00083044 0.00069146 0.00010204 3.7008e-05 1.5291e-06
1.9956e-05 5.8142e-09 0.0013925 0.00082594 0.00069166 0.00010231 3.7431e-05 1.5197e-06
1.9831e-05 5.9208e-09 0.0014547 0.00082149 0.00069187 0.00010259 3.7886e-05 1.5125e-06
1.9708e-05 6.2378e-09 0.0015307 0.00081708 0.00069209 0.00010288 3.837e-05 1.5072e-06
1.958e-05 6.0113e-09 0.0015973 0.00081264 0.0006923 0.00010316 3.8841e-05 1.4979e-06
1.9453e-05 6.0356e-09 0.00168 0.00080825 0.00069253 0.00010345 3.9345e-05 1.4907e-06
1.9321e-05 5.5181e-09 0.001753 0.00080383 0.00069274 0.00010372 3.9835e-05 1.4796e-06
1.919e-05 5.2007e-09 0.0018419 0.00079946 0.00069296 0.00010401 4.0357e-05 1.4703e-06
1.9054e-05 4.3481e-09 0.0019207 0.00079506 0.00069317 0.00010428 4.0864e-05 1.4572e-06
1.8919e-05 3.7009e-09 0.002018 0.0007907 0.00069339 0.00010456 4.1407e-05 1.4461e-06
1.8786e-05 3.1733e-09 0.0021346 0.00078638 0.00069363 0.00010485 4.1984e-05 1.4367e-06
1.8653e-05 2.7262e-09 0.0022728 0.0007821 0.00069387 0.00010515 4.2597e-05 1.4291e-06
1.8523e-05 2.3526e-09 0.0024377 0.00077786 0.00069412 0.00010546 4.325e-05 1.4235e-06
1.8393e-05 2.0285e-09 0.0026331 0.0007736 0.00069436 0.00010578 4.3945e-05 1.42e-06
1.8265e-05 1.6956e-09 0.0025814 0.00076937 0.00069461 0.00010611 4.4682e-05 1.4181e-06
1.8138e-05 1.3489e-09 0.0025475 0.00076518 0.00069487 0.00010645 4.5464e-05 1.4183e-06
1.8012e-05 9.5813e-10 0.0025305 0.00076103 0.00069515 0.0001068 4.6295e-05 1.4205e-06
1.7888e-05 4.7311e-10 0.0025287 0.00075692 0.00069543 0.00010715 4.7174e-05 1.4244e-06
1.7758e-05 1.3024e-09 0.0025176 0.00075279 0.0006957 0.0001075 4.8033e-05 1.4245e-06
1.763e-05 2.1298e-09 0.0025215 0.00074869 0.00069598 0.00010786 4.8941e-05 1.4263e-06
1.7502e-05 3.0189e-09 0.0025408 0.00074463 0.00069627 0.00010822 4.99e-05 1.4298e-06
1.7369e-05 3.4063e-09 0.0025502 0.00074055 0.00069655 0.00010857 5.0838e-05 1.4294e-06
1.7231e-05 3.2951e-09 0.0025498 0.00073644 0.00069683 0.00010891 5.1756e-05 1.4251e-06
1.7095e-05 3.2856e-09 0.0025662 0.00073238 0.00069711 0.00010926 5.2729e-05 1.4229e-06
1.6959e-05 3.3786e-09 0.0025997 0.00072836 0.0006974 0.00010963 5.3761e-05 1.4227e-06
1.6825e-05 3.5567e-09 0.0026499 0.00072437 0.00069771 0.00011 5.485e-05 1.4243e-06
1.6685e-05 3.2214e-09 0.0026893 0.00072036 0.000698 0.00011036 5.5916e-05 1.4219e-06
1.6547e-05 3.0121e-09 0.0027483 0.00071639 0.0006983 0.00011073 5.7047e-05 1.4218e-06
1.6403e-05 2.2815e-09 0.0027956 0.00071239 0.0006986 0.00011108 5.8152e-05 1.4174e-06
1.6254e-05 5.043e-09 0.0028301 0.00070837 0.00069888 0.00011143 5.9229e-05 1.4086e-06
1.6106e-05 4.2843e-09 0.002885 0.00070439 0.00069918 0.00011178 6.0372e-05 1.4022e-06
1.596e-05 3.8146e-09 0.0027117 0.00070046 0.00069948 0.00011215 6.0322e-05 1.4006e-06
1.5809e-05 2.7601e-09 0.0025203 0.0006965 0.00069978 0.0001125 6.0256e-05 1.3945e-06
1.5651e-05 1.0878e-09 0.0023087 0.00069251 0.00070006 0.00011284 6.0172e-05 1.3838e-06
1.5488e-05 1.6011e-09 0.0020754 0.00068849 0.00070034 0.00011317 6.0072e-05 1.3685e-06
1.5326e-05 2.1437e-09 0.0018795 0.00068451 0.00070062 0.00011351 6.0003e-05 1.3556e-06
1.5158e-05 2.1751e-09 0.0016643 0.00068051 0.00070089 0.00011383 5.9917e-05 1.3382e-06
1.4984e-05 7.1983e-09 0.0014284 0.00067648 0.00070115 0.00011414 5.9816e-05 1.3163e-06
1.4812e-05 1.3709e-08 0.0012293 0.00067249 0.00070142 0.00011446 5.9745e-05 1.2968e-06
1.4634e-05 1.9134e-08 0.0012881 0.00066847 0.00070168 0.00011477 5.9659e-05 1.2728e-06
1.4459e-05 2.6526e-08 0.0013631 0.0006645 0.00070196 0.00011509 5.9606e-05 1.2515e-06
1.4285e-05 2.5677e-08 0.0014564 0.00066057 0.00070224 0.00011542 5.9585e-05 1.2328e-06
1.4113e-05 2.5821e-08 0.0015702 0.00065669 0.00070254 0.00011577 5.9597e-05 1.2165e-06
1.3942e-05 2.6971e-08 0.001514 0.00065285 0.00070286 0.00011613 5.9642e-05 1.2025e-06
1.3766e-05 2.7277e-08 0.0014473 0.00064898 0.00070316 0.00011647 5.9671e-05 1.1843e-06
1.3591e-05 2.8518e-08 0.001395 0.00064515 0.00070347 0.00011683 5.973e-05 1.1679e-06
1.3418e-05 3.0796e-08 0.0013556 0.00064136 0.0007038 0.0001172 5.9818e-05 1.1534e-06
1.3246e-05 3.4318e-08 0.0013282 0.0006376 0.00070414 0.00011758 5.9937e-05 1.1407e-06
1.3074e-05 2.9632e-08 0.001312 0.00063388 0.00070448 0.00011798 6.0086e-05 1.1297e-06
1.2898e-05 2.388e-08 0.0012873 0.00063014 0.00070482 0.00011836 6.0219e-05 1.1147e-06
1.2722e-05 1.9649e-08 0.0012735 0.00062644 0.00070517 0.00011875 6.0384e-05 1.1014e-06
1.2548e-05 1.6581e-08 0.0012703 0.00062277 0.00070553 0.00011915 6.0579e-05 1.0897e-06
1.2368e-05 1.2613e-08 0.0012611 0.00061908 0.00070588 0.00011954 6.0759e-05 1.0739e-06
1.2189e-05 9.6373e-09 0.0012624 0.00061542 0.00070624 0.00011995 6.0969e-05 1.0598e-06
1.2011e-05 7.3904e-09 0.0012743 0.0006118 0.00070662 0.00012036 6.1213e-05 1.0473e-06
1.1834e-05 5.6824e-09 0.0012973 0.00060821 0.000707 0.00012079 6.1489e-05 1.0364e-06
1.1659e-05 4.4215e-09 0.001333 0.00060467 0.0007074 0.00012123 6.1803e-05 1.0275e-06
1.1478e-05 2.5174e-09 0.0013591 0.0006011 0.00070779 0.00012166 6.2099e-05 1.0143e-06
1.1298e-05 9.9421e-10 0.0013991 0.00059757 0.00070819 0.0001221 6.2433e-05 1.0032e-06
1.1113e-05 1.4786e-09 0.0014284 0.00059401 0.00070857 0.00012252 6.2747e-05 9.8752e-07
1.0929e-05 2.0273e-09 0.0014732 0.00059049 0.00070897 0.00012296 6.3103e-05 9.742e-07
1.0201e-05 2.774e-09 0.0013416 0.00057684 0.00071073 0.00012485 6.3407e-05 7.6672e-07
1.0016e-05 2.5648e-09 0.0012163 0.00057352 0.0007112 0.00012533 6.3577e-05 7.2217e-07
9.8317e-06 2.443e-09 0.0011113 0.00057024 0.00071169 0.00012583 6.3782e-05 6.796e-07
9.6488e-06 2.387e-09 0.0010234 0.000567 0.00071219 0.00012634 6.2888e-05 6.3877e-07
9.4667e-06 2.3763e-09 0.00095008 0.00056379 0.0007127 0.00012686 6.205e-05 5.994e-07
9.2855e-06 2.4267e-09 0.00089021 0.00056062 0.00071323 0.0001274 6.1267e-05 5.6151e-07
9.1048e-06 2.5109e-09 0.00084114 0.00055747 0.00071377 0.00012796 6.0532e-05 5.2466e-07
8.9249e-06 2.66e-09 0.00080254 0.00055437 0.00071432 0.00012852 5.9846e-05 4.8892e-07
8.7457e-06 2.8874e-09 0.00077339 0.00055129 0.00071489 0.00012911 5.9208e-05 4.5416e-07
8.5671e-06 3.2168e-09 0.00075298 0.00054825 0.00071546 0.0001297 5.8614e-05 4.2025e-07
8.3891e-06 3.6855e-09 0.00074085 0.00054523 0.00071605 0.00013031 5.8063e-05 3.8708e-07
8.2058e-06 3.621e-09 0.00072141 0.0005422 0.00071663 0.00013091 5.7494e-05 3.5027e-07
8.0231e-06 3.7131e-09 0.00071011 0.0005392 0.00071722 0.00013152 5.6968e-05 3.1414e-07
7.8351e-06 3.2746e-09 0.00069163 0.00053617 0.0007178 0.00013212 5.6423e-05 2.7443e-07
7.6478e-06 2.9923e-09 0.00068132 0.00053318 0.00071839 0.00013273 5.5921e-05 2.354e-07
7.4609e-06 2.8158e-09 0.00067849 0.00053022 0.000719 0.00013336 5.5457e-05 1.9677e-07
7.2685e-06 2.0971e-09 0.00066789 0.00052723 0.00071959 0.00013397 5.4973e-05 1.5444e-07
7.0772e-06 1.5256e-09 0.00066647 0.00052429 0.0007202 0.0001346 5.4535e-05 1.1291e-07
6.8872e-06 1.054e-09 0.00067526 0.00052138 0.00072082 0.00013525 5.4142e-05 7.2232e-08
6.6908e-06 2.4737e-09 0.00067347 0.00051843 0.00072143 0.00013588 5.3721e-05 2.7265e-08
6.4874e-06 1.4279e-08 0.00066004 0.00051545 0.00072202 0.00013648 5.3265e-05 2.4207e-08
6.7487e-06 2.3515e-08 0.00063457 0.00051244 0.00072259 0.00013699 5.2774e-05 4.7618e-08
7.0127e-06 2.4665e-08 0.000621 0.00050946 0.00072318 0.00013752 5.0658e-05 7.0676e-08
7.2795e-06 2.7293e-08 0.00061861 0.00050653 0.00072379 0.00013808 4.87e-05 9.3544e-08
7.5488e-06 2.3647e-08 0.00062574 0.00050364 0.00072442 0.00013865 4.6874e-05 1.1613e-07
7.8205e-06 2.1422e-08 0.00064237 0.00050079 0.00072506 0.00013925 4.5171e-05 1.3851e-07
8.0943e-06 2.025e-08 0.00066829 0.00049797 0.00072572 0.00013986 4.3579e-05 1.6069e-07
8.3702e-06 1.9953e-08 0.00070386 0.00049519 0.0007264 0.00014049 4.2085e-05 1.8266e-07
8.6477e-06 2.0403e-08 0.00074893 0.00049244 0.00072708 0.00014113 4.0678e-05 2.0433e-07
8.9272e-06 2.1717e-08 0.00080549 0.00048972 0.00072778 0.0001418 3.9355e-05 2.2587e-07
9.2086e-06 2.4039e-08 0.00087512 0.00048703 0.0007285 0.00014248 3.8111e-05 2.4737e-07
9.4841e-06 2.5491e-08 0.00093511 0.00048432 0.0007292 0.00014314 3.6834e-05 2.654e-07
9.7616e-06 2.8068e-08 0.0010092 0.00048164 0.00072992 0.00014383 3.5634e-05 2.834e-07
1.0041e-05 3.2061e-08 0.00094952 0.00047899 0.00073065 0.00014453 3.4504e-05 3.0144e-07
1.0322e-05 3.7762e-08 0.00090158 0.00047636 0.0007314 0.00014524 3.3438e-05 3.1943e-07
1.0598e-05 4.2237e-08 0.00084456 0.00047372 0.00073213 0.00014594 3.2343e-05 3.339e-07
1.0875e-05 3.7785e-08 0.00079947 0.0004711 0.00073287 0.00014666 3.1314e-05 3.485e-07
1.1147e-05 3.2148e-08 0.0007456 0.00046846 0.00073361 0.00014736 3.0257e-05 3.5958e-07
1.142e-05 2.818e-08 0.00070192 0.00046585 0.00073435 0.00014808 2.9258e-05 3.7065e-07
1.1688e-05 2.3153e-08 0.00064994 0.00046321 0.00073509 0.00014878 2.8234e-05 3.7823e-07
1.1957e-05 1.9751e-08 0.00060843 0.00046061 0.00073584 0.0001495 2.7272e-05 3.8601e-07
1.2221e-05 2.6585e-08 0.00055855 0.00045798 0.00073657 0.00015021 2.6282e-05 3.9023e-07
1.2487e-05 2.5411e-08 0.00051751 0.00045538 0.00073732 0.00015093 2.5348e-05 3.9448e-07
1.2746e-05 2.3343e-08 0.00046856 0.00045275 0.00073806 0.00015163 2.4389e-05 3.9521e-07
1.3e-05 2.0359e-08 0.00041152 0.0004501 0.00073879 0.00015233 2.3405e-05 3.9245e-07
1.3248e-05 1.6409e-08 0.00049132 0.00044743 0.0007395 0.000153 2.2395e-05 3.8622e-07
1.3499e-05 1.3637e-08 0.00058483 0.00044479 0.00074023 0.00015369 2.1443e-05 3.8007e-07
1.375e-05 1.1661e-08 0.00069314 0.00044218 0.00074097 0.0001544 2.0542e-05 3.7382e-07
1.3995e-05 1.036e-08 0.00082028 0.00043959 0.00074172 0.00015509 1.9692e-05 3.676e-07
1.4241e-05 9.5438e-09 0.00096767 0.00043702 0.00074249 0.00015579 1.8886e-05 3.612e-07
1.4482e-05 8.079e-09 0.0011027 0.00043444 0.00074324 0.00015648 1.806e-05 3.5144e-07
1.4724e-05 7.0833e-09 0.0012615 0.00043188 0.00074401 0.00015718 1.728e-05 3.4161e-07
1.4969e-05 6.4613e-09 0.0014482 0.00042934 0.00074479 0.0001579 1.6544e-05 3.3169e-07
1.5215e-05 6.1583e-09 0.0016677 0.00042683 0.00074558 0.00015864 1.5848e-05 3.2165e-07
1.5456e-05 5.2732e-09 0.0018706 0.0004243 0.00074636 0.00015936 1.5134e-05 3.0826e-07
1.5699e-05 4.6799e-09 0.0018521 0.0004218 0.00074716 0.0001601 1.4461e-05 2.9477e-07
1.5944e-05 4.3228e-09 0.0018482 0.00041932 0.00074797 0.00016086 1.3825e-05 2.8112e-07
1.6184e-05 3.513e-09 0.0018348 0.00041682 0.00074876 0.0001616 1.3174e-05 2.6416e-07
1.6425e-05 2.8643e-09 0.001835 0.00041435 0.00074957 0.00016236 1.2556e-05 2.4688e-07
1.6661e-05 1.6833e-09 0.0018257 0.00041185 0.00075037 0.00016311 1.1922e-05 2.263e-07
1.6899e-05 6.1637e-10 0.0018299 0.00040938 0.00075118 0.00016387 1.1322e-05 2.0538e-07
1.7131e-05 1.0847e-09 0.0018242 0.00040689 0.00075198 0.00016461 1.0705e-05 1.811e-07
1.7365e-05 1.5221e-09 0.0018334 0.00040442 0.00075279 0.00016538 1.0123e-05 1.5661e-07
1.7593e-05 1.4865e-09 0.0018355 0.00040193 0.00075359 0.00016613 9.5235e-06 2.054e-07
1.7824e-05 1.4106e-09 0.0018515 0.00039947 0.00075441 0.00016689 8.9555e-06 2.549e-07
1.8057e-05 1.2977e-09 0.0018824 0.00039703 0.00075524 0.00016768 8.4185e-06 3.0542e-07
1.8292e-05 1.1128e-09 0.0019276 0.00039461 0.00075608 0.00016848 7.9085e-06 3.5682e-07
1.8528e-05 8.3785e-10 0.0019881 0.00039222 0.00075693 0.00016929 7.4235e-06 4.092e-07
1.8767e-05 4.4935e-10 0.0020651 0.00038984 0.00075779 0.00017012 6.9623e-06 4.6269e-07
1.9e-05 1.3507e-09 0.0021317 0.00038745 0.00075865 0.00017094 6.4895e-06 5.1246e-07
1.9235e-05 2.2742e-09 0.0022156 0.00038507 0.00075951 0.00017177 6.0392e-06 5.6338e-07
1.9472e-05 3.3228e-09 0.00232 0.00038272 0.00076039 0.00017263 5.6117e-06 6.1578e-07
1.9704e-05 3.8564e-09 0.002413 0.00038035 0.00076126 0.00017346 5.1733e-06 6.6442e-07
1.9938e-05 4.5233e-09 0.0025262 0.000378 0.00076214 0.00017432 4.7552e-06 7.1435e-07
2.0173e-05 5.4125e-09 0.0026639 0.00037567 0.00076303 0.00017518 4.3576e-06 7.6598e-07
2.0411e-05 6.5578e-09 0.0028272 0.00037336 0.00076393 0.00017607 3.9781e-06 8.1917e-07
2.0643e-05 7.1443e-09 0.0029772 0.00037104 0.00076482 0.00017694 3.5891e-06 8.6856e-07
2.0878e-05 8.0324e-09 0.0031551 0.00036873 0.00076572 0.00017783 3.2176e-06 9.1961e-07
2.1106e-05 8.3355e-09 0.0033181 0.00037485 0.00076654 0.00017871 3.292e-06 9.6674e-07
2.1338e-05 9.0162e-09 0.0035137 0.00038103 0.00076737 0.0001796 3.372e-06 1.0159e-06
2.1563e-05 9.1195e-09 0.0036944 0.00038718 0.00076819 0.00018048 3.4465e-06 1.0612e-06
2.1784e-05 8.6473e-09 0.0038607 0.00039331 0.000769 0.00018134 3.5155e-06 1.1027e-06
2.2006e-05 8.5063e-09 0.0040583 0.00039949 0.00076982 0.00018223 3.5896e-06 1.146e-06
2.2223e-05 7.7957e-09 0.0042408 0.00040564 0.00077063 0.00018309 3.6582e-06 1.1854e-06
2.2435e-05 6.4977e-09 0.0044079 0.00041178 0.00077144 0.00018395 3.7212e-06 1.2209e-06
2.2649e-05 5.5555e-09 0.0046102 0.00041795 0.00077225 0.00018482 3.7898e-06 1.2586e-06
2.2865e-05 4.8876e-09 0.0048524 0.00042418 0.00077308 0.00018571 3.8643e-06 1.2984e-06
2.3083e-05 4.4369e-09 0.0051404 0.00043046 0.00077391 0.00018662 3.9449e-06 1.3405e-06
2.3304e-05 4.1328e-09 0.0054775 0.00043678 0.00077476 0.00018755 4.0313e-06 1.3847e-06
2.3527e-05 3.9537e-09 0.005871 0.00044314 0.00077562 0.00018849 4.1237e-06 1.4312e-06
2.3744e-05 1.0412e-08 0.0062387 0.00044949 0.00077648 0.00018942 4.2101e-06 1.4736e-06
2.3955e-05 1.0438e-08 0.0066734 0.00045588 0.00077734 0.00019033 4.3033e-06 1.5187e-06
2.4167e-05 1.0917e-08 0.007185 0.00046233 0.00077821 0.00019125 4.4037e-06 1.5666e-06
2.4374e-05 1.0797e-08 0.0076668 0.00046875 0.00077908 0.00019216 4.498e-06 1.6104e-06
2.4584e-05 1.1084e-08 0.0082271 0.00047522 0.00077996 0.00019309 4.599e-06 1.6568e-06
2.4795e-05 1.1798e-08 0.0088775 0.00048174 0.00078085 0.00019404 4.7066e-06 1.7057e-06
2.5001e-05 1.1892e-08 0.0094903 0.00048823 0.00078172 0.00019497 4.8081e-06 1.7505e-06
2.521e-05 1.2432e-08 0.010201 0.00049477 0.00078261 0.00019592 4.9166e-06 1.798e-06
2.5412e-05 1.2361e-08 0.010874 0.00050129 0.00078349 0.00019686 5.0189e-06 1.8413e-06
2.561e-05 1.1664e-08 0.011508 0.00050779 0.00078437 0.00019778 5.1151e-06 1.8805e-06
2.5809e-05 1.1412e-08 0.012244 0.00051433 0.00078525 0.00019872 5.2182e-06 1.9224e-06
2.6004e-05 1.0518e-08 0.01294 0.00052093 0.00078614 0.00019965 5.3153e-06 1.9601e-06
2.6192e-05 8.9961e-09 0.013595 0.0005275 0.00078702 0.00020056 5.4061e-06 1.9937e-06
2.6383e-05 7.95e-09 0.014366 0.00053412 0.00078792 0.00020149 5.5047e-06 2.0304e-06
2.6577e-05 7.2889e-09 0.01527 0.0005408 0.00078883 0.00020244 5.6114e-06 2.0702e-06
2.6774e-05 6.9563e-09 0.016329 0.00054753 0.00078975 0.00020341 5.7264e-06 2.1135e-06
2.6965e-05 6.0696e-09 0.017333 0.00055423 0.00079066 0.00020437 5.8352e-06 2.1525e-06
2.7159e-05 5.438e-09 0.018496 0.00056099 0.00079158 0.00020534 5.9519e-06 2.1946e-06
2.7354e-05 5.0145e-09 0.019844 0.0005678 0.00079252 0.00020633 6.0768e-06 2.2398e-06
2.7553e-05 4.8046e-09 0.021421 0.00057466 0.00079347 0.00020734 6.2112e-06 2.2888e-06
2.7754e-05 4.7594e-09 0.023248 0.00058158 0.00079443 0.00020837 6.3547e-06 2.3413e-06
2.7959e-05 4.9192e-09 0.025388 0.00058856 0.0007954 0.00020943 6.5087e-06 2.1906e-06
2.8157e-05 4.5454e-09 0.027416 0.00059551 0.00079636 0.00021046 6.6555e-06 2.0344e-06
2.835e-05 3.6186e-09 0.029332 0.00060243 0.00079731 0.00021148 6.7946e-06 1.8722e-06
2.8546e-05 2.8695e-09 0.031559 0.00060941 0.00079828 0.00021252 6.944e-06 1.7173e-06
2.8745e-05 2.2396e-09 0.034153 0.00061645 0.00079925 0.00021359 7.1043e-06 1.5695e-06
2.8947e-05 1.7109e-09 0.037219 0.00062355 0.00080025 0.00021467 7.2777e-06 1.4294e-06
2.9143e-05 4.2016e-09 0.040082 0.00063062 0.00080122 0.00021574 7.4412e-06 1.2824e-06
2.9342e-05 7.3925e-09 0.043456 0.00063776 0.00080222 0.00021683 7.6182e-06 1.143e-06
2.9547e-05 6.585e-09 0.047497 0.00064497 0.00080323 0.00021795 7.8114e-06 1.0115e-06
2.9757e-05 5.0214e-09 0.051176 0.00065214 0.00080423 0.0002191 7.9859e-06 1.0582e-06
2.9972e-05 3.9662e-09 0.0545 0.00065938 0.00080524 0.00022029 8.1363e-06 1.0956e-06
3.0192e-05 3.2286e-09 0.058459 0.0006667 0.00080627 0.00022149 8.3019e-06 1.1363e-06
3.0417e-05 2.6776e-09 0.063115 0.00067409 0.00080732 0.00022273 8.4821e-06 1.1799e-06
3.0646e-05 2.258e-09 0.06859 0.00068155 0.00080839 0.000224 8.6778e-06 1.2267e-06
3.0867e-05 1.2777e-09 0.073707 0.00068897 0.00080943 0.00022524 8.8619e-06 1.2683e-06
3.1094e-05 3.8989e-10 0.079719 0.00069647 0.0008105 0.00022651 9.0618e-06 1.3132e-06
3.1313e-05 6.2281e-10 0.085356 0.00070393 0.00081155 0.00022776 9.2503e-06 1.3529e-06
3.1536e-05 7.4424e-10 0.091977 0.00071146 0.00081262 0.00022903 9.4552e-06 1.3961e-06
3.1764e-05 7.7307e-10 0.099764 0.00071906 0.0008137 0.00023034 9.6774e-06 1.4427e-06
3.1985e-05 3.2851e-10 0.10706 0.00072663 0.00081477 0.00023162 9.8873e-06 1.4841e-06
3.2198e-05 7.6648e-10 0.11387 0.00073415 0.00081583 0.00023288 1.0084e-05 1.5201e-06
3.2417e-05 1.1849e-09 0.12197 0.00074175 0.0008169 0.00023417 1.0301e-05 1.5601e-06
3.2628e-05 1.0875e-09 0.12954 0.00074931 0.00081796 0.00023544 1.0504e-05 1.5946e-06
3.2845e-05 9.946e-10 0.13855 0.00075695 0.00081904 0.00023674 1.0728e-05 1.6335e-06
3.3068e-05 9.0143e-10 0.14061 0.00076469 0.00082014 0.00023808 1.0974e-05 1.6783e-06
3.3283e-05 2.9515e-10 0.14249 0.00077238 0.00082122 0.00023939 1.1206e-05 1.7171e-06
3.349e-05 5.1398e-10 0.14422 0.00078001 0.00082228 0.00024068 1.1422e-05 1.7498e-06
3.3703e-05 6.4018e-10 0.14633 0.00078774 0.00082337 0.000242 1.1662e-05 1.7875e-06
3.3922e-05 6.9371e-10 0.1489 0.00079556 0.00082447 0.00024336 1.1925e-05 1.8304e-06
3.4147e-05 6.6601e-10 0.152 0.00080347 0.0008256 0.00024475 1.2213e-05 1.8784e-06
3.4379e-05 5.7442e-10 0.15257 0.00081148 0.00082675 0.00024618 1.2529e-05 1.9322e-06
3.4619e-05 4.0474e-10 0.15191 0.00081959 0.00082791 0.00024765 1.2875e-05 1.9924e-06
3.4865e-05 1.2791e-10 0.15145 0.0008278 0.0008291 0.00024916 1.3254e-05 2.0592e-06
3.5102e-05 2.4853e-10 0.1509 0.00083595 0.00083028 0.00025063 1.3611e-05 2.1188e-06
3.533e-05 1.4916e-09 0.15025 0.00084404 0.00083143 0.00025208 1.3949e-05 2.1715e-06
3.5565e-05 3.0691e-09 0.14979 0.00085223 0.0008326 0.00025357 1.4316e-05 2.2301e-06
3.5788e-05 5.3375e-09 0.14686 0.00086052 0.0008338 0.00025502 1.472e-05 2.2963e-06
3.6003e-05 6.7627e-09 0.1437 0.00086876 0.00083498 0.00025644 1.5104e-05 2.3558e-06
3.621e-05 7.6326e-09 0.14032 0.00087696 0.00083614 0.00025784 1.547e-05 2.4091e-06
3.641e-05 7.7758e-09 0.13668 0.0008851 0.00083729 0.00025921 1.582e-05 2.4564e-06
3.6615e-05 8.4126e-09 0.13363 0.00089334 0.00083846 0.00026062 1.6198e-05 2.5089e-06
3.6813e-05 8.381e-09 0.13038 0.00090153 0.00083961 0.000262 1.6561e-05 2.5561e-06
3.7016e-05 8.8238e-09 0.12764 0.00090981 0.00084078 0.00026342 1.6952e-05 2.6083e-06
3.7213e-05 8.5992e-09 0.12472 0.00091805 0.00084194 0.00026482 1.7327e-05 2.6552e-06
3.7414e-05 8.8393e-09 0.12226 0.00092637 0.00084312 0.00026624 1.7731e-05 2.7071e-06
3.762e-05 9.5625e-09 0.11056 0.00093477 0.00084431 0.0002677 1.8163e-05 2.7644e-06
3.783e-05 1.0785e-08 0.10049 0.00094325 0.00084551 0.00026919 1.8624e-05 2.8266e-06
3.8044e-05 1.2635e-08 0.091819 0.00095181 0.00084673 0.0002707 1.9115e-05 2.8939e-06
3.8264e-05 1.3717e-08 0.082641 0.00096033 0.00084794 0.00027224 1.9589e-05 2.9556e-06
3.8478e-05 1.4451e-08 0.072924 0.00096881 0.00084913 0.00027377 2.0048e-05 3.0118e-06
3.8685e-05 1.4839e-08 0.06263 0.00097726 0.00085032 0.00027528 2.0491e-05 3.0626e-06
3.9527e-05 1.2918e-08 0.048612 0.0010115 0.00085512 0.00028147 2.2441e-05 3.2885e-06
3.9735e-05 1.1196e-08 0.04469 0.0010201 0.00085633 0.00028303 2.2949e-05 3.3453e-06
3.9948e-05 1.0102e-08 0.041342 0.0010288 0.00085755 0.00028462 2.3492e-05 3.4077e-06
4.0154e-05 8.4971e-09 0.037814 0.0010375 0.00085876 0.0002862 2.4019e-05 3.465e-06
4.0366e-05 7.3864e-09 0.034797 0.0010463 0.00085999 0.0002878 2.458e-05 3.5277e-06
4.058e-05 6.6128e-09 0.03219 0.0010551 0.00086123 0.00028943 2.5174e-05 3.5955e-06
4.0799e-05 6.1518e-09 0.029959 0.001064 0.00086248 0.00029109 2.5803e-05 3.669e-06
4.1023e-05 5.9605e-09 0.02805 0.001073 0.00086375 0.00029277 2.647e-05 3.7483e-06
4.125e-05 6.0214e-09 0.026417 0.001082 0.00086503 0.00029449 2.7177e-05 3.8336e-06
4.1472e-05 5.5381e-09 0.024693 0.0010911 0.0008663 0.00029619 2.7867e-05 3.9138e-06
4.1698e-05 5.2932e-09 0.023219 0.0011002 0.00086759 0.00029792 2.8598e-05 4.0001e-06
4.1928e-05 5.2656e-09 0.02196 0.0011093 0.00086889 0.00029967 2.9371e-05 4.0929e-06
4.2152e-05 4.7054e-09 0.020629 0.0011185 0.00087017 0.00030142 3.0128e-05 4.1804e-06
4.238e-05 4.3122e-09 0.019481 0.0011277 0.00087148 0.00030318 3.0926e-05 4.274e-06
4.2613e-05 4.0901e-09 0.018502 0.001137 0.00087279 0.00030498 3.177e-05 4.3744e-06
4.2839e-05 3.3576e-09 0.017468 0.0011463 0.0008741 0.00030676 3.2596e-05 4.4695e-06
4.306e-05 2.1056e-09 0.016375 0.0011556 0.00087539 0.00030853 3.3405e-05 4.5593e-06
4.3275e-05 3.1715e-10 0.015218 0.0011648 0.00087668 0.00031028 3.4196e-05 4.6438e-06
4.3484e-05 2.0955e-10 0.013991 0.001174 0.00087796 0.00031201 3.4969e-05 4.7227e-06
4.3687e-05 9.4405e-10 0.012689 0.0011832 0.00087922 0.00031373 3.5724e-05 4.7962e-06
4.3894e-05 1.6604e-09 0.011584 0.0011924 0.0008805 0.00031548 3.6525e-05 4.8768e-06
4.4095e-05 1.9083e-09 0.01044 0.0012016 0.00088177 0.00031721 3.7308e-05 4.9518e-06
4.4301e-05 2.1452e-09 0.00946 0.0012109 0.00088305 0.00031896 3.8136e-05 5.0335e-06
4.4511e-05 2.3897e-09 0.0086198 0.0012203 0.00088435 0.00032075 3.9012e-05 5.1222e-06
4.4725e-05 2.6631e-09 0.0079001 0.0012298 0.00088566 0.00032257 3.9939e-05 5.218e-06
4.4944e-05 3.0407e-09 0.0072912 0.0012393 0.00088699 0.00032442 4.0922e-05 5.3222e-06
4.5169e-05 3.5463e-09 0.0067765 0.0012489 0.00088833 0.00032631 4.1965e-05 5.435e-06
4.5387e-05 3.5238e-09 0.0062251 0.0012585 0.00088966 0.00032818 4.2984e-05 5.5414e-06
4.5609e-05 3.6195e-09 0.0057545 0.0012682 0.00089101 0.00033008 4.4061e-05 5.656e-06
4.5825e-05 3.1858e-09 0.0052501 0.0012779 0.00089234 0.00033196 4.5114e-05 5.7641e-06
4.6034e-05 2.2077e-09 0.0047081 0.0012875 0.00089366 0.00033382 4.6141e-05 5.8657e-06
4.6249e-05 1.3675e-09 0.0042498 0.0012972 0.000895 0.00033571 4.723e-05 5.9763e-06
4.6456e-05 2.8159e-09 0.0037509 0.0013069 0.00089633 0.00033758 4.829e-05 6.0794e-06
4.6656e-05 3.6538e-09 0.0032056 0.0013165 0.00089764 0.00033943 4.932e-05 6.1749e-06
4.6862e-05 4.1431e-09 0.0027528 0.0013262 0.00089897 0.00034132 5.0418e-05 6.2806e-06
4.7075e-05 4.2838e-09 0.0023794 0.001336 0.00090032 0.00034324 5.1591e-05 6.3975e-06
4.7278e-05 4.076e-09 0.001959 0.0013458 0.00090165 0.00034514 5.2722e-05 6.5046e-06
4.7491e-05 4.2549e-09 0.0016262 0.0013557 0.000903 0.00034709 5.2797e-05 6.6259e-06
4.7712e-05 4.8756e-09 0.0013643 0.0013657 0.00090438 0.00034909 5.2913e-05 6.7629e-06
4.7942e-05 6.0495e-09 0.0011574 0.0013759 0.00090579 0.00035114 5.2237e-05 6.9161e-06
4.8161e-05 6.8754e-09 0.0011834 0.0013859 0.00090717 0.00035316 5.1517e-05 7.0556e-06
4.839e-05 7.3533e-09 0.001098 0.0013959 0.00090853 0.00035522 5.0878e-05 7.2159e-06
4.8608e-05 7.4831e-09 0.00099253 0.0014058 0.00090986 0.00035725 5.0198e-05 7.3628e-06
4.8822e-05 7.265e-09 0.00088378 0.0014157 0.0009112 0.00035928 4.9517e-05 7.5073e-06
4.9034e-05 6.6988e-09 0.00077177 0.0014256 0.00091253 0.0003613 4.8833e-05 7.6496e-06
4.9241e-05 5.7846e-09 0.00065648 0.0014355 0.00091385 0.00036331 4.8147e-05 7.7897e-06
4.9459e-05 5.466e-09 0.0005667 0.0014456 0.0009152 0.00036538 4.7525e-05 7.9473e-06
4.9685e-05 5.6692e-09 0.00049727 0.0014557 0.00091658 0.00036751 4.6965e-05 8.1235e-06
4.9921e-05 6.4344e-09 0.00044427 0.0014661 0.00091797 0.00036969 4.6461e-05 8.3195e-06
5.0167e-05 4.301e-09 0.00040477 0.0014765 0.0009194 0.00037193 4.6012e-05 8.5369e-06
5.0423e-05 2.9782e-09 0.00037745 0.0014871 0.00092085 0.00037424 4.5618e-05 8.7789e-06
5.069e-05 2.1619e-09 0.00036056 0.0014979 0.00092233 0.00037661 4.5277e-05 9.0515e-06
5.0967e-05 1.6244e-09 0.00035223 0.0015095 0.00091911 0.00037904 4.4983e-05 9.3511e-06
5.1255e-05 1.2886e-09 0.00035273 0.0015212 0.00091593 0.00038153 4.4737e-05 9.6819e-06
5.1554e-05 1.0789e-09 0.00036212 0.0015331 0.00091279 0.0003841 4.4537e-05 1.0046e-05
5.1863e-05 9.2299e-10 0.00038021 0.0015451 0.00090968 0.00038672 4.4379e-05 1.0445e-05
5.2184e-05 7.9268e-10 0.00040815 0.0015573 0.0009066 0.00038942 4.4262e-05 1.0881e-05
5.2514e-05 6.6485e-10 0.00037271 0.0015697 0.00090355 0.00039218 4.4186e-05 1.1357e-05
5.2856e-05 5.137e-10 0.00034797 0.0015823 0.00090053 0.00039501 4.415e-05 1.1876e-05
5.3209e-05 3.0802e-10 0.00022803 0.001595 0.00089755 0.00039791 4.4155e-05 1.2444e-05
5.3577e-05 8.0144e-10 0.00022618 0.0016076 0.00089454 0.0004009 4.4121e-05 1.2967e-05
5.3957e-05 1.4121e-09 0.0002312 0.0016205 0.00089156 0.00040397 4.413e-05 1.3542e-05
5.4325e-05 1.3954e-09 0.00036827 0.0016332 0.00088856 0.00040699 4.411e-05 1.4084e-05
5.4704e-05 1.496e-09 0.000542 0.001646 0.00088559 0.00041008 4.4131e-05 1.4676e-05
5.5095e-05 1.7357e-09 0.00076292 0.0016591 0.00088266 0.00041324 4.4191e-05 1.5322e-05
5.5474e-05 1.3446e-09 0.00095054 0.0016721 0.0008797 0.00041636 4.4225e-05 1.5933e-05
5.5865e-05 1.0854e-09 0.0011907 0.0016852 0.00087677 0.00041955 4.4298e-05 1.66e-05
5.6269e-05 9.2921e-10 0.0015038 0.0016985 0.00087387 0.00042282 4.4416e-05 1.7332e-05
5.6661e-05 2.5406e-09 0.0017705 0.0017117 0.00087095 0.00042604 4.4506e-05 1.8025e-05
5.704e-05 1.4152e-08 0.0019944 0.0017248 0.00086801 0.00042921 4.4567e-05 1.8678e-05
5.7405e-05 1.9323e-08 0.0025314 0.0017381 0.00086509 0.00043232 4.4257e-05 2.0039e-05
5.7783e-05 1.9363e-08 0.0032318 0.0017404 0.00086234 0.00043551 4.3998e-05 2.1529e-05
5.8148e-05 1.7982e-08 0.0038304 0.0017427 0.00085963 0.00043865 4.3706e-05 2.2942e-05
5.8526e-05 1.7969e-08 0.0045985 0.0017451 0.00085694 0.00044186 4.346e-05 2.4479e-05
5.8915e-05 1.9323e-08 0.0055835 0.0017476 0.00085429 0.00044515 4.3258e-05 2.6153e-05
5.9317e-05 2.235e-08 0.0068462 0.0017502 0.00085166 0.00044852 4.3098e-05 2.7973e-05
5.9703e-05 2.9837e-08 0.007375 0.0017529 0.00084907 0.00045182 4.3162e-05 2.8701e-05
6.0077e-05 3.4979e-08 0.007825 0.0017555 0.00084645 0.00045507 4.3198e-05 2.9388e-05
6.0438e-05 3.8119e-08 0.0082054 0.001758 0.00084381 0.00045827 4.3206e-05 3.0036e-05
6.0787e-05 3.94e-08 0.01094 0.0017605 0.00084115 0.00046141 4.3187e-05 3.0644e-05
6.1148e-05 4.3082e-08 0.011826 0.0017631 0.00083852 0.00046463 4.3207e-05 3.1313e-05
6.1521e-05 4.9995e-08 0.012967 0.0017657 0.00083591 0.00046793 4.3267e-05 3.2047e-05
6.4816e-05 5.4459e-08 0.01395 0.0017683 0.00083329 0.00047099 4.33e-05 3.274e-05
6.8182e-05 6.3076e-08 0.015239 0.001771 0.00083069 0.00047413 4.3376e-05 3.3505e-05
7.162e-05 7.8081e-08 0.016925 0.0017738 0.00082813 0.00047735 4.3496e-05 3.4349e-05
7.5127e-05 1.0253e-07 0.019091 0.0017766 0.00082559 0.00048066 4.3658e-05 3.4485e-05
7.8722e-05 1.2051e-07 0.02095 0.0017794 0.00082303 0.00048406 4.379e-05 3.4596e-05
8.2503e-05 1.5003e-07 0.023342 0.0017823 0.0008205 0.00048386 4.3277e-05 3.4742e-05
8.6239e-05 1.721e-07 0.025412 0.0017851 0.00081795 0.00048361 4.2726e-05 3.4865e-05
8.9744e-05 1.8797e-07 0.027187 0.0017878 0.00081537 0.0004904 4.2133e-05 3.4964e-05
9.3325e-05 2.1574e-07 0.027718 0.0017907 0.00081282 0.00049734 4.1605e-05 3.5099e-05
9.6979e-05 2.2181e-07 0.02843 0.0017936 0.0008103 0.00050443 4.1134e-05 3.527e-05
0.00010071 2.3494e-07 0.029368 0.0017966 0.00080782 0.00051167 4.0716e-05 3.5477e-05
0.00010451 2.3246e-07 0.029552 0.0017997 0.00080535 0.00051906 4.0349e-05 3.5721e-05
0.00010827 2.2601e-07 0.029666 0.0018028 0.00080287 0.00052636 3.9947e-05 3.5939e-05
0.0001121 2.2541e-07 0.029891 0.0018059 0.00080041 0.00053381 3.9594e-05 3.5645e-05
0.00011589 2.2117e-07 0.030079 0.0018089 0.00079793 0.00054117 3.9207e-05 3.629e-05
0.00011694 2.2293e-07 0.030396 0.0018121 0.00079548 0.00054894 3.8871e-05 3.7004e-05
0.00011798 2.2118e-07 0.030639 0.0018152 0.00079301 0.00055662 3.8505e-05 3.7677e-05
0.00011901 2.1584e-07 0.030812 0.0018182 0.00079052 0.00056421 3.8107e-05 3.8312e-05
0.00012001 2.0637e-07 0.030915 0.0018212 0.000788 0.00057171 3.7674e-05 3.8908e-05
0.00012104 2.0292e-07 0.031129 0.0018243 0.00078552 0.00057936 3.7291e-05 3.9564e-05
0.00012209 2.047e-07 0.031467 0.0018274 0.00078306 0.00058717 3.6954e-05 4.0286e-05
0.00012317 1.9131e-07 0.031947 0.0018306 0.00078062 0.00059514 3.5536e-05 4.1078e-05
0.00012422 1.7244e-07 0.032336 0.0018338 0.00077816 0.00060302 3.4042e-05 4.1824e-05
0.00012526 1.4679e-07 0.03264 0.0018369 0.00077569 0.0006108 3.4028e-05 4.2526e-05
0.00012633 1.3125e-07 0.033082 0.0018401 0.00077323 0.00061874 3.4049e-05 4.3297e-05
0.00012737 1.1002e-07 0.033435 0.0018432 0.00077076 0.00062658 3.4045e-05 4.4024e-05
0.00012844 4.515e-08 0.033961 0.0018465 0.00076831 0.0006346 3.4088e-05 4.4058e-05
0.00012949 3.6823e-08 0.034398 0.0018496 0.00076584 0.00064252 3.4108e-05 4.4068e-05
0.00013057 3.1718e-08 0.034983 0.0018529 0.0007634 0.0006506 3.4159e-05 4.4112e-05
0.00013167 2.8786e-08 0.035735 0.0018562 0.00076098 0.00065883 3.4241e-05 4.4189e-05
0.00013276 2.4373e-08 0.036398 0.0018594 0.00075854 0.00066699 3.4304e-05 4.4245e-05
0.00013386 2.1744e-08 0.037235 0.0018628 0.00075612 0.00067529 3.4396e-05 4.4333e-05
0.000135 1.7805e-08 0.037979 0.0018661 0.00075369 0.00068376 3.4469e-05 4.4402e-05
0.00013611 1.2429e-08 0.038643 0.0018693 0.00075124 0.00069216 3.4524e-05 4.4453e-05
0.00013725 8.7618e-09 0.039472 0.0018727 0.00074881 0.00070071 3.4607e-05 4.4534e-05
0.00013842 6.2246e-09 0.040495 0.0018761 0.0007464 0.0007094 3.4719e-05 4.4645e-05
0.00013956 2.6988e-09 0.041419 0.0018794 0.00074398 0.00071802 3.4813e-05 4.4738e-05
0.0001407 3.0595e-09 0.042253 0.0018827 0.00074154 0.00072657 3.489e-05 4.4813e-05
0.00014181 2.7886e-09 0.043001 0.001886 0.00073908 0.00073504 3.4947e-05 4.4869e-05
0.00014295 2.7484e-09 0.043939 0.0018893 0.00073665 0.00074368 3.5036e-05 4.4957e-05
0.00014408 2.0842e-09 0.044784 0.0018926 0.00073419 0.00075223 3.5105e-05 4.5027e-05
0.00014523 1.6211e-09 0.045839 0.001896 0.00073176 0.00076095 3.5206e-05 4.5129e-05
0.0001464 1.2477e-09 0.047133 0.0018995 0.00072936 0.00076982 3.5336e-05 4.5263e-05
0.0001476 9.1283e-10 0.048719 0.001903 0.00072697 0.00077885 3.5497e-05 4.543e-05
0.00014882 5.7584e-10 0.050674 0.0019066 0.00072461 0.00078804 3.569e-05 4.5632e-05
0.00015007 2.3652e-10 0.053103 0.0019103 0.00072227 0.00079742 3.5919e-05 4.5872e-05
0.0001513 5.0781e-10 0.055251 0.0019139 0.00071991 0.00080669 3.6123e-05 4.6086e-05
0.00015256 7.3131e-10 0.058039 0.0019176 0.00071758 0.00081616 3.6367e-05 4.6342e-05
0.00015385 9.5451e-10 0.061569 0.0019214 0.00071528 0.00082583 3.6652e-05 4.6643e-05
0.00015518 1.2268e-09 0.066038 0.0019253 0.00071301 0.0008357 3.698e-05 4.699e-05
0.00015653 1.6119e-09 0.071708 0.0019293 0.00071076 0.00084578 3.6697e-05 4.7387e-05
0.00015792 2.1613e-09 0.07879 0.0019334 0.00070853 0.00085606 3.6452e-05 4.7842e-05
0.00015928 2.0602e-09 0.085058 0.0019374 0.00070629 0.00086623 3.6181e-05 4.8266e-05
0.00016068 2.1761e-09 0.092968 0.0019415 0.00070407 0.00087661 3.595e-05 4.8743e-05
0.00016205 1.6558e-09 0.10003 0.0019455 0.00070182 0.00088689 3.5695e-05 4.9189e-05
0.00016341 4.5389e-10 0.1063 0.0019495 0.00069956 0.00089706 3.5415e-05 4.9604e-05
0.00016474 4.9395e-10 0.11188 0.0019535 0.00069728 0.00090712 3.5108e-05 4.9988e-05
0.0001661 4.6194e-10 0.11889 0.0019575 0.00069503 0.00091739 3.4843e-05 5.0424e-05
0.00016745 1.7635e-09 0.12514 0.0019615 0.00069275 0.00092755 3.4551e-05 5.0828e-05
0.00016883 3.4868e-09 0.12684 0.0019655 0.0006905 0.00092946 3.4298e-05 5.1282e-05
0.00017025 6.0753e-09 0.12899 0.0019697 0.00068827 0.00093144 3.4081e-05 5.1787e-05
0.00017169 9.7298e-09 0.13166 0.0019739 0.00068606 0.00093349 3.3896e-05 5.2344e-05
0.00017317 1.5073e-08 0.13497 0.0019782 0.00068388 0.00093562 3.3745e-05 5.2958e-05
0.00017467 2.2711e-08 0.139 0.0019826 0.00068171 0.00093782 3.3624e-05 5.3628e-05
0.00017621 2.2937e-08 0.1439 0.0019871 0.00067957 0.00094008 3.3532e-05 5.4357e-05
0.00017778 2.4435e-08 0.14503 0.0019917 0.00067745 0.00094242 3.347e-05 5.5151e-05
0.00017933 2.4927e-08 0.14603 0.0019962 0.00067531 0.00094472 3.3392e-05 5.5915e-05
0.00018086 2.4453e-08 0.14694 0.0020007 0.00067315 0.00094699 3.3298e-05 5.665e-05
0.00018242 2.4984e-08 0.14806 0.0020052 0.00067102 0.00094932 3.3229e-05 5.744e-05
0.00018397 2.4622e-08 0.14909 0.0020097 0.00066887 0.00095161 3.3146e-05 5.8204e-05
0.00018554 2.5237e-08 0.15036 0.0020143 0.00066674 0.00095397 3.3086e-05 5.9022e-05
0.00018714 2.7001e-08 0.15191 0.002019 0.00066462 0.00095639 3.3051e-05 5.9901e-05
0.00018872 2.783e-08 0.15335 0.0020236 0.00066249 0.00095878 3.3003e-05 6.0753e-05
0.00019029 2.7713e-08 0.15467 0.0020282 0.00066035 0.00096113 3.2941e-05 6.1577e-05
0.00019189 2.8857e-08 0.15439 0.0020328 0.00065822 0.00096355 3.2902e-05 6.2459e-05
0.00019351 3.1204e-08 0.15425 0.0020375 0.00065611 0.00096603 3.2886e-05 6.3402e-05
0.00019512 3.2528e-08 0.15406 0.0020422 0.00065399 0.00096847 3.2856e-05 6.4315e-05
0.00019675 3.5154e-08 0.15401 0.002047 0.00065188 0.00097097 3.285e-05 6.529e-05
0.00019841 3.9404e-08 0.1541 0.0020518 0.00064979 0.00097354 3.2865e-05 6.633e-05
0.00020005 4.2439e-08 0.15413 0.0020566 0.00064768 0.00097607 3.2868e-05 6.734e-05
0.00020169 4.4289e-08 0.1541 0.0020613 0.00064556 0.00097857 3.2856e-05 6.8319e-05
0.00020331 4.5793e-08 0.15406 0.0020661 0.00064344 0.00098107 3.2842e-05 6.9296e-05
0.00020494 4.6953e-08 0.15402 0.0020708 0.00064131 0.00098357 3.2826e-05 7.0272e-05
0.00020657 4.7769e-08 0.15398 0.0020755 0.00063918 0.00098606 3.2807e-05 7.1246e-05
0.00020819 4.8241e-08 0.15394 0.0020803 0.00063704 0.00098855 3.2785e-05 7.2219e-05
0.00020981 4.8367e-08 0.15389 0.002085 0.0006349 0.00099103 3.2761e-05 7.3191e-05
0.00021143 4.815e-08 0.15384 0.0020897 0.00063276 0.00099352 3.2734e-05 7.4161e-05
0.00021304 4.7588e-08 0.15379 0.0020944 0.00063061 0.000996 3.2705e-05 7.513e-05
0.00021466 4.6681e-08 0.15373 0.0020992 0.00062846 0.00099848 3.2673e-05 7.6098e-05
0.00021627 4.543e-08 0.15367 0.0021039 0.0006263 0.0010009 3.2638e-05 7.7064e-05
0.00021788 4.3834e-08 0.15361 0.0021086 0.00062414 0.0010034 3.2601e-05 7.8029e-05
0.00021949 4.1894e-08 0.15355 0.0021133 0.00062198 0.0010059 3.2561e-05 7.8993e-05
0.0002211 3.961e-08 0.15348 0.002118 0.00061981 0.0010084 3.2519e-05 7.9955e-05
0.00022271 3.6981e-08 0.15341 0.0021227 0.00061763 0.0010108 3.2474e-05 8.0916e-05
0.00022431 3.4007e-08 0.15334 0.0021274 0.00061546 0.0010133 3.2427e-05 8.1875e-05
0.00022591 3.0689e-08 0.15327 0.0021321 0.00061327 0.0010157 3.2377e-05 8.2833e-05
0.00022755 2.9085e-08 0.15337 0.0021369 0.00061111 0.0010183 3.2356e-05 8.3874e-05
0.00022922 2.9088e-08 0.15368 0.0021417 0.00060897 0.0010209 3.2366e-05 8.501e-05
0.00023087 2.7811e-08 0.15389 0.0021465 0.00060681 0.0010234 3.2356e-05 8.6094e-05
0.00023256 2.8227e-08 0.15282 0.0021515 0.00060467 0.0010261 3.2379e-05 8.7284e-05
0.00023428 3.0345e-08 0.15203 0.0021565 0.00060256 0.0010288 3.2434e-05 8.8582e-05
0.00023599 3.0897e-08 0.15337 0.0021614 0.00060042 0.0010315 3.2466e-05 8.9811e-05
0.00023766 4.8418e-08 0.15448 0.0021663 0.00059827 0.0010341 3.2474e-05 9.0973e-05
0.00023937 6.1388e-08 0.1554 0.0021711 0.00059609 0.0010369 3.2457e-05 9.2069e-05
0.00024106 1.511e-07 0.15614 0.0021749 0.00059947 0.0010395 3.3759e-05 9.3084e-05
0.00024273 2.2075e-07 0.15671 0.0021786 0.00060283 0.0010421 3.4994e-05 9.404e-05
0.00024443 3.3264e-07 0.15758 0.0021824 0.00060622 0.0010448 3.6344e-05 9.5097e-05
