

TREE # 1

  0  0.0000  11030.695779  x:  0.25741   0.07432   0.06392   0.02977   0.19363   0.04317   0.14711   0.13621   0.11546   0.00000   0.23972   0.07658   0.07808   0.22436   0.09695   0.02250   0.03804   0.10786   0.07400   0.00155   0.06917   0.02527   0.04764   0.02728   0.02741   0.01042   0.03252   0.02123   0.07563   0.02694   0.00965   0.07685   0.08354   0.05327   0.03470   0.05763   0.03920   0.03618   0.01488   0.27900   0.01360   0.13137   0.22625   0.04692   0.04769   0.09943   0.20972   0.02991   0.21658   0.15696   0.14434   0.18268   0.02780   0.04251   0.03637   0.07096   0.09256   0.05937   0.42698   0.96191   0.83549  
  1 99.0000  11010.607611  x:  0.25805   0.07432   0.06446   0.03335   0.19435   0.04360   0.14714   0.13690   0.11630   0.00417   0.24084   0.07752   0.07875   0.22542   0.09739   0.02075   0.03630   0.10818   0.07344   0.00000   0.06788   0.02603   0.04729   0.02793   0.02566   0.00918   0.03094   0.02025   0.07553   0.02519   0.00900   0.07685   0.08305   0.05216   0.03341   0.05686   0.03855   0.03494   0.01673   0.27998   0.01686   0.13208   0.22696   0.04828   0.04818   0.09951   0.21103   0.03152   0.21705   0.15757   0.14498   0.18389   0.02738   0.04222   0.03662   0.07055   0.09192   0.05910   0.42820   0.96530   0.83227  
  2 1965.7323  10980.263398  x:  0.25906   0.07425   0.06555   0.03613   0.19608   0.04447   0.14721   0.13869   0.11833   0.00000   0.24357   0.07928   0.07984   0.22813   0.09850   0.01586   0.03140   0.10901   0.07195   0.00000   0.06431   0.02723   0.04644   0.02895   0.02078   0.00671   0.02662   0.01804   0.07526   0.02028   0.00833   0.07692   0.08177   0.04924   0.03003   0.05489   0.03702   0.03173   0.01821   0.28247   0.01724   0.13355   0.22877   0.05116   0.04929   0.09971   0.21423   0.03411   0.21822   0.15914   0.14666   0.18699   0.02637   0.04156   0.03716   0.06948   0.09023   0.05845   0.43106   0.97434   0.82328  
  3 3095.3275  10902.451391  x:  0.26290   0.07370   0.06753   0.02953   0.20069   0.04575   0.14730   0.14349   0.12354   0.00383   0.25170   0.08368   0.08178   0.23568   0.10130   0.00000   0.01554   0.11146   0.06749   0.00000   0.05297   0.02753   0.04461   0.02915   0.00500   0.00628   0.01371   0.01434   0.07443   0.00447   0.01009   0.07773   0.07834   0.04104   0.02088   0.04974   0.03374   0.02318   0.01517   0.28959   0.00905   0.13687   0.23381   0.05550   0.05123   0.10011   0.22285   0.03602   0.22148   0.16339   0.15125   0.19516   0.02427   0.04025   0.03806   0.06664   0.08546   0.05686   0.44024   1.00153   0.79399  
  4 6979.8680  10885.379687  x:  0.26377   0.07345   0.06763   0.02772   0.20164   0.04560   0.14729   0.14429   0.12433   0.00324   0.25338   0.08403   0.08178   0.23727   0.10173   0.00000   0.01103   0.11201   0.06641   0.00000   0.04989   0.02680   0.04455   0.02847   0.00053   0.00808   0.01113   0.01507   0.07427   0.00000   0.01051   0.07825   0.07779   0.03952   0.01963   0.04901   0.03371   0.02210   0.01400   0.29122   0.01166   0.13752   0.23483   0.05486   0.05107   0.10015   0.22465   0.03465   0.22213   0.16416   0.15209   0.19663   0.02426   0.04031   0.03797   0.06618   0.08451   0.05668   0.44245   1.00798   0.78560  
  5 5825.8474  10883.864783  x:  0.26386   0.07341   0.06762   0.02792   0.20172   0.04555   0.14729   0.14433   0.12436   0.00322   0.25351   0.08401   0.08175   0.23740   0.10174   0.00000   0.01050   0.11206   0.06630   0.00000   0.04954   0.02673   0.04458   0.02841   0.00000   0.00820   0.01103   0.01522   0.07426   0.00000   0.01050   0.07834   0.07777   0.03944   0.01965   0.04900   0.03378   0.02212   0.01394   0.29136   0.01159   0.13755   0.23491   0.05467   0.05101   0.10015   0.22477   0.03443   0.22219   0.16421   0.15214   0.19672   0.02431   0.04036   0.03794   0.06617   0.08444   0.05668   0.44267   1.00859   0.78461  
  6 5285.6799  10861.383191  x:  0.26538   0.07279   0.06707   0.02671   0.20253   0.04475   0.14725   0.14430   0.12410   0.00299   0.25519   0.08309   0.08127   0.23906   0.10160   0.00000   0.00000   0.11292   0.06452   0.00000   0.04316   0.02752   0.04530   0.02898   0.00000   0.00640   0.01244   0.01561   0.07431   0.00000   0.00981   0.08026   0.07795   0.03923   0.02143   0.04969   0.03509   0.02393   0.01638   0.29334   0.01141   0.13773   0.23597   0.05175   0.04997   0.10017   0.22603   0.03290   0.22299   0.16449   0.15241   0.19761   0.02524   0.04124   0.03749   0.06640   0.08370   0.05680   0.44627   1.01804   0.76465  
  7 5997.4044  10740.314529  x:  0.27476   0.07038   0.06559   0.02827   0.20430   0.04426   0.14730   0.14066   0.11936   0.00099   0.26140   0.07687   0.07865   0.24339   0.09900   0.00000   0.00000   0.11929   0.05321   0.00000   0.00000   0.03150   0.04751   0.03173   0.00000   0.01158   0.02747   0.00523   0.07487   0.00000   0.01678   0.09348   0.08124   0.04434   0.03090   0.05612   0.03715   0.03287   0.00750   0.30138   0.01258   0.13835   0.24108   0.04999   0.04857   0.10134   0.22841   0.04124   0.22712   0.16340   0.15084   0.19914   0.02726   0.04371   0.03734   0.07016   0.08187   0.05697   0.46648   1.06568   0.61408  
  8 7119.7641  10680.807019  x:  0.27956   0.06966   0.06562   0.02790   0.20468   0.04506   0.14744   0.13870   0.11714   0.00000   0.26398   0.07448   0.07815   0.24494   0.09788   0.00000   0.00000   0.12285   0.04743   0.00000   0.00000   0.03269   0.04780   0.03202   0.00000   0.01392   0.03435   0.01091   0.07508   0.00000   0.01926   0.10017   0.08278   0.04718   0.03384   0.05882   0.03655   0.03544   0.00663   0.30480   0.01230   0.13877   0.24347   0.05259   0.04912   0.10214   0.22904   0.04694   0.22907   0.16264   0.14992   0.19937   0.02718   0.04401   0.03773   0.07196   0.08127   0.05675   0.47628   1.08705   0.53100  
  9 25598.6416  10680.807019  x:  0.27956   0.06966   0.06562   0.02790   0.20468   0.04506   0.14744   0.13870   0.11714   0.00000   0.26398   0.07448   0.07815   0.24494   0.09788   0.00000   0.00000   0.12285   0.04743   0.00000   0.00000   0.03269   0.04780   0.03202   0.00000   0.01392   0.03435   0.01091   0.07508   0.00000   0.01926   0.10017   0.08278   0.04718   0.03384   0.05882   0.03655   0.03544   0.00663   0.30480   0.01230   0.13877   0.24347   0.05259   0.04912   0.10214   0.22904   0.04694   0.22907   0.16264   0.14992   0.19937   0.02718   0.04401   0.03773   0.07196   0.08127   0.05675   0.47628   1.08705   0.53100  
 10 10180.6592  10575.829589  x:  0.28484   0.07022   0.07133   0.06700   0.21093   0.04900   0.14794   0.14517   0.12544   0.03034   0.27338   0.08360   0.08490   0.25442   0.10233   0.00000   0.00000   0.12552   0.04390   0.00000   0.00000   0.03689   0.04425   0.03526   0.00000   0.00000   0.01811   0.00840   0.07406   0.00000   0.00709   0.09918   0.07783   0.03664   0.02088   0.05085   0.03077   0.02292   0.03672   0.31313   0.04740   0.14526   0.24932   0.06374   0.05335   0.10291   0.24074   0.05588   0.23288   0.16814   0.15605   0.20946   0.02326   0.04113   0.03954   0.06762   0.07580   0.05427   0.48625   1.11288   0.49735  
 11 1693.8577  10575.829589  x:  0.28484   0.07022   0.07133   0.06700   0.21093   0.04900   0.14794   0.14517   0.12544   0.03034   0.27338   0.08360   0.08490   0.25442   0.10233   0.00000   0.00000   0.12552   0.04390   0.00000   0.00000   0.03689   0.04425   0.03526   0.00000   0.00000   0.01811   0.00840   0.07406   0.00000   0.00709   0.09918   0.07783   0.03664   0.02088   0.05085   0.03077   0.02292   0.03672   0.31313   0.04740   0.14526   0.24932   0.06374   0.05335   0.10291   0.24074   0.05588   0.23288   0.16814   0.15605   0.20946   0.02326   0.04113   0.03954   0.06762   0.07580   0.05427   0.48625   1.11288   0.49735  
 12 74246.3778  10570.255362  x:  0.28485   0.07022   0.07133   0.06700   0.21093   0.04900   0.14794   0.14517   0.12544   0.03034   0.27338   0.08360   0.08490   0.25442   0.10233   0.00000   0.00000   0.12552   0.04390   0.00000   0.00000   0.03689   0.04425   0.03526   0.00002   0.00318   0.01811   0.00840   0.07406   0.00000   0.00708   0.09918   0.07783   0.03664   0.02087   0.05085   0.03077   0.02291   0.03673   0.31313   0.04740   0.14526   0.24932   0.06374   0.05335   0.10291   0.24074   0.05588   0.23288   0.16814   0.15605   0.20946   0.02326   0.04113   0.03954   0.06762   0.07580   0.05427   0.48625   1.11289   0.49734  
 13 213949.4870  10570.212307  x:  0.28485   0.07022   0.07133   0.06701   0.21093   0.04900   0.14794   0.14518   0.12544   0.03035   0.27338   0.08360   0.08490   0.25443   0.10233   0.00000   0.00000   0.12553   0.04390   0.00000   0.00000   0.03689   0.04425   0.03526   0.00000   0.00318   0.01810   0.00840   0.07405   0.00000   0.00708   0.09918   0.07783   0.03663   0.02087   0.05085   0.03077   0.02291   0.03673   0.31314   0.04740   0.14527   0.24933   0.06374   0.05335   0.10291   0.24075   0.05588   0.23288   0.16815   0.15605   0.20947   0.02325   0.04113   0.03954   0.06762   0.07580   0.05427   0.48626   1.11290   0.49732  
 14 1072.0832  10554.196796  x:  0.28620   0.06961   0.07163   0.06665   0.21281   0.04893   0.14806   0.14691   0.12741   0.03059   0.27668   0.08453   0.08497   0.25782   0.10327   0.00000   0.00000   0.12627   0.04391   0.00000   0.00000   0.03643   0.04435   0.03475   0.00000   0.00321   0.01388   0.00102   0.07389   0.00000   0.01447   0.09916   0.07686   0.03501   0.02144   0.04960   0.03184   0.02320   0.03641   0.31628   0.04743   0.14638   0.25138   0.06432   0.05333   0.10299   0.24447   0.05611   0.23429   0.16988   0.15804   0.21285   0.02368   0.04140   0.03948   0.06669   0.07448   0.05416   0.49035   1.12428   0.48005  
 15 2028.5348  10496.266074  x:  0.29132   0.06656   0.07152   0.06017   0.21992   0.04748   0.14848   0.15296   0.13409   0.02722   0.28941   0.08636   0.08388   0.27118   0.10623   0.00000   0.00000   0.12889   0.04521   0.00000   0.00000   0.03323   0.04606   0.03153   0.00000   0.00333   0.00000   0.00397   0.07350   0.00000   0.05100   0.09942   0.07400   0.03117   0.02939   0.04654   0.03891   0.02956   0.03313   0.32878   0.04481   0.14999   0.25928   0.06343   0.05177   0.10314   0.25866   0.05491   0.23983   0.17627   0.16544   0.22566   0.02707   0.04372   0.03863   0.06384   0.07007   0.05441   0.50694   1.17023   0.40836  
 16 6361.8716  10419.577767  x:  0.30293   0.06003   0.07192   0.04817   0.23604   0.04481   0.14945   0.16695   0.14965   0.02181   0.31817   0.09139   0.08209   0.30124   0.11325   0.00000   0.00000   0.13494   0.04750   0.00000   0.00000   0.02676   0.04925   0.02492   0.00000   0.00360   0.00020   0.01012   0.07250   0.00000   0.12857   0.09984   0.06711   0.02128   0.04439   0.03874   0.05332   0.04124   0.02678   0.35682   0.04030   0.15849   0.27715   0.06300   0.04898   0.10356   0.29081   0.05326   0.25230   0.19084   0.18227   0.25471   0.03382   0.04829   0.03702   0.05706   0.05977   0.05462   0.54403   1.27300   0.24893  
 17 38316.7191  10399.887012  x:  0.32030   0.05487   0.07591   0.07303   0.24861   0.04911   0.15204   0.16528   0.15260   0.01268   0.34458   0.08552   0.07811   0.33006   0.11019   0.00000   0.00000   0.13731   0.04982   0.00000   0.00000   0.06493   0.04970   0.06911   0.00000   0.00367   0.00024   0.01284   0.07752   0.00000   0.17163   0.10393   0.07600   0.05367   0.05959   0.05791   0.04317   0.04989   0.03148   0.38664   0.03791   0.16362   0.29479   0.05520   0.04924   0.10881   0.31646   0.04730   0.26519   0.19720   0.19074   0.27448   0.02807   0.04921   0.03911   0.06846   0.06468   0.04970   0.59137   1.36575   0.27013  
 18 385.9330  10381.087978  x:  0.34358   0.05347   0.07487   0.05935   0.25683   0.04821   0.15431   0.15802   0.15005   0.01202   0.37218   0.07881   0.07595   0.35874   0.10355   0.00000   0.00000   0.13784   0.04419   0.00000   0.00000   0.03545   0.04467   0.03710   0.00000   0.00373   0.00030   0.01519   0.07690   0.00000   0.20295   0.10599   0.07964   0.05968   0.06669   0.06164   0.02605   0.04865   0.03210   0.41888   0.03854   0.16740   0.31320   0.05677   0.05050   0.11332   0.33950   0.04610   0.27852   0.19861   0.19351   0.29063   0.02379   0.04529   0.03755   0.07264   0.06966   0.04931   0.65218   1.47838   0.33050  
 19 429.7981  10377.058486  x:  0.34962   0.05811   0.07359   0.06143   0.25165   0.04700   0.15351   0.15191   0.14226   0.00000   0.37228   0.07424   0.07455   0.35857   0.09889   0.00000   0.00000   0.13553   0.04806   0.00000   0.00000   0.04000   0.04864   0.03319   0.00000   0.00374   0.00030   0.01499   0.07570   0.00000   0.19653   0.10363   0.07680   0.04990   0.06370   0.05637   0.04772   0.04233   0.02490   0.42240   0.03476   0.16254   0.31225   0.05373   0.04747   0.11093   0.33388   0.04604   0.27814   0.19075   0.18452   0.28351   0.02916   0.04564   0.03997   0.06862   0.07056   0.05438   0.67404   1.51971   0.34129  
 20 174.2821  10377.058486  x:  0.34962   0.05811   0.07359   0.06143   0.25165   0.04700   0.15351   0.15191   0.14226   0.00000   0.37228   0.07424   0.07455   0.35857   0.09889   0.00000   0.00000   0.13553   0.04806   0.00000   0.00000   0.04000   0.04864   0.03319   0.00000   0.00374   0.00030   0.01499   0.07570   0.00000   0.19653   0.10363   0.07680   0.04990   0.06370   0.05637   0.04772   0.04233   0.02490   0.42240   0.03476   0.16254   0.31225   0.05373   0.04747   0.11093   0.33388   0.04604   0.27814   0.19075   0.18452   0.28351   0.02916   0.04564   0.03997   0.06862   0.07056   0.05438   0.67404   1.51971   0.34129  
 21 163.5723  10374.296494  x:  0.34976   0.05822   0.07383   0.06222   0.25179   0.04720   0.15352   0.15223   0.14259   0.00096   0.37251   0.07471   0.07486   0.35875   0.09913   0.00000   0.00000   0.13564   0.04781   0.00000   0.00000   0.04004   0.04839   0.03338   0.00000   0.00354   0.01244   0.01452   0.07563   0.00000   0.19533   0.10355   0.07650   0.04914   0.06265   0.05584   0.04712   0.04136   0.02529   0.42256   0.03533   0.16275   0.31238   0.05440   0.04776   0.11094   0.33415   0.04648   0.27821   0.19092   0.18470   0.28378   0.02882   0.04543   0.04002   0.06835   0.07026   0.05420   0.67430   1.52051   0.34005  
 22 3119.3440  10323.199859  x:  0.35328   0.06070   0.07967   0.08103   0.25520   0.05201   0.15360   0.15985   0.15067   0.02367   0.37806   0.08602   0.08221   0.36321   0.10484   0.00000   0.00000   0.13851   0.04163   0.00000   0.00000   0.04104   0.04218   0.03791   0.00000   0.00000   0.01212   0.00362   0.07392   0.00000   0.16596   0.10161   0.06934   0.03048   0.03695   0.04291   0.03251   0.01757   0.03459   0.42629   0.04904   0.16764   0.31552   0.07055   0.05489   0.11113   0.34070   0.05725   0.28002   0.19527   0.18921   0.29029   0.02085   0.04047   0.04114   0.06189   0.06312   0.04997   0.68074   1.54016   0.30996  
 23 900.5765  10323.199859  x:  0.35328   0.06070   0.07967   0.08103   0.25520   0.05201   0.15360   0.15985   0.15067   0.02367   0.37806   0.08602   0.08221   0.36321   0.10484   0.00000   0.00000   0.13851   0.04163   0.00000   0.00000   0.04104   0.04218   0.03791   0.00000   0.00000   0.01212   0.00362   0.07392   0.00000   0.16596   0.10161   0.06934   0.03048   0.03695   0.04291   0.03251   0.01757   0.03459   0.42629   0.04904   0.16764   0.31552   0.07055   0.05489   0.11113   0.34070   0.05725   0.28002   0.19527   0.18921   0.29029   0.02085   0.04047   0.04114   0.06189   0.06312   0.04997   0.68074   1.54016   0.30996  
 24 426467.0114  10317.598461  x:  0.35328   0.06070   0.07967   0.08104   0.25520   0.05201   0.15360   0.15985   0.15067   0.02367   0.37806   0.08603   0.08221   0.36321   0.10484   0.00000   0.00000   0.13851   0.04162   0.00000   0.00000   0.04104   0.04218   0.03791   0.00002   0.00318   0.01212   0.00363   0.07392   0.00000   0.16596   0.10161   0.06934   0.03047   0.03695   0.04291   0.03251   0.01757   0.03459   0.42629   0.04904   0.16765   0.31552   0.07055   0.05489   0.11113   0.34070   0.05725   0.28002   0.19527   0.18921   0.29029   0.02085   0.04047   0.04114   0.06189   0.06311   0.04997   0.68074   1.54016   0.30995  
 25 218480.9505  10317.567120  x:  0.35328   0.06070   0.07967   0.08104   0.25520   0.05201   0.15360   0.15985   0.15068   0.02368   0.37807   0.08603   0.08222   0.36321   0.10484   0.00000   0.00000   0.13851   0.04162   0.00000   0.00000   0.04104   0.04218   0.03791   0.00000   0.00318   0.01211   0.00365   0.07392   0.00000   0.16595   0.10161   0.06934   0.03047   0.03694   0.04291   0.03251   0.01756   0.03460   0.42629   0.04905   0.16765   0.31552   0.07055   0.05489   0.11113   0.34070   0.05725   0.28002   0.19527   0.18921   0.29029   0.02085   0.04047   0.04114   0.06189   0.06311   0.04997   0.68075   1.54017   0.30995  
 26 868.9136  10301.210633  x:  0.35435   0.06105   0.08119   0.08556   0.25665   0.05311   0.15362   0.16283   0.15386   0.02907   0.38049   0.08936   0.08399   0.36532   0.10699   0.00000   0.00000   0.13961   0.04028   0.00000   0.00000   0.04128   0.04087   0.03814   0.00000   0.00323   0.00065   0.00310   0.07339   0.00000   0.15099   0.10116   0.06697   0.02439   0.02590   0.03912   0.02902   0.00989   0.03617   0.42804   0.05203   0.16924   0.31683   0.07501   0.05646   0.11103   0.34361   0.06005   0.28080   0.19713   0.19127   0.29315   0.01961   0.03955   0.04149   0.05975   0.06091   0.04923   0.68369   1.54947   0.29991  
 27 1509.7405  10287.311605  x:  0.35571   0.06146   0.08308   0.09120   0.25850   0.05446   0.15366   0.16660   0.15791   0.03585   0.38360   0.09355   0.08620   0.36804   0.10971   0.00000   0.00000   0.14101   0.03864   0.00000   0.00000   0.04159   0.03929   0.03843   0.00000   0.00329   0.00302   0.00265   0.07273   0.00000   0.13162   0.10062   0.06402   0.01702   0.01211   0.03448   0.02488   0.00122   0.03811   0.43029   0.05576   0.17126   0.31850   0.08060   0.05840   0.11090   0.34734   0.06355   0.28180   0.19951   0.19391   0.29682   0.01814   0.03845   0.04193   0.05708   0.05817   0.04833   0.68749   1.56145   0.28743  
 28 3151.3960  10278.050386  x:  0.35685   0.06176   0.08462   0.09580   0.26006   0.05555   0.15369   0.16975   0.16130   0.04145   0.38624   0.09702   0.08800   0.37036   0.11197   0.00000   0.00000   0.14218   0.03737   0.00000   0.00000   0.04183   0.03806   0.03865   0.00000   0.00333   0.00411   0.00240   0.07220   0.00000   0.11498   0.10022   0.06161   0.01156   0.00183   0.03086   0.02185   0.00494   0.03965   0.43222   0.05879   0.17293   0.31992   0.08519   0.05997   0.11078   0.35051   0.06640   0.28265   0.20152   0.19614   0.29992   0.01705   0.03761   0.04228   0.05492   0.05596   0.04765   0.69074   1.57166   0.27738  
 29 4100.0316  10257.852794  x:  0.36034   0.06234   0.08905   0.10926   0.26494   0.05858   0.15378   0.17936   0.17173   0.05822   0.39456   0.10736   0.09315   0.37774   0.11881   0.00000   0.00000   0.14571   0.03415   0.00000   0.00000   0.04254   0.03498   0.03924   0.00000   0.00342   0.00628   0.00185   0.07069   0.00000   0.06141   0.09879   0.05568   0.00200   0.01250   0.02217   0.01606   0.00921   0.04391   0.43835   0.06760   0.17800   0.32435   0.09878   0.06438   0.11040   0.36051   0.07474   0.28531   0.20775   0.20312   0.30968   0.01464   0.03554   0.04326   0.04885   0.04977   0.04592   0.70112   1.60410   0.24949  
 30 2011.0736  10243.062721  x:  0.36353   0.06266   0.09292   0.12115   0.26944   0.06116   0.15386   0.18807   0.18124   0.07333   0.40228   0.11663   0.09764   0.38463   0.12497   0.00000   0.00000   0.14890   0.03170   0.00000   0.00000   0.04314   0.03264   0.03971   0.00000   0.00351   0.00772   0.00147   0.06942   0.00000   0.01107   0.09774   0.05098   0.01328   0.01758   0.01620   0.01298   0.01173   0.04753   0.44409   0.07536   0.18258   0.32845   0.11090   0.06817   0.11003   0.36978   0.08209   0.28779   0.21347   0.20957   0.31871   0.01306   0.03401   0.04408   0.04377   0.04462   0.04459   0.71086   1.63437   0.22661  
 31 5976.7625  10240.237554  x:  0.36403   0.06243   0.09325   0.12245   0.27017   0.06130   0.15388   0.18928   0.18266   0.07540   0.40361   0.11781   0.09803   0.38589   0.12578   0.00000   0.00000   0.14932   0.03201   0.00000   0.00000   0.04319   0.03297   0.03971   0.00000   0.00352   0.00774   0.00147   0.06936   0.00000   0.00314   0.09769   0.05092   0.01296   0.01746   0.01895   0.01588   0.01172   0.04772   0.44514   0.07617   0.18319   0.32914   0.11238   0.06843   0.10996   0.37138   0.08286   0.28822   0.21436   0.21063   0.32024   0.01368   0.03429   0.04410   0.04378   0.04466   0.04474   0.71268   1.63978   0.22749  
 32 996.5569  10222.662515  x:  0.37505   0.05666   0.10024   0.15094   0.28654   0.06397   0.15411   0.21620   0.21429   0.12119   0.43363   0.14393   0.10640   0.41420   0.14361   0.00000   0.00000   0.15852   0.03778   0.00000   0.00000   0.04420   0.03914   0.03952   0.00000   0.00363   0.00901   0.00108   0.06816   0.00000   0.01564   0.09669   0.05033   0.01575   0.01989   0.04335   0.03579   0.01363   0.05147   0.46890   0.09382   0.19684   0.34455   0.14486   0.07386   0.10824   0.40752   0.09966   0.29782   0.23435   0.23430   0.35455   0.02366   0.03957   0.04435   0.04418   0.04520   0.04702   0.75409   1.76347   0.24400  
 33 424.2990  10209.144472  x:  0.37980   0.04434   0.09616   0.15322   0.29538   0.05807   0.15309   0.22670   0.22976   0.13984   0.45319   0.15071   0.10187   0.43442   0.14743   0.00000   0.00000   0.15952   0.04004   0.00000   0.00000   0.04220   0.04111   0.03800   0.00000   0.00369   0.00918   0.00103   0.07076   0.00000   0.00904   0.09830   0.06179   0.01572   0.02052   0.02767   0.01502   0.01394   0.04253   0.48596   0.09294   0.20050   0.35325   0.15192   0.06859   0.10680   0.43138   0.09827   0.30290   0.24394   0.24690   0.37627   0.01829   0.04139   0.04123   0.05665   0.05547   0.04566   0.78672   1.86442   0.28393  
 34 583.9710  10197.726760  x:  0.37977   0.02777   0.08586   0.13890   0.29970   0.04913   0.15062   0.22749   0.23719   0.14241   0.46806   0.14457   0.08809   0.45196   0.14160   0.00000   0.00000   0.15432   0.03573   0.00000   0.00000   0.04030   0.03644   0.03791   0.00000   0.00375   0.00892   0.00110   0.07340   0.00000   0.01004   0.10011   0.06734   0.01501   0.01962   0.01128   0.03349   0.01351   0.02498   0.50071   0.07972   0.19719   0.35781   0.14221   0.05859   0.10648   0.45000   0.08451   0.30460   0.24653   0.25220   0.39229   0.01157   0.03701   0.04031   0.05966   0.05832   0.04581   0.81927   1.97615   0.28244  
 35 529.4329  10185.430565  x:  0.37830   0.00911   0.07342   0.11734   0.30341   0.04014   0.14751   0.22520   0.24408   0.14048   0.48452   0.13325   0.07000   0.47244   0.13193   0.00000   0.00000   0.14651   0.03047   0.00000   0.00000   0.03895   0.03089   0.03822   0.00000   0.00381   0.00869   0.00118   0.07598   0.00000   0.01108   0.10208   0.07153   0.01476   0.01910   0.02679   0.02732   0.01324   0.00471   0.51790   0.06130   0.19139   0.36200   0.12555   0.04735   0.10715   0.47079   0.06530   0.30564   0.24719   0.25600   0.40977   0.00727   0.03174   0.04028   0.06025   0.05929   0.04695   0.85900   2.11635   0.27059  
 36 1745.3333  10176.149841  x:  0.37482   0.01026   0.07018   0.09345   0.30334   0.04567   0.14583   0.21591   0.24761   0.12774   0.49562   0.11588   0.05895   0.48959   0.12005   0.00000   0.00000   0.13850   0.03837   0.00000   0.00000   0.04221   0.03971   0.03939   0.00000   0.00386   0.00828   0.00130   0.07541   0.00000   0.00977   0.10288   0.06731   0.01409   0.01835   0.02445   0.02114   0.01262   0.02031   0.53205   0.04751   0.18447   0.36307   0.10210   0.04747   0.11174   0.48527   0.04958   0.30503   0.24209   0.25342   0.42114   0.03630   0.03771   0.04366   0.05328   0.05565   0.05485   0.89552   2.25259   0.26664  
 37 767.5115  10166.329101  x:  0.36944   0.03440   0.08278   0.08172   0.29829   0.06087   0.14674   0.19882   0.24422   0.10189   0.49936   0.09437   0.06435   0.50038   0.11013   0.00000   0.00000   0.13474   0.03804   0.00000   0.00000   0.04315   0.03841   0.03873   0.00000   0.00391   0.00824   0.00132   0.07155   0.00000   0.01026   0.10120   0.05587   0.01438   0.01852   0.02808   0.02240   0.01256   0.04224   0.54060   0.04724   0.17891   0.36057   0.07882   0.06052   0.11845   0.49050   0.04832   0.30309   0.23031   0.24219   0.42368   0.01355   0.03910   0.04097   0.04757   0.04651   0.04106   0.92768   2.38574   0.27589  
 38 495.5914  10159.368857  x:  0.36150   0.04655   0.09455   0.10270   0.28725   0.05674   0.15076   0.17839   0.21950   0.06084   0.49165   0.07898   0.08309   0.49698   0.11131   0.00000   0.00000   0.14341   0.02896   0.00000   0.00000   0.03881   0.02978   0.03867   0.00000   0.00394   0.00825   0.00132   0.07023   0.00000   0.01030   0.09844   0.05826   0.01444   0.01850   0.02863   0.02213   0.01261   0.03793   0.53730   0.06074   0.17763   0.35463   0.07929   0.06214   0.11679   0.47960   0.06676   0.30000   0.21353   0.22170   0.41107   0.01939   0.03398   0.04457   0.05545   0.05754   0.05589   0.94903   2.50290   0.27886  
 39 272.8825  10156.703209  x:  0.35924   0.04866   0.09467   0.11035   0.28116   0.05189   0.15290   0.17330   0.20319   0.04293   0.48534   0.07952   0.08999   0.49086   0.11399   0.00000   0.00000   0.14902   0.04231   0.00000   0.00000   0.04298   0.04356   0.03956   0.00000   0.00396   0.00821   0.00134   0.07119   0.00000   0.01010   0.09855   0.05977   0.01432   0.01838   0.02818   0.02153   0.01256   0.03030   0.53209   0.06481   0.17785   0.35138   0.08651   0.05980   0.11405   0.46964   0.07341   0.29814   0.20736   0.21267   0.40016   0.01604   0.03735   0.04338   0.05244   0.05521   0.05484   0.95608   2.55499   0.27840  
 40 318.4499  10154.440743  x:  0.36191   0.05206   0.08810   0.10807   0.27494   0.05252   0.15465   0.17873   0.18469   0.03493   0.47516   0.09435   0.09217   0.47780   0.11687   0.00000   0.00000   0.15320   0.03715   0.00000   0.00000   0.04371   0.03767   0.03824   0.00000   0.00396   0.00823   0.00134   0.07275   0.00000   0.00994   0.09971   0.05776   0.01442   0.01852   0.02772   0.02085   0.01259   0.02682   0.52131   0.06444   0.17890   0.34741   0.09774   0.05861   0.11156   0.45204   0.07347   0.29599   0.20668   0.20813   0.38161   0.02262   0.04194   0.04158   0.04365   0.04457   0.04561   0.95824   2.60145   0.28611  
 41 157.5127  10152.909308  x:  0.36755   0.05792   0.08364   0.10305   0.27115   0.05739   0.15457   0.18788   0.17336   0.03633   0.46367   0.10963   0.09085   0.46246   0.11763   0.00000   0.00000   0.15385   0.03740   0.00000   0.00000   0.04198   0.03926   0.04009   0.00000   0.00397   0.00829   0.00133   0.07169   0.00000   0.01020   0.10055   0.05689   0.01454   0.01866   0.02856   0.02158   0.01267   0.03157   0.50880   0.06340   0.17989   0.34333   0.10301   0.06063   0.11156   0.43259   0.06955   0.29432   0.21026   0.20869   0.36216   0.02234   0.03807   0.04368   0.05479   0.05225   0.04264   0.95638   2.63883   0.28524  
 42 152.3512  10152.204830  x:  0.37233   0.05997   0.08596   0.10449   0.27176   0.05653   0.15271   0.19169   0.17441   0.04135   0.45510   0.11360   0.08813   0.45119   0.11665   0.00000   0.00000   0.15185   0.03872   0.00000   0.00000   0.04261   0.03859   0.03770   0.00000   0.00397   0.00832   0.00133   0.07099   0.00000   0.01018   0.09996   0.06021   0.01455   0.01867   0.02870   0.02150   0.01274   0.03374   0.49978   0.06416   0.18058   0.34096   0.09975   0.06066   0.11248   0.41969   0.06745   0.29437   0.21455   0.21261   0.35091   0.01777   0.03677   0.04180   0.04939   0.05345   0.05358   0.95184   2.65800   0.28727  
 43 85.6868  10151.880631  x:  0.37503   0.05740   0.08841   0.10764   0.27407   0.05363   0.15106   0.19123   0.18013   0.04461   0.44900   0.11090   0.08648   0.44344   0.11639   0.00000   0.00000   0.15007   0.03690   0.00000   0.00000   0.04244   0.04000   0.04150   0.00000   0.00397   0.00834   0.00133   0.07165   0.00000   0.01014   0.09925   0.05865   0.01461   0.01872   0.02858   0.02139   0.01276   0.03336   0.49361   0.06558   0.18150   0.34017   0.09577   0.05975   0.11275   0.41212   0.06860   0.29542   0.21705   0.21623   0.34588   0.01811   0.03987   0.04478   0.05045   0.05127   0.05206   0.94604   2.66823   0.28860  
 44 53.9169  10151.697615  x:  0.37638   0.05408   0.08895   0.10861   0.27603   0.05319   0.15045   0.18997   0.18524   0.04620   0.44493   0.10754   0.08639   0.43835   0.11697   0.00000   0.00000   0.14929   0.03883   0.00000   0.00000   0.04252   0.03898   0.03833   0.00000   0.00397   0.00834   0.00134   0.07180   0.00000   0.01016   0.09931   0.05789   0.01463   0.01875   0.02856   0.02141   0.01276   0.03327   0.48949   0.06639   0.18251   0.34027   0.09439   0.05986   0.11273   0.40787   0.07039   0.29652   0.21790   0.21833   0.34404   0.02029   0.03800   0.04292   0.05114   0.05127   0.04816   0.94036   2.67456   0.28898  
 45 53.4831  10151.595635  x:  0.37670   0.05098   0.08718   0.10635   0.27732   0.05569   0.15121   0.18875   0.18909   0.04660   0.44250   0.10501   0.08811   0.43526   0.11828   0.00000   0.00000   0.14952   0.03754   0.00000   0.00000   0.04261   0.03973   0.03976   0.00000   0.00397   0.00835   0.00134   0.07132   0.00000   0.01017   0.09990   0.05948   0.01461   0.01873   0.02861   0.02148   0.01277   0.03387   0.48680   0.06601   0.18365   0.34129   0.09638   0.06087   0.11236   0.40637   0.07172   0.29754   0.21698   0.21861   0.34491   0.02002   0.03817   0.04174   0.04981   0.05259   0.04799   0.93340   2.67886   0.28917  
 46 25.4584  10151.534700  x:  0.37667   0.05005   0.08619   0.10477   0.27792   0.05635   0.15204   0.18821   0.19097   0.04701   0.44142   0.10437   0.08941   0.43368   0.11898   0.00000   0.00000   0.14979   0.03842   0.00000   0.00000   0.04261   0.03885   0.03880   0.00000   0.00397   0.00835   0.00135   0.07125   0.00000   0.01016   0.10011   0.05885   0.01462   0.01875   0.02860   0.02145   0.01277   0.03409   0.48530   0.06536   0.18423   0.34225   0.09782   0.06089   0.11200   0.40634   0.07173   0.29817   0.21574   0.21807   0.34650   0.01915   0.03863   0.04406   0.05060   0.05147   0.04946   0.92685   2.68182   0.28962  
 47 25.6154  10151.424149  x:  0.37615   0.05167   0.08693   0.10454   0.27825   0.05433   0.15327   0.18823   0.19194   0.04846   0.44085   0.10595   0.09064   0.43205   0.11893   0.00000   0.00000   0.14985   0.03771   0.00000   0.00000   0.04230   0.03979   0.03933   0.00000   0.00396   0.00834   0.00137   0.07186   0.00000   0.01014   0.09956   0.05658   0.01467   0.01879   0.02858   0.02137   0.01276   0.03403   0.48344   0.06430   0.18443   0.34408   0.09807   0.05978   0.11178   0.40825   0.06955   0.29904   0.21310   0.21602   0.35089   0.01933   0.03749   0.04187   0.05143   0.05077   0.05046   0.91058   2.68773   0.29041  
 48 22.6972  10151.322005  x:  0.37534   0.05271   0.08820   0.10596   0.27806   0.05362   0.15344   0.18880   0.19084   0.04963   0.44106   0.10780   0.09049   0.43144   0.11826   0.00000   0.00000   0.14968   0.03832   0.00000   0.00000   0.04269   0.03875   0.03912   0.00000   0.00396   0.00834   0.00140   0.07169   0.00000   0.01016   0.09935   0.05911   0.01464   0.01874   0.02864   0.02146   0.01278   0.03400   0.48246   0.06435   0.18409   0.34536   0.09672   0.05994   0.11228   0.41069   0.06764   0.29956   0.21174   0.21467   0.35475   0.01969   0.03911   0.04280   0.05048   0.05262   0.04858   0.89412   2.69337   0.29026  
 49 42.7119  10151.262344  x:  0.37462   0.05149   0.08792   0.10710   0.27746   0.05525   0.15237   0.18930   0.18848   0.04971   0.44189   0.10802   0.08928   0.43220   0.11786   0.00000   0.00000   0.14965   0.03785   0.00000   0.00000   0.04237   0.03985   0.03903   0.00000   0.00395   0.00835   0.00141   0.07120   0.00000   0.01014   0.09972   0.05966   0.01464   0.01875   0.02861   0.02143   0.01279   0.03389   0.48291   0.06553   0.18358   0.34537   0.09551   0.06075   0.11271   0.41224   0.06810   0.29948   0.21296   0.21533   0.35577   0.01976   0.03723   0.04383   0.05025   0.05139   0.04855   0.88474   2.69638   0.29094  
 50 23.6438  10151.212635  x:  0.37397   0.05062   0.08703   0.10736   0.27673   0.05637   0.15115   0.18955   0.18654   0.04961   0.44300   0.10739   0.08811   0.43359   0.11781   0.00000   0.00000   0.14978   0.03830   0.00000   0.00000   0.04256   0.03906   0.03924   0.00000   0.00395   0.00834   0.00143   0.07122   0.00000   0.01013   0.10001   0.05819   0.01466   0.01877   0.02860   0.02142   0.01277   0.03398   0.48399   0.06655   0.18307   0.34485   0.09507   0.06092   0.11263   0.41330   0.06946   0.29904   0.21504   0.21669   0.35540   0.01939   0.03880   0.04241   0.05095   0.05150   0.04936   0.87761   2.69867   0.29102  
 51 24.1501  10151.138314  x:  0.37338   0.05329   0.08630   0.10574   0.27576   0.05455   0.15048   0.18911   0.18672   0.04999   0.44532   0.10508   0.08762   0.43699   0.11844   0.00000   0.00000   0.15021   0.03778   0.00000   0.00000   0.04281   0.03943   0.03879   0.00000   0.00394   0.00833   0.00147   0.07225   0.00000   0.01013   0.09956   0.05812   0.01467   0.01875   0.02870   0.02140   0.01276   0.03446   0.48687   0.06614   0.18248   0.34313   0.09697   0.05963   0.11158   0.41368   0.07181   0.29749   0.21839   0.21899   0.35196   0.01932   0.03823   0.04337   0.05000   0.05256   0.04892   0.87008   2.70125   0.29113  
 52 12.6914  10151.070158  x:  0.37322   0.05421   0.08735   0.10559   0.27568   0.05441   0.15143   0.18893   0.18794   0.05093   0.44737   0.10371   0.08806   0.43994   0.11858   0.00000   0.00000   0.15025   0.03888   0.00000   0.00000   0.04183   0.03863   0.04008   0.00000   0.00393   0.00832   0.00151   0.07108   0.00000   0.01012   0.09945   0.05988   0.01463   0.01871   0.02865   0.02142   0.01277   0.03338   0.48957   0.06472   0.18231   0.34152   0.09856   0.06061   0.11197   0.41313   0.07175   0.29591   0.21923   0.21949   0.34811   0.01990   0.03803   0.04253   0.05105   0.05080   0.04895   0.86620   2.70293   0.29110  
 53 14.1016  10150.950166  x:  0.37335   0.05214   0.08899   0.10675   0.27642   0.05555   0.15366   0.18907   0.18975   0.05290   0.45037   0.10320   0.08957   0.44418   0.11818   0.00000   0.00000   0.14986   0.03708   0.00000   0.00000   0.04313   0.04019   0.03776   0.00000   0.00391   0.00831   0.00159   0.07036   0.00000   0.01009   0.09962   0.05903   0.01466   0.01872   0.02852   0.02146   0.01276   0.03199   0.49373   0.06345   0.18262   0.33926   0.09960   0.06170   0.11307   0.41153   0.07010   0.29374   0.21798   0.21841   0.34232   0.01998   0.03933   0.04254   0.05153   0.05123   0.04897   0.86294   2.70512   0.29132  
 54 18.8253  10150.786010  x:  0.37382   0.04821   0.08900   0.10787   0.27775   0.05618   0.15536   0.18937   0.19150   0.05510   0.45335   0.10428   0.09151   0.44836   0.11771   0.00000   0.00000   0.14941   0.03881   0.00000   0.00000   0.04314   0.03874   0.04001   0.00000   0.00388   0.00831   0.00169   0.07175   0.00000   0.01006   0.10009   0.05678   0.01473   0.01877   0.02856   0.02144   0.01275   0.03304   0.49823   0.06458   0.18362   0.33731   0.09901   0.06049   0.11339   0.40930   0.06899   0.29227   0.21498   0.21619   0.33723   0.01960   0.03761   0.04357   0.04946   0.05295   0.04856   0.86150   2.70748   0.29234  
 55 25.2388  10150.464597  x:  0.37494   0.04632   0.08559   0.10713   0.27976   0.05488   0.15382   0.18979   0.19417   0.05670   0.45583   0.10800   0.09193   0.45179   0.11776   0.00000   0.00000   0.14946   0.03804   0.00000   0.00000   0.03955   0.03977   0.03831   0.00000   0.00383   0.00828   0.00190   0.07338   0.00000   0.01012   0.09995   0.06029   0.01470   0.01867   0.02909   0.02173   0.01275   0.03671   0.50298   0.06930   0.18581   0.33668   0.09599   0.05807   0.11198   0.40585   0.07130   0.29337   0.21007   0.21333   0.33534   0.01878   0.03917   0.04217   0.05109   0.05071   0.04848   0.86414   2.71108   0.29146  
 56 17.6783  10149.682803  x:  0.37734   0.05027   0.08199   0.10549   0.28308   0.05408   0.14721   0.19110   0.19916   0.05601   0.45739   0.11444   0.08630   0.45374   0.11904   0.00000   0.00000   0.15107   0.03753   0.00000   0.00000   0.04995   0.03845   0.04004   0.00000   0.00368   0.00818   0.00246   0.07069   0.00000   0.00996   0.09847   0.06138   0.01473   0.01851   0.02900   0.02184   0.01267   0.03324   0.50844   0.07314   0.18964   0.33951   0.09348   0.06217   0.11025   0.39978   0.07705   0.30014   0.20416   0.21179   0.34035   0.01951   0.03740   0.04199   0.05317   0.04971   0.04925   0.87642   2.71898   0.29219  
 57 29.9908  10148.512788  x:  0.37963   0.05500   0.08527   0.10638   0.28555   0.05678   0.14213   0.19357   0.20157   0.05225   0.45614   0.11836   0.07852   0.45216   0.12068   0.00000   0.00000   0.15274   0.03908   0.00000   0.00000   0.03963   0.04014   0.03912   0.00000   0.00348   0.00799   0.00326   0.06785   0.00000   0.00961   0.09845   0.05577   0.01479   0.01834   0.02855   0.02159   0.01246   0.02632   0.51104   0.07090   0.19241   0.34573   0.09660   0.06669   0.10970   0.39517   0.07961   0.30989   0.20379   0.21524   0.35213   0.01993   0.03891   0.04389   0.04875   0.05426   0.04929   0.89682   2.72964   0.29331  
 58 61.8939  10146.848840  x:  0.38104   0.05176   0.09682   0.11362   0.28425   0.05851   0.14850   0.19743   0.19414   0.04686   0.44934   0.11480   0.08036   0.44453   0.12083   0.00000   0.00000   0.15194   0.03790   0.00000   0.00000   0.04274   0.03869   0.03941   0.00000   0.00318   0.00776   0.00444   0.07683   0.00000   0.00953   0.10137   0.05921   0.01478   0.01800   0.02976   0.02225   0.01226   0.03617   0.50651   0.06349   0.19103   0.35554   0.10758   0.06064   0.11168   0.39866   0.07240   0.31993   0.21762   0.22836   0.37294   0.01782   0.03819   0.04266   0.05155   0.05176   0.04853   0.93109   2.74527   0.29283  
 59 65.2861  10146.239154  x:  0.38172   0.05088   0.09197   0.11387   0.28082   0.05272   0.15401   0.19710   0.19001   0.05159   0.44588   0.11170   0.08966   0.43928   0.12103   0.00000   0.00000   0.15133   0.03779   0.00000   0.00000   0.04261   0.03887   0.03936   0.00000   0.00308   0.00769   0.00485   0.06697   0.00000   0.00943   0.09921   0.05790   0.01486   0.01792   0.02996   0.02224   0.01221   0.03757   0.49917   0.06735   0.18758   0.35638   0.10686   0.06130   0.11398   0.40835   0.06854   0.31745   0.22575   0.23185   0.37862   0.01775   0.03837   0.04284   0.05061   0.05225   0.04757   0.94480   2.75083   0.29352  
 60 49.8324  10145.928676  x:  0.38175   0.05427   0.08888   0.11386   0.27812   0.05648   0.15548   0.19637   0.19036   0.05769   0.44402   0.11015   0.09520   0.43473   0.12198   0.00000   0.00000   0.15136   0.03846   0.00000   0.00000   0.04230   0.03932   0.03945   0.00000   0.00302   0.00765   0.00506   0.07296   0.00000   0.00934   0.09894   0.05841   0.01486   0.01786   0.02972   0.02222   0.01218   0.03230   0.49072   0.07014   0.18416   0.35463   0.10373   0.06286   0.11358   0.41957   0.06794   0.31096   0.22956   0.23078   0.37938   0.01900   0.03871   0.04285   0.05068   0.05209   0.04775   0.95276   2.75390   0.29363  
 61 39.6538  10145.800031  x:  0.38007   0.05321   0.09134   0.11417   0.27802   0.05750   0.15205   0.19656   0.19171   0.05970   0.44376   0.11086   0.09319   0.43211   0.12290   0.00000   0.00000   0.15158   0.03827   0.00000   0.00000   0.04262   0.03922   0.03947   0.00000   0.00300   0.00764   0.00515   0.07070   0.00000   0.00934   0.10069   0.05839   0.01487   0.01788   0.02982   0.02228   0.01217   0.03361   0.48358   0.06783   0.18306   0.35288   0.10436   0.06053   0.11075   0.42886   0.07064   0.30404   0.22900   0.22761   0.37743   0.01873   0.03863   0.04282   0.05077   0.05211   0.04758   0.95633   2.75536   0.29407  
 62 20.1239  10145.768926  x:  0.37889   0.05216   0.09138   0.11412   0.27849   0.05583   0.15146   0.19695   0.19222   0.05927   0.44386   0.11124   0.09159   0.43156   0.12293   0.00000   0.00000   0.15149   0.03822   0.00000   0.00000   0.04238   0.03916   0.03943   0.00000   0.00299   0.00764   0.00516   0.07173   0.00000   0.00934   0.10001   0.05832   0.01489   0.01787   0.02989   0.02232   0.01218   0.03473   0.48115   0.06745   0.18346   0.35253   0.10532   0.06264   0.11204   0.43178   0.07140   0.30191   0.22854   0.22698   0.37647   0.01842   0.03858   0.04282   0.05075   0.05219   0.04771   0.95717   2.75578   0.29422  
 63 14.8169  10145.757739  x:  0.37755   0.05253   0.09105   0.11421   0.27929   0.05633   0.15251   0.19755   0.19307   0.05805   0.44415   0.11160   0.09057   0.43174   0.12257   0.00000   0.00000   0.15132   0.03824   0.00000   0.00000   0.04242   0.03913   0.03943   0.00000   0.00299   0.00764   0.00517   0.07149   0.00000   0.00934   0.09912   0.05833   0.01489   0.01786   0.02988   0.02232   0.01218   0.03460   0.47971   0.06834   0.18437   0.35264   0.10557   0.06170   0.11303   0.43295   0.07134   0.30135   0.22828   0.22766   0.37571   0.01841   0.03856   0.04281   0.05078   0.05219   0.04771   0.95736   2.75605   0.29425  
 64  4.9660  10145.745251  x:  0.37565   0.05283   0.09102   0.11407   0.28035   0.05590   0.15317   0.19752   0.19336   0.05730   0.44489   0.11256   0.09118   0.43274   0.12247   0.00000   0.00000   0.15146   0.03818   0.00000   0.00000   0.04243   0.03915   0.03944   0.00000   0.00299   0.00762   0.00518   0.07148   0.00000   0.00932   0.10110   0.05828   0.01487   0.01785   0.02987   0.02230   0.01215   0.03443   0.47789   0.06834   0.18517   0.35300   0.10468   0.06212   0.11263   0.43345   0.07135   0.30182   0.22805   0.22933   0.37485   0.01844   0.03856   0.04283   0.05076   0.05224   0.04779   0.95745   2.75664   0.29419  
 65  2.6782  10145.714990  x:  0.37246   0.05224   0.09154   0.11373   0.28138   0.05628   0.15223   0.19666   0.19260   0.05799   0.44644   0.11350   0.09284   0.43503   0.12282   0.00000   0.00000   0.15190   0.03828   0.00000   0.00000   0.04236   0.03915   0.03943   0.00000   0.00300   0.00760   0.00519   0.07161   0.00000   0.00929   0.09844   0.05838   0.01487   0.01779   0.02986   0.02231   0.01214   0.03437   0.47482   0.06713   0.18554   0.35399   0.10365   0.06247   0.11121   0.43341   0.07120   0.30366   0.22737   0.23143   0.37357   0.01843   0.03855   0.04283   0.05075   0.05226   0.04778   0.95765   2.75841   0.29428  
 66  4.0544  10145.555230  x:  0.36426   0.05343   0.09054   0.11421   0.27945   0.05655   0.14846   0.19531   0.19077   0.06641   0.45065   0.10912   0.09130   0.44200   0.12241   0.00000   0.00000   0.15076   0.03821   0.00000   0.00000   0.04242   0.03912   0.03938   0.00000   0.00301   0.00749   0.00522   0.07161   0.00000   0.00917   0.10049   0.05848   0.01487   0.01766   0.02994   0.02245   0.01204   0.03427   0.46772   0.06899   0.18395   0.35795   0.10721   0.06075   0.11533   0.43123   0.07014   0.31061   0.22430   0.22998   0.37111   0.01835   0.03864   0.04272   0.05088   0.05214   0.04754   0.95844   2.76868   0.29518  
 67  5.1705  10145.054195  x:  0.35376   0.05148   0.09037   0.11466   0.27418   0.05553   0.16101   0.20420   0.19331   0.07467   0.45546   0.10472   0.08348   0.45022   0.12363   0.00000   0.00000   0.15064   0.03817   0.00000   0.00000   0.04230   0.03905   0.03926   0.00000   0.00306   0.00707   0.00535   0.07166   0.00000   0.00869   0.09953   0.05866   0.01481   0.01705   0.03006   0.02272   0.01165   0.03487   0.46698   0.06903   0.17984   0.35850   0.10472   0.06368   0.10756   0.42785   0.07602   0.31650   0.22608   0.22227   0.37267   0.01772   0.03874   0.04257   0.05092   0.05223   0.04747   0.95874   2.80139   0.29755  
 68 11.5116  10142.581504  x:  0.34073   0.04323   0.09402   0.10945   0.27679   0.05514   0.14975   0.20504   0.21498   0.07616   0.46598   0.11995   0.09338   0.46494   0.12468   0.00000   0.00000   0.15292   0.03785   0.00000   0.00000   0.04210   0.03876   0.03876   0.00000   0.00330   0.00487   0.00602   0.07166   0.00000   0.00621   0.09985   0.05987   0.01429   0.01383   0.03023   0.02377   0.00955   0.02942   0.50235   0.07019   0.18677   0.34582   0.10338   0.05976   0.11923   0.42875   0.07672   0.30492   0.24397   0.21545   0.38679   0.01716   0.03899   0.04186   0.05224   0.05290   0.04690   0.95528   2.96249   0.30729  
 69 33.9337  10141.800851  x:  0.35374   0.04612   0.08628   0.11756   0.28622   0.05584   0.14865   0.19962   0.21309   0.07815   0.46880   0.11583   0.08862   0.46784   0.12156   0.00000   0.00000   0.15077   0.03755   0.00000   0.00000   0.04175   0.03834   0.03851   0.00000   0.00338   0.00421   0.00622   0.07162   0.00000   0.00551   0.09972   0.06018   0.01418   0.01288   0.03064   0.02425   0.00894   0.03067   0.51449   0.07204   0.19129   0.34713   0.10849   0.06336   0.10795   0.43649   0.06904   0.29867   0.23406   0.22602   0.38576   0.01625   0.03899   0.04149   0.05259   0.05284   0.04638   0.95380   3.01272   0.31025  
 70 54.9872  10141.545389  x:  0.36761   0.04583   0.08967   0.11347   0.28996   0.05534   0.15217   0.20126   0.20768   0.07971   0.47114   0.11388   0.08818   0.46885   0.12380   0.00000   0.00000   0.15230   0.03757   0.00000   0.00000   0.04186   0.03842   0.03850   0.00000   0.00340   0.00397   0.00629   0.07178   0.00000   0.00524   0.09986   0.06045   0.01410   0.01251   0.03059   0.02431   0.00870   0.02921   0.51731   0.07141   0.19020   0.35054   0.10641   0.06155   0.11251   0.44251   0.07511   0.29926   0.22492   0.23339   0.38266   0.01648   0.03905   0.04149   0.05262   0.05294   0.04641   0.95298   3.02918   0.31065  
 71 29.2575  10141.502392  x:  0.37439   0.04537   0.08881   0.11453   0.28746   0.05522   0.15067   0.20401   0.21028   0.07552   0.47380   0.11380   0.09001   0.47000   0.12308   0.00000   0.00000   0.15151   0.03758   0.00000   0.00000   0.04181   0.03840   0.03849   0.00000   0.00341   0.00392   0.00631   0.07175   0.00000   0.00519   0.09980   0.06041   0.01408   0.01243   0.03061   0.02431   0.00865   0.02933   0.51567   0.07075   0.18857   0.35355   0.10598   0.06162   0.11245   0.44553   0.07480   0.30321   0.22541   0.23233   0.37927   0.01646   0.03904   0.04148   0.05260   0.05295   0.04639   0.95244   3.03179   0.31064  
 72  7.6175  10141.497536  x:  0.37579   0.04508   0.08948   0.11400   0.28722   0.05516   0.15094   0.20302   0.21047   0.07504   0.47464   0.11406   0.08945   0.47030   0.12368   0.00000   0.00000   0.15208   0.03754   0.00000   0.00000   0.04183   0.03838   0.03849   0.00000   0.00341   0.00391   0.00631   0.07176   0.00000   0.00519   0.09982   0.06041   0.01407   0.01242   0.03061   0.02431   0.00864   0.02934   0.51501   0.07163   0.18883   0.35380   0.10602   0.06175   0.11214   0.44586   0.07404   0.30386   0.22620   0.23171   0.37885   0.01646   0.03903   0.04148   0.05263   0.05295   0.04641   0.95236   3.03208   0.31059  
 73  3.5600  10141.495894  x:  0.37657   0.04513   0.08923   0.11420   0.28746   0.05524   0.15132   0.20226   0.21037   0.07501   0.47533   0.11433   0.08929   0.47051   0.12332   0.00000   0.00000   0.15191   0.03755   0.00000   0.00000   0.04182   0.03838   0.03849   0.00000   0.00340   0.00391   0.00631   0.07175   0.00000   0.00519   0.09981   0.06041   0.01407   0.01242   0.03061   0.02432   0.00864   0.02940   0.51438   0.07126   0.18905   0.35350   0.10603   0.06168   0.11233   0.44564   0.07440   0.30396   0.22668   0.23132   0.37910   0.01644   0.03903   0.04148   0.05263   0.05296   0.04641   0.95235   3.03220   0.31058  
 74  1.4299  10141.492476  x:  0.37764   0.04522   0.08921   0.11414   0.28811   0.05517   0.15099   0.20316   0.21005   0.07457   0.47674   0.11351   0.08955   0.47102   0.12349   0.00000   0.00000   0.15207   0.03754   0.00000   0.00000   0.04182   0.03838   0.03849   0.00000   0.00340   0.00390   0.00631   0.07176   0.00000   0.00520   0.09981   0.06041   0.01407   0.01240   0.03062   0.02433   0.00863   0.02937   0.51294   0.07134   0.18948   0.35235   0.10602   0.06165   0.11230   0.44458   0.07409   0.30319   0.22680   0.23105   0.38019   0.01647   0.03903   0.04148   0.05262   0.05294   0.04640   0.95235   3.03250   0.31057  
 75  0.8254  10141.475749  x:  0.37840   0.04459   0.08990   0.11355   0.28551   0.05506   0.15113   0.20247   0.21089   0.07376   0.47837   0.11439   0.08947   0.47101   0.12254   0.00000   0.00000   0.15080   0.03756   0.00000   0.00000   0.04184   0.03840   0.03851   0.00000   0.00337   0.00387   0.00634   0.07177   0.00000   0.00526   0.09975   0.06042   0.01409   0.01235   0.03065   0.02442   0.00861   0.02914   0.51134   0.07247   0.18752   0.35209   0.10677   0.06184   0.11184   0.44258   0.07418   0.30097   0.22536   0.23297   0.38160   0.01657   0.03901   0.04151   0.05265   0.05296   0.04647   0.95257   3.03418   0.31061  
 76  0.6320  10141.429302  x:  0.37869   0.04469   0.08796   0.11540   0.28323   0.05520   0.15151   0.20109   0.21165   0.07269   0.47877   0.11474   0.08843   0.46998   0.12557   0.00000   0.00000   0.15324   0.03743   0.00000   0.00000   0.04180   0.03832   0.03855   0.00000   0.00328   0.00377   0.00640   0.07164   0.00000   0.00545   0.09989   0.06037   0.01411   0.01218   0.03081   0.02470   0.00854   0.02988   0.51020   0.07083   0.18544   0.35298   0.10528   0.06128   0.11321   0.44064   0.07313   0.29892   0.22414   0.23419   0.38175   0.01644   0.03891   0.04155   0.05261   0.05297   0.04659   0.95322   3.03888   0.31057  
 77  2.8045  10141.145322  x:  0.37847   0.04506   0.08798   0.11239   0.28515   0.05428   0.15093   0.20033   0.20573   0.07024   0.47215   0.11141   0.08935   0.46131   0.12108   0.00000   0.00000   0.15233   0.03737   0.00000   0.00000   0.04182   0.03837   0.03886   0.00000   0.00273   0.00315   0.00682   0.07177   0.00000   0.00655   0.09986   0.06045   0.01428   0.01114   0.03143   0.02628   0.00812   0.02800   0.50895   0.06938   0.18932   0.35894   0.10279   0.06063   0.11221   0.43937   0.07224   0.29910   0.22560   0.22918   0.37588   0.01762   0.03860   0.04198   0.05252   0.05303   0.04765   0.95719   3.06757   0.31004  
 78  6.7110  10141.120633  x:  0.37863   0.04507   0.08790   0.11231   0.28637   0.05424   0.15094   0.19997   0.20566   0.06944   0.46943   0.11205   0.08903   0.46169   0.12251   0.00000   0.00000   0.15045   0.03735   0.00000   0.00000   0.04182   0.03835   0.03889   0.00000   0.00269   0.00310   0.00686   0.07174   0.00000   0.00665   0.09984   0.06044   0.01430   0.01106   0.03150   0.02642   0.00809   0.02795   0.50852   0.06970   0.18690   0.35315   0.10363   0.06058   0.11226   0.44090   0.07164   0.30294   0.22462   0.22942   0.37564   0.01765   0.03856   0.04202   0.05253   0.05305   0.04777   0.95746   3.07007   0.31005  
 79  5.2529  10141.119144  x:  0.37885   0.04498   0.08791   0.11232   0.28574   0.05423   0.15092   0.20000   0.20581   0.06957   0.46866   0.11204   0.08895   0.46222   0.12175   0.00000   0.00000   0.15139   0.03735   0.00000   0.00000   0.04181   0.03835   0.03889   0.00000   0.00269   0.00310   0.00686   0.07175   0.00000   0.00666   0.09984   0.06044   0.01431   0.01105   0.03151   0.02643   0.00808   0.02796   0.50831   0.06961   0.18737   0.35238   0.10366   0.06056   0.11228   0.44111   0.07160   0.30327   0.22438   0.22965   0.37574   0.01765   0.03856   0.04202   0.05253   0.05305   0.04776   0.95748   3.07022   0.31004  
 80  1.4050  10141.118149  x:  0.37920   0.04497   0.08792   0.11234   0.28545   0.05424   0.15092   0.19998   0.20578   0.06952   0.46749   0.11214   0.08892   0.46343   0.12212   0.00000   0.00000   0.15089   0.03736   0.00000   0.00000   0.04182   0.03836   0.03889   0.00000   0.00270   0.00309   0.00686   0.07175   0.00000   0.00666   0.09984   0.06044   0.01431   0.01105   0.03151   0.02643   0.00809   0.02790   0.50799   0.06953   0.18782   0.35260   0.10356   0.06055   0.11230   0.44104   0.07163   0.30290   0.22445   0.22958   0.37589   0.01766   0.03856   0.04202   0.05253   0.05305   0.04776   0.95748   3.07029   0.31003  
 81  0.3878  10141.115025  x:  0.37946   0.04494   0.08790   0.11226   0.28662   0.05423   0.15091   0.19998   0.20588   0.06930   0.46627   0.11237   0.08889   0.46455   0.12150   0.00000   0.00000   0.15161   0.03736   0.00000   0.00000   0.04181   0.03836   0.03889   0.00000   0.00274   0.00309   0.00688   0.07176   0.00000   0.00666   0.09983   0.06043   0.01432   0.01103   0.03153   0.02642   0.00809   0.02788   0.50760   0.06981   0.18632   0.35324   0.10377   0.06056   0.11228   0.44071   0.07164   0.30237   0.22480   0.22925   0.37598   0.01766   0.03855   0.04202   0.05253   0.05306   0.04777   0.95753   3.07046   0.31000  
 82  0.3680  10141.060095  x:  0.37853   0.04486   0.08778   0.11205   0.28512   0.05414   0.15089   0.19969   0.20492   0.06874   0.46713   0.11192   0.08866   0.46022   0.12183   0.00000   0.00000   0.15083   0.03743   0.00000   0.00000   0.04187   0.03842   0.03895   0.00000   0.00371   0.00305   0.00713   0.07180   0.00000   0.00669   0.09982   0.06042   0.01461   0.01077   0.03186   0.02618   0.00818   0.02775   0.50665   0.06922   0.18745   0.35228   0.10346   0.06037   0.11229   0.44025   0.07124   0.30356   0.22430   0.22930   0.37571   0.01763   0.03846   0.04212   0.05250   0.05310   0.04791   0.95937   3.07370   0.30928  
 83  0.2077  10140.913770  x:  0.37666   0.04404   0.08764   0.11187   0.28498   0.05431   0.15067   0.19986   0.20532   0.06841   0.46553   0.11319   0.08711   0.46130   0.12169   0.00000   0.00000   0.15121   0.03782   0.00000   0.00000   0.04208   0.03867   0.03892   0.00000   0.00318   0.00329   0.00806   0.07198   0.00000   0.00599   0.09964   0.06038   0.01603   0.01010   0.03301   0.02410   0.00900   0.02752   0.50508   0.06919   0.18670   0.35327   0.10407   0.06029   0.11232   0.43688   0.07163   0.30340   0.22431   0.22866   0.37712   0.01688   0.03836   0.04219   0.05244   0.05317   0.04776   0.96008   3.07105   0.30651  
 84  0.0041  10140.833210  x:  0.37824   0.04444   0.08778   0.11220   0.28636   0.05434   0.15063   0.20052   0.20665   0.06993   0.46926   0.11310   0.08805   0.46443   0.12213   0.00000   0.00000   0.15125   0.03757   0.00000   0.00000   0.04195   0.03848   0.03885   0.00000   0.00312   0.00334   0.00880   0.07180   0.00000   0.00638   0.09933   0.06034   0.01713   0.00949   0.03360   0.02581   0.00960   0.02734   0.51000   0.06972   0.18804   0.35264   0.10427   0.06061   0.11215   0.44032   0.07223   0.30393   0.22391   0.22954   0.37609   0.01750   0.03857   0.04201   0.05219   0.05278   0.04758   0.95576   3.06372   0.30707  
 85  0.0070  10140.814727  x:  0.37780   0.04456   0.08775   0.11197   0.28547   0.05425   0.15082   0.19984   0.20612   0.06947   0.46868   0.11233   0.08841   0.46299   0.12188   0.00000   0.00000   0.15108   0.03738   0.00000   0.00000   0.04191   0.03834   0.03888   0.00000   0.00317   0.00316   0.00915   0.07178   0.00000   0.00615   0.09926   0.06062   0.01742   0.00913   0.03312   0.02545   0.00972   0.02746   0.50880   0.06950   0.18757   0.35224   0.10346   0.06050   0.11229   0.43920   0.07175   0.30321   0.22401   0.22902   0.37538   0.01730   0.03849   0.04203   0.05241   0.05295   0.04773   0.95509   3.06079   0.30845  
 86  0.0029  10140.810627  x:  0.37799   0.04466   0.08782   0.11204   0.28563   0.05434   0.15073   0.19993   0.20585   0.06925   0.46787   0.11252   0.08815   0.46258   0.12187   0.00000   0.00000   0.15109   0.03757   0.00000   0.00000   0.04196   0.03850   0.03887   0.00000   0.00318   0.00321   0.00923   0.07182   0.00000   0.00628   0.09925   0.06062   0.01744   0.00926   0.03269   0.02540   0.00986   0.02782   0.50812   0.06953   0.18753   0.35233   0.10372   0.06055   0.11224   0.43875   0.07191   0.30341   0.22388   0.22898   0.37526   0.01734   0.03852   0.04205   0.05248   0.05302   0.04768   0.95416   3.05341   0.30833  
 87  0.0050  10140.809048  x:  0.37787   0.04467   0.08778   0.11207   0.28574   0.05437   0.15071   0.20007   0.20606   0.06939   0.46821   0.11276   0.08808   0.46300   0.12195   0.00000   0.00000   0.15118   0.03761   0.00000   0.00000   0.04197   0.03853   0.03886   0.00000   0.00316   0.00311   0.00930   0.07183   0.00000   0.00628   0.09927   0.06059   0.01734   0.00921   0.03240   0.02542   0.00981   0.02782   0.50850   0.06959   0.18763   0.35240   0.10385   0.06059   0.11221   0.43884   0.07201   0.30345   0.22390   0.22909   0.37546   0.01739   0.03856   0.04203   0.05243   0.05297   0.04764   0.95421   3.05484   0.30812  
 88  0.0010  10140.808082  x:  0.37802   0.04471   0.08777   0.11203   0.28566   0.05433   0.15074   0.19994   0.20598   0.06936   0.46836   0.11257   0.08826   0.46293   0.12191   0.00000   0.00000   0.15113   0.03750   0.00000   0.00000   0.04195   0.03844   0.03888   0.00000   0.00316   0.00316   0.00938   0.07180   0.00000   0.00627   0.09926   0.06058   0.01723   0.00929   0.03227   0.02544   0.00986   0.02779   0.50870   0.06956   0.18764   0.35229   0.10372   0.06057   0.11223   0.43904   0.07191   0.30340   0.22384   0.22903   0.37529   0.01735   0.03853   0.04203   0.05238   0.05293   0.04768   0.95461   3.05727   0.30804  
 89  0.0011  10140.807535  x:  0.37780   0.04453   0.08780   0.11208   0.28570   0.05433   0.15072   0.20001   0.20614   0.06951   0.46828   0.11261   0.08807   0.46310   0.12190   0.00000   0.00000   0.15112   0.03756   0.00000   0.00000   0.04197   0.03848   0.03886   0.00000   0.00317   0.00317   0.00949   0.07182   0.00000   0.00627   0.09926   0.06063   0.01715   0.00928   0.03240   0.02543   0.00988   0.02781   0.50852   0.06958   0.18758   0.35238   0.10377   0.06055   0.11224   0.43881   0.07198   0.30344   0.22391   0.22902   0.37546   0.01735   0.03850   0.04204   0.05246   0.05299   0.04766   0.95441   3.05789   0.30815  
 90  0.0003  10140.807331  x:  0.37793   0.04468   0.08777   0.11203   0.28569   0.05434   0.15072   0.20000   0.20604   0.06940   0.46829   0.11264   0.08817   0.46298   0.12192   0.00000   0.00000   0.15114   0.03755   0.00000   0.00000   0.04195   0.03848   0.03887   0.00000   0.00316   0.00316   0.00951   0.07182   0.00000   0.00628   0.09927   0.06061   0.01706   0.00930   0.03245   0.02542   0.00985   0.02776   0.50859   0.06957   0.18763   0.35234   0.10375   0.06057   0.11222   0.43890   0.07195   0.30344   0.22386   0.22904   0.37533   0.01736   0.03854   0.04203   0.05243   0.05297   0.04768   0.95433   3.05669   0.30815  
 91  0.0006  10140.807318  x:  0.37792   0.04464   0.08778   0.11204   0.28568   0.05434   0.15072   0.19998   0.20604   0.06941   0.46829   0.11262   0.08816   0.46299   0.12191   0.00000   0.00000   0.15113   0.03755   0.00000   0.00000   0.04196   0.03847   0.03887   0.00000   0.00316   0.00316   0.00950   0.07181   0.00000   0.00627   0.09927   0.06061   0.01706   0.00930   0.03246   0.02542   0.00984   0.02779   0.50861   0.06957   0.18762   0.35232   0.10375   0.06057   0.11223   0.43887   0.07195   0.30342   0.22385   0.22902   0.37533   0.01736   0.03853   0.04203   0.05242   0.05296   0.04767   0.95430   3.05640   0.30813  
 92  0.0002  10140.807314  x:  0.37792   0.04465   0.08778   0.11204   0.28569   0.05434   0.15072   0.19999   0.20605   0.06942   0.46828   0.11262   0.08816   0.46300   0.12191   0.00000   0.00000   0.15113   0.03755   0.00000   0.00000   0.04196   0.03847   0.03887   0.00000   0.00316   0.00316   0.00951   0.07181   0.00000   0.00627   0.09927   0.06061   0.01706   0.00931   0.03246   0.02543   0.00983   0.02777   0.50860   0.06958   0.18762   0.35233   0.10374   0.06057   0.11223   0.43886   0.07196   0.30342   0.22385   0.22902   0.37532   0.01735   0.03853   0.04203   0.05242   0.05296   0.04767   0.95426   3.05631   0.30812  
 93  0.0000  10140.807311  x:  0.37793   0.04464   0.08778   0.11204   0.28569   0.05434   0.15072   0.19999   0.20605   0.06941   0.46829   0.11263   0.08816   0.46299   0.12191   0.00000   0.00000   0.15113   0.03754   0.00000   0.00000   0.04196   0.03847   0.03887   0.00000   0.00316   0.00316   0.00951   0.07182   0.00000   0.00627   0.09927   0.06060   0.01707   0.00931   0.03245   0.02543   0.00982   0.02778   0.50860   0.06957   0.18763   0.35233   0.10375   0.06057   0.11223   0.43888   0.07195   0.30343   0.22385   0.22903   0.37532   0.01736   0.03853   0.04203   0.05242   0.05296   0.04767   0.95428   3.05639   0.30813  
 94  0.0000  10140.807310  x:  0.37792   0.04464   0.08778   0.11204   0.28569   0.05434   0.15072   0.19999   0.20605   0.06941   0.46829   0.11262   0.08816   0.46299   0.12191   0.00000   0.00000   0.15113   0.03755   0.00000   0.00000   0.04196   0.03847   0.03887   0.00000   0.00316   0.00316   0.00951   0.07181   0.00000   0.00627   0.09927   0.06060   0.01707   0.00931   0.03245   0.02543   0.00982   0.02778   0.50860   0.06957   0.18762   0.35233   0.10375   0.06057   0.11223   0.43887   0.07195   0.30342   0.22385   0.22902   0.37533   0.01736   0.03853   0.04203   0.05242   0.05296   0.04767   0.95428   3.05639   0.30813  
 95  0.0000  10140.807310  x:  0.37792   0.04464   0.08778   0.11204   0.28569   0.05434   0.15072   0.19999   0.20605   0.06941   0.46829   0.11262   0.08816   0.46299   0.12191   0.00000   0.00000   0.15113   0.03755   0.00000   0.00000   0.04196   0.03847   0.03887   0.00000   0.00316   0.00316   0.00951   0.07181   0.00000   0.00627   0.09927   0.06060   0.01707   0.00931   0.03245   0.02543   0.00982   0.02778   0.50861   0.06957   0.18762   0.35233   0.10375   0.06057   0.11223   0.43887   0.07195   0.30342   0.22385   0.22902   0.37532   0.01736   0.03853   0.04203   0.05242   0.05296   0.04767   0.95428   3.05639   0.30813  
 96  0.0000  10140.807310  x:  0.37792   0.04464   0.08778   0.11204   0.28569   0.05434   0.15072   0.19999   0.20605   0.06941   0.46829   0.11262   0.08816   0.46299   0.12191   0.00000   0.00000   0.15113   0.03755   0.00000   0.00000   0.04196   0.03847   0.03887   0.00000   0.00316   0.00316   0.00951   0.07181   0.00000   0.00627   0.09927   0.06060   0.01707   0.00931   0.03245   0.02543   0.00982   0.02778   0.50861   0.06957   0.18762   0.35233   0.10375   0.06057   0.11223   0.43887   0.07195   0.30342   0.22385   0.22902   0.37532   0.01736   0.03853   0.04203   0.05242   0.05296   0.04767   0.95428   3.05639   0.30813  
 97  0.0000  10140.807310  x:  0.37792   0.04464   0.08778   0.11204   0.28569   0.05434   0.15072   0.19999   0.20605   0.06941   0.46829   0.11262   0.08816   0.46299   0.12191   0.00000   0.00000   0.15113   0.03755   0.00000   0.00000   0.04196   0.03847   0.03887   0.00000   0.00316   0.00316   0.00951   0.07181   0.00000   0.00627   0.09927   0.06060   0.01707   0.00931   0.03245   0.02543   0.00982   0.02778   0.50861   0.06957   0.18762   0.35233   0.10375   0.06057   0.11223   0.43887   0.07195   0.30342   0.22385   0.22902   0.37532   0.01736   0.03853   0.04203   0.05242   0.05296   0.04767   0.95428   3.05639   0.30813  